#TXnode RXnode MCS CHANNEL TXPOWER FPS SIZE Vmu Vsd Verr Imu Isd Ierr Pmu Perr loss status
node-1 node-2 24 44 15 1200 1447 19.47920794515333333333 .12666874073142960498 .002 .47439674783666666666 .14623511230556430122 .00047169811320754716 9.24087289961489973018 .00923716241767612582 2 OK|1190+/-1
node-1 node-2 24 44 15 1200 1122 19.47895082885333333333 .12528775692026648507 .002 .46643423328333333333 .14730235628802029526 .00047169811320754716 9.08564949501995487093 .00923541960524268436 1 OK|1190+/-2
node-1 node-2 24 44 15 1200 97 19.47755389665333333333 .11889092032077362071 .002 .42702705462333333333 .14352673585828429223 .00047169811320754716 8.31744247175510198812 .00922713562373850176 1 OK|1190+/-2
node-1 node-2 24 44 15 1200 997 19.47872980614666666666 .12498580238682158070 .002 .46284842600666666666 .14741377724811529128 .00047169811320754716 9.01569943138412799038 .00923459422687878094 2 OK|1190+/-8
node-1 node-2 24 44 15 1200 947 19.47847593532666666666 .12419719035903539424 .002 .46305561284333333333 .14708682575064074843 .00047169811320754716 9.01961761148681009197 .00923451662718019529 1 OK|1190+/-7
node-1 node-2 24 44 15 1200 1047 19.47858778508000000000 .12507910317672266701 .002 .46457791394000000000 .14685944585945915300 .00047169811320754716 9.04932167968963145601 .00923487495267953208 2 OK|1190+/-2
node-1 node-2 24 44 15 1200 222 19.47762786345333333333 .11974515515325833256 .002 .43314991276666666666 .14452102944319981586 .00047169811320754716 8.43673280995640737795 .00922831186576415014 1 OK|1190+/-2
node-1 node-2 24 44 15 1200 797 19.47834418071333333333 .12394553368048792729 .002 .45796739191000000000 .14791633741621888641 .00047169811320754716 8.92044648316661099002 .00923343976171841227 2 OK|1190+/-8
node-1 node-2 24 44 15 1200 1022 19.47867082921333333333 .12464955663215613920 .002 .46406397776333333333 .14703630768642958680 .00047169811320754716 9.03934946654734598099 .00923481056458745124 2 OK|1190+/-1
node-1 node-2 24 44 15 1200 972 19.47877337614000000000 .12433012186421313055 .002 .46400475901666666666 .14665599917207184457 .00047169811320754716 9.03824354633610327306 .00923484678833192987 1 OK|1190+/-2
node-1 node-2 24 44 15 1200 422 19.47806580510666666666 .12125861434644460198 .002 .44231204918666666666 .14641077340143721138 .00047169811320754716 8.61538320044947001371 .00923025569557647736 1 OK|1190+/-1
node-1 node-2 24 44 15 1200 297 19.47780220374000000000 .12005478736132415440 .002 .43683323372000000000 .14555892169745833679 .00047169811320754716 8.50855132241828647811 .00922908818374312858 0 OK|1190+/-1
node-1 node-2 24 44 15 1200 1347 19.47899842419333333333 .12598750690634563179 .002 .47323453188000000000 .14565931426369559917 .00047169811320754716 9.21813470076438976661 .00923682564300301004 0 OK|1190+/-1
node-1 node-2 24 44 15 1200 197 19.47741060964000000000 .12008226582499775857 .002 .43251222472333333333 .14449090489350807543 .00047169811320754716 8.42421819462525258026 .00922809020129223921 0 OK|1190+/-1
node-1 node-2 24 44 15 1200 822 19.47837443615333333333 .12374562274377319464 .002 .46039192442333333333 .14765727679783015919 .00047169811320754716 8.96768629129889347025 .00923393623816715121 2 OK|1190+/-1
node-1 node-2 24 44 15 1200 697 19.47848432539333333333 .12298994212796259369 .002 .45454144047000000000 .14763468553197569384 .00047169811320754716 8.85377832343660193266 .00923282837184301016 2 OK|1190+/-2
node-1 node-2 24 44 15 1200 1297 19.47884101634000000000 .12583691362330300120 .002 .47238733470000000000 .14571112631094652244 .00047169811320754716 9.20155779075389174899 .00923657831785847036 1 OK|1190+/-1
node-1 node-2 24 44 15 1200 1147 19.47902731914000000000 .12503983272305861902 .002 .46836175542666666666 .14634033963778167642 .00047169811320754716 9.12323142919640714673 .00923584569335200077 0 OK|1190+/-1
node-1 node-2 24 44 15 1200 622 19.47835069606000000000 .12261396983840041046 .002 .45150561977666666666 .14739463226549391255 .00047169811320754716 8.79458480325183686828 .00923216979251073566 0 OK|1190+/-1
node-1 node-2 24 44 15 1200 1222 19.47893655715333333333 .12508920956586559041 .002 .47190248427666666666 .14629802478918581363 .00047169811320754716 9.19215855238823841622 .00923652401172633611 2 OK|1190+/-2
node-1 node-2 24 44 15 1200 922 19.47848602014666666666 .12401053553191939917 .002 .46188680676333333333 .14722610827021938536 .00047169811320754716 8.99685570842977318019 .00923428721875580118 1 OK|1190+/-2
node-1 node-2 24 44 15 1200 497 19.47816893792000000000 .12156811017344922878 .002 .44606197972333333333 .14671393635881233208 .00047169811320754716 8.68847059783413220871 .00923102591787317862 1 OK|1190+/-1
node-1 node-2 24 44 15 1200 1172 19.47874413692666666666 .12515448327496429386 .002 .46912970214000000000 .14653485933928788092 .00047169811320754716 9.13805743501767850835 .00923586870858629247 0 OK|1190+/-1
node-1 node-2 24 44 15 1200 1372 19.47913615132666666666 .12606778785833185710 .002 .47448649184000000000 .14558647851401597034 .00047169811320754716 9.24258697651670942850 .00923714716965285824 1 OK
node-1 node-2 24 44 15 1200 597 19.47835697652666666666 .12220108813735067899 .002 .45097473162666666666 .14734047733614654799 .00047169811320754716 8.78424681001752385281 .00923206894749416069 0 OK|1190+/-8
node-1 node-2 24 44 15 1200 322 19.47769266492000000000 .12056937918979509877 .002 .43818956148666666666 .14546396135585021197 .00047169811320754716 8.53492160761335866358 .00922929393504968775 0 OK|1190+/-1
node-1 node-2 24 44 15 1200 1322 19.47900468797333333333 .12592693562093836491 .002 .47337689681666666666 .14565968982314124703 .00047169811320754716 9.22091079227011889248 .00923685776179028427 0 OK|1190+/-1
node-1 node-2 24 44 15 1200 447 19.47800370357333333333 .12127832468451925383 .002 .44363368770000000000 .14641983085266065980 .00047169811320754716 8.64109861205049553404 .00923048024367419032 1 OK|1190+/-2
node-1 node-2 24 44 15 1200 747 19.47843737661333333333 .12334573107022939535 .002 .45652212199000000000 .14719617235554987596 .00047169811320754716 8.89233756422084773305 .00923319722006119503 1 OK|1190+/-2
node-1 node-2 24 44 15 1200 147 19.47746234876000000000 .11908646081118802638 .002 .43018090483333333333 .14385034192930345815 .00047169811320754716 8.37883237704675870294 .00922767860046598231 0 OK|1190+/-1
node-1 node-2 24 44 15 1200 1422 19.47899496036000000000 .12631790865551165255 .002 .47550715580000000000 .14549510092236496923 .00047169811320754716 9.26240149144331734408 .00923729086185620929 0 OK|1190+/-2
node-1 node-2 24 44 15 1200 397 19.47803768804666666666 .12102329144612913435 .002 .44161607123333333333 .14573175197686755306 .00047169811320754716 8.60181447912996805845 .00923010919315642061 1 OK|1190+/-2
node-1 node-2 24 44 15 1200 1197 19.47913282881333333333 .12498883206388274792 .002 .46992277985000000000 .14640158709111538624 .00047169811320754716 9.15368824798335577674 .00923621237228848479 0 OK|1190+/-1
node-1 node-2 24 44 15 1200 122 19.47771107484000000000 .11860990335089714590 .002 .42900314026333333333 .14333418682632017754 .00047169811320754716 8.35599921624826558057 .00922757609118189065 0 OK|1190+/-1
node-1 node-2 24 44 15 1200 172 19.47742248350666666666 .11953852373686394685 .002 .43190126917000000000 .14375499793401263699 .00047169811320754716 8.41232349078682272548 .00922798131803626106 0 OK|1190+/-1
node-1 node-2 24 44 15 1200 72 19.47753829456000000000 .11840717454159306199 .002 .42683064819000000000 .14292283711439894474 .00047169811320754716 8.31361029541259195084 .00922709194576233373 1 OK|1191+/-8
node-1 node-2 24 44 15 1200 472 19.47805989264000000000 .12126564695008272580 .002 .44525502000000000000 .14656931710519084263 .00047169811320754716 8.67270394705862105280 .00923081888534994223 0 OK|1190+/-8
node-1 node-2 24 44 15 1200 672 19.47823681793333333333 .12301858105548148481 .002 .45388408706333333333 .14735158642619988555 .00047169811320754716 8.84086173571107789193 .00923258283274133371 2 OK|1190+/-2
node-1 node-2 24 44 15 1200 897 19.47869878488666666666 .12413494901241170590 .002 .46142037109666666666 .14712752777339975510 .00047169811320754716 8.98786842180259580869 .00923429380172934772 1 OK|1190+/-2
node-1 node-2 24 44 15 1200 1397 19.47900979174000000000 .12601939878512644419 .002 .47523870574666666666 .14545380958550238246 .00047169811320754716 9.25717940265316460773 .00923724256018133476 0 OK|1190+/-1
node-1 node-2 24 44 15 1200 1272 19.47869854649333333333 .12589304849236982675 .002 .47223640417666666666 .14561579527472754969 .00047169811320754716 9.19855055963727528638 .00923648059601349511 0 OK|1190+/-1
node-1 node-2 24 44 15 1200 647 19.47821102015333333333 .12260907859478459807 .002 .45296107402666666666 .14685279148095830190 .00047169811320754716 8.82287138380670847175 .00923238940006618492 1 OK|1190+/-2
node-1 node-2 24 44 15 1200 522 19.47821532865333333333 .12158290807372078641 .002 .44741094407000000000 .14661937016366683260 .00047169811320754716 8.71476670899153318841 .00923130882663467120 2 OK|1190+/-2
node-1 node-2 24 44 15 1200 872 19.47860949815333333333 .12379150370092331865 .002 .46073849682666666666 .14727849283500915304 .00047169811320754716 8.97454526045279876239 .00923411570734475418 0 OK|1190+/-1
node-1 node-2 24 44 15 1200 1072 19.47878541586666666666 .12484850100772963557 .002 .46668253514333333333 .14662698384142241408 .00047169811320754716 9.09040895938964446487 .00923539215482769199 2 OK|1190+/-8
node-1 node-2 24 44 15 1200 847 19.47844229962666666666 .12387602083874847592 .002 .45989785993666666666 .14722220655730283181 .00047169811320754716 8.95809392849814811982 .00923386960875140688 3 OK|1190+/-2
node-1 node-2 24 44 15 1200 372 19.47783718765333333333 .12063381361490814255 .002 .44063048506333333333 .14555159439321513289 .00047169811320754716 8.58252884798032063368 .00922982663601230052 0 OK|1190+/-3
node-1 node-2 24 44 15 1200 772 19.47838499396666666666 .12343736972027464232 .002 .45797339210333333333 .14735623353480856457 .00047169811320754716 8.92058204838158031757 .00923346010871440923 2 OK|1190+/-0
node-1 node-2 24 44 15 1200 572 19.47809662504666666666 .12207260804425293243 .002 .44968262652000000000 .14688858904035452760 .00047169811320754716 8.75896164996133268423 .00923169461188043741 0 OK|1190+/-8
node-1 node-2 24 44 15 1200 272 19.47773176261333333333 .11994917290129457124 .002 .43610009522333333333 .14476973506383703871 .00047169811320754716 8.49424067641021887518 .00922891641665919358 1 OK|1190+/-1
node-1 node-2 24 44 15 1200 1247 19.47896864033333333333 .12540550046031922582 .002 .47150961328333333333 .14607005389973083432 .00047169811320754716 9.18452097076174730569 .00923645881073442507 3 OK|1190+/-2
node-1 node-2 24 44 15 1200 1097 19.47869754527333333333 .12489108607861594154 .002 .46738728319333333333 .14641549464046396104 .00047169811320754716 9.10409552582995428437 .00923549347497021731 2 OK|1190+/-2
node-1 node-2 24 44 15 1200 247 19.47781210058000000000 .11984000391389801102 .002 .43526131130333333333 .14482863969861879521 .00047169811320754716 8.47793803621838433082 .00922879575162407253 0 OK|1190+/-1
node-1 node-2 24 44 15 1200 1472 19.47908936793333333333 .12625860699648147432 .002 .47642161682333333333 .14536964361431136658 .00047169811320754716 9.28025925091700082646 .00923752362982348695 0 OK|1190+/-1
node-1 node-2 24 44 15 1200 347 19.47775780404666666666 .12049828308027576734 .002 .43943143035666666666 .14520674588791499276 .00047169811320754716 8.55913897197295347004 .00922956069903325788 1 OK|1190+/-2
node-1 node-2 24 44 15 1200 722 19.47807791648666666666 .12330259379347983874 .002 .45599657313666666666 .14739956598666355825 .00047169811320754716 8.88193678120690418198 .00923292461179260468 0 OK|1190+/-1
node-1 node-2 24 44 15 1200 547 19.47795469135333333333 .12191740447061518734 .002 .44845629566666666666 .14649054309133848838 .00047169811320754716 8.73501140804748753000 .00923138935958971400 2 OK|1190+/-4
node-1 node-2 12 44 15 600 1447 19.47841262141333333333 .12334813667677350678 .002 .45839906694000000000 .14476621998725703078 .00047169811320754716 8.92888617112819146407 .00923355756773349629 0 OK|590+/-1
node-1 node-2 12 44 15 600 1122 19.47819718397333333333 .12183485175601849042 .002 .44888161830333333333 .14507878886624728543 .00047169811320754716 8.74340467357338001459 .00923158588739500652 0 OK|590+/-1
node-1 node-2 12 44 15 600 97 19.47710325436666666666 .11685535082590706830 .002 .41633278161666666666 .14096953450785435547 .00047169811320754716 8.10895657572550506709 .00922496880488770704 1 OK|590+/-4
node-1 node-2 12 44 15 600 997 19.47811892690000000000 .12148698335054748477 .002 .44530417761000000000 .14544220709454869170 .00047169811320754716 8.67368773013298020670 .00923085608691457230 1 OK|590+/-1
node-1 node-2 12 44 15 600 947 19.47783795453333333333 .12114735912519434474 .002 .44409287677666666666 .14517241104856708110 .00047169811320754716 8.64996909061845271575 .00923049074606545878 1 OK|590+/-4
node-1 node-2 12 44 15 600 1047 19.47801253683333333333 .12164021221604817851 .002 .44686148965333333333 .14535420415070931328 .00047169811320754716 8.70397369769564553549 .00923110716333706202 0 OK|590+/-1
node-1 node-2 12 44 15 600 222 19.47725996565333333333 .11778797393877597795 .002 .42307644542000000000 .14241030552513218156 .00047169811320754716 8.24036991278988355463 .00922626958695199573 0 OK|590+/-1
node-1 node-2 12 44 15 600 797 19.47774344277333333333 .12063958540537734444 .002 .44003194756666666666 .14510379781749380848 .00047169811320754716 8.57082938132742089712 .00922966839878088198 1 OK|590+/-1
node-1 node-2 12 44 15 600 1022 19.47803287736000000000 .12152421537853656922 .002 .44617599722666666666 .14542501511170492720 .00047169811320754716 8.69063074306989751332 .00923098407996480026 1 OK|590+/-1
node-1 node-2 12 44 15 600 972 19.47783309362666666666 .12135226054647549568 .002 .44466550095666666666 .14501799649131263456 .00047169811320754716 8.66112041012784220610 .00923059873350283437 0 OK|590+/-1
node-1 node-2 12 44 15 600 422 19.47746154294000000000 .11923960539029323817 .002 .42888506960333333333 .14395971237122746509 .00047169811320754716 8.35359244954007016036 .00922743694301328455 1 OK|590+/-1
node-1 node-2 12 44 15 600 297 19.47736629518000000000 .11803300957257227354 .002 .42637968670333333333 .14306954129517854821 .00047169811320754716 8.30475333874491267435 .00922692776186560539 1 OK|590+/-2
node-1 node-2 12 44 15 600 1347 19.47837412885333333333 .12296879970775829025 .002 .45555266335666666666 .14473319675979089497 .00047169811320754716 8.87342521225672790891 .00923297599948019089 1 OK|590+/-1
node-1 node-2 12 44 15 600 197 19.47721605310666666666 .11794888428365672989 .002 .42075610441333333333 .14240646061274590929 .00047169811320754716 8.19515755132200079830 .00922582451433125135 0 OK|590+/-1
node-1 node-2 12 44 15 600 822 19.47763981136666666666 .12102814356030389694 .002 .44052859151666666666 .14502993737599245171 .00047169811320754716 8.58045723217031068677 .00922971450384819757 0 OK|590+/-1
node-1 node-2 12 44 15 600 697 19.47769059219333333333 .12015902613046196976 .002 .43686788362666666666 .14485047129512792386 .00047169811320754716 8.50917746694653729768 .00922904233373657572 0 OK|590+/-2
node-1 node-2 12 44 15 600 1297 19.47805411239333333333 .12286716761727607827 .002 .45554310030333333333 .14455897808053177040 .00047169811320754716 8.87309315823575056669 .00923282389771841039 0 OK|590+/-1
node-1 node-2 12 44 15 600 1147 19.47817269234666666666 .12195593866137332145 .002 .44982670877666666666 .14522925917187273526 .00047169811320754716 8.76180231518184531902 .00923175839976218940 0 OK|590+/-1
node-1 node-2 12 44 15 600 622 19.47768592116666666666 .11988844638503901319 .002 .43486358052000000000 .14440116594513551309 .00047169811320754716 8.47013623992253112233 .00922866149857497861 0 OK|590+/-2
node-1 node-2 12 44 15 600 1222 19.47817580750666666666 .12259058796194261323 .002 .45216556442666666666 .14542981936139674477 .00047169811320754716 8.80736035800309571149 .00923221688826224012 0 OK|590+/-1
node-1 node-2 12 44 15 600 922 19.47779721019333333333 .12129710030096673131 .002 .44354222286333333333 .14546138650573110943 .00047169811320754716 8.63922547109038370765 .00923036570991810540 0 OK|590+/-1
node-1 node-2 12 44 15 600 497 19.47758838989333333333 .11921826961116091224 .002 .43280019889333333333 .14416909916363823080 .00047169811320754716 8.42990412910831482711 .00922822769634636290 1 OK|590+/-1
node-1 node-2 12 44 15 600 1172 19.47785363115333333333 .12215708612855701569 .002 .45061950073333333333 .14525941275237453612 .00047169811320754716 8.77710067862725881944 .00923176327127847554 0 OK|590+/-4
node-1 node-2 12 44 15 600 1372 19.47815159915333333333 .12320770890752665379 .002 .45655581496000000000 .14479837969206047603 .00047169811320754716 8.89286337726587734599 .00923306974402804237 1 OK|590+/-4
node-1 node-2 12 44 15 600 597 19.47739123555333333333 .11981039927861462126 .002 .43424985694333333333 .14487626099007569870 .00047169811320754716 8.45805435766836947912 .00922840751673540043 1 OK|590+/-1
node-1 node-2 12 44 15 600 322 19.47739779388666666666 .11876857186165007297 .002 .42635366012000000000 .14382620494496225314 .00047169811320754716 8.30425983903679369379 .00922693774551693071 1 OK|590+/-1
node-1 node-2 12 44 15 600 1322 19.47835417253333333333 .12250771001756043790 .002 .45614884339333333333 .14458402327386273559 .00047169811320754716 8.88502872700678835339 .00923308436990541909 0 OK|590+/-1
node-1 node-2 12 44 15 600 447 19.47752403307333333333 .11908691840986778737 .002 .42984870299666666666 .14434651132535632462 .00047169811320754716 8.37238844320297635697 .00922764564694190345 1 OK|590+/-1
node-1 node-2 12 44 15 600 747 19.47771848125333333333 .12040562956410043890 .002 .43832775137000000000 .14496586187532737174 .00047169811320754716 8.53762454370566509931 .00922933230559279732 0 OK|590+/-1
node-1 node-2 12 44 15 600 147 19.47719074462000000000 .11735247310710196059 .002 .41846240924000000000 .14165338552958604077 .00047169811320754716 8.15047216422071476828 .00922539532847481392 1 OK|590+/-1
node-1 node-2 12 44 15 600 1422 19.47806773028000000000 .12332961011954217063 .002 .45783033875000000000 .14488318298034437561 .00047169811320754716 8.91765034714953603235 .00923328281671548930 0 OK|590+/-1
node-1 node-2 12 44 15 600 397 19.47743071000666666666 .11858463687840780250 .002 .42977107872666666666 .14400453306916798929 .00047169811320754716 8.37083640706347016965 .00922758735552013942 0 OK|590+/-1
node-1 node-2 12 44 15 600 1197 19.47788916598666666666 .12240206707182236119 .002 .45136833524666666666 .14510054196042935652 .00047169811320754716 8.79170240697048635967 .00923192628099789691 0 OK|590+/-3
node-1 node-2 12 44 15 600 122 19.47700517834666666666 .11694712376068616015 .002 .41756504429333333333 .14123316014186723903 .00047169811320754716 8.13291652999780856616 .00922514551245658780 0 OK|590+/-3
node-1 node-2 12 44 15 600 172 19.47724408051333333333 .11760712386204171292 .002 .41979633008333333333 .14187683546661115079 .00047169811320754716 8.17647558513682552270 .00922566279079695498 0 OK|590+/-1
node-1 node-2 12 44 15 600 72 19.47721152650666666666 .11674930799443752874 .002 .41521000308333333333 .14048723802687020304 .00047169811320754716 8.08713305797556860666 .00922481725156425632 0 OK|590+/-1
node-1 node-2 12 44 15 600 472 19.47760809453333333333 .11889249769290977276 .002 .43203711643000000000 .14424541235679066587 .00047169811320754716 8.41504963611580817984 .00922809392218986033 0 OK|590+/-4
node-1 node-2 12 44 15 600 672 19.47772118946000000000 .11982260285846171473 .002 .43633685583333333333 .14500763322043839889 .00047169811320754716 8.49884762260726987278 .00922895621493173408 0 OK|590+/-4
node-1 node-2 12 44 15 600 897 19.47779757670000000000 .12128905770812969833 .002 .44260719238666666666 .14511806044883065759 .00047169811320754716 8.62101329929900668926 .00923018634745361844 0 OK|590+/-1
node-1 node-2 12 44 15 600 1397 19.47843071416666666666 .12299474035228964643 .002 .45725820567000000000 .14479195754537570050 .00047169811320754716 8.90667227762726664932 .00923333978744850047 1 OK|590+/-1
node-1 node-2 12 44 15 600 1272 19.47827725477333333333 .12267149673336657613 .002 .45352986508000000000 .14507433041624380466 .00047169811320754716 8.83398045534818265264 .00923253218556947734 1 OK|590+/-1
node-1 node-2 12 44 15 600 647 19.47748767085333333333 .11996273071214524299 .002 .43706187794000000000 .14415892990336780024 .00047169811320754716 8.51286733897635446897 .00922898378632916496 1 OK|590+/-2
node-1 node-2 12 44 15 600 522 19.47750330562000000000 .11950179053428172830 .002 .43211290106333333333 .14436283205885843607 .00047169811320754716 8.41648045886212301291 .00922805890414476819 1 OK|590+/-1
node-1 node-2 12 44 15 600 872 19.47779756223333333333 .12108686353459526218 .002 .44190475609666666666 .14497147615390370981 .00047169811320754716 8.60733138103896974595 .00923005171329835399 1 OK|590+/-1
node-1 node-2 12 44 15 600 1072 19.47802648026000000000 .12148144050033781649 .002 .44787956283000000000 .14513024537233841240 .00047169811320754716 8.72380998477001242473 .00923131106429046566 1 OK|590+/-1
node-1 node-2 12 44 15 600 847 19.47785997214000000000 .12094883344521956574 .002 .44129942121666666666 .14466729968883894502 .00047169811320754716 8.59556833224466112477 .00922996516987122275 0 OK|590+/-4
node-1 node-2 12 44 15 600 372 19.47770078474000000000 .11856179927976665950 .002 .42938157607333333333 .14368050018148148432 .00047169811320754716 8.36336586123646267438 .00922764166527471904 0 OK|590+/-1
node-1 node-2 12 44 15 600 772 19.47767186123333333333 .12050274531695079551 .002 .43919598837666666666 .14487704505903213772 .00047169811320754716 8.55451534437076246613 .00922947551708794988 0 OK|590+/-1
node-1 node-2 12 44 15 600 572 19.47753444542666666666 .11957810707145163305 .002 .43339345983666666666 .14439623932677991534 .00047169811320754716 8.44143604239131361671 .00922831373374831844 0 OK|590+/-2
node-1 node-2 12 44 15 600 272 19.47760258154666666666 .11813390562701214798 .002 .42419464777666666666 .14307149901060822110 .00047169811320754716 8.26229476661308165222 .00922663588583964984 1 OK|590+/-1
node-1 node-2 12 44 15 600 1247 19.47805184138000000000 .12245203085912536812 .002 .45263584071333333333 .14474538140870701001 .00047169811320754716 8.81646437068092670598 .00923225087365359510 1 OK|590+/-1
node-1 node-2 12 44 15 600 1097 19.47793480408666666666 .12172378584965644749 .002 .44993037984333333333 .14507568195214098424 .00047169811320754716 8.76371460496639636689 .00923166693088502299 0 OK|590+/-1
node-1 node-2 12 44 15 600 247 19.47725476870000000000 .11813154217501362349 .002 .42305097062000000000 .14286248703949510615 .00047169811320754716 8.23987153491155859559 .00922626247337576018 0 OK|590+/-4
node-1 node-2 12 44 15 600 1472 19.47812366541333333333 .12346455191688616236 .002 .45939970226666666666 .14439439059891307391 .00047169811320754716 8.94824421260419935080 .00923362086469126259 0 OK|590+/-4
node-1 node-2 12 44 15 600 347 19.47742542416666666666 .11883584874021910788 .002 .42738561220666666666 .14394011769224615251 .00047169811320754716 8.32437138911716501086 .00922714168715323347 0 OK|590+/-4
node-1 node-2 12 44 15 600 722 19.47796568518666666666 .12039982317718877318 .002 .43786771090666666666 .14462770620666173163 .00047169811320754716 8.52877224769128887696 .00922936103593611078 1 OK|590+/-1
node-1 node-2 12 44 15 600 547 19.47751191888000000000 .11927099186071452721 .002 .43305278076666666666 .14439294152183896776 .00047169811320754716 8.43479069888687762407 .00922823918199333246 0 OK|590+/-1
node-1 node-2 48 44 15 2400 1447 19.47989854555333333333 .12926380243348863919 .002 .49586202701333333333 .14727641444135735279 .00047169811320754716 9.65934197881215968381 .00924199455798464858 235 OK|2386+/-8
node-1 node-2 48 44 15 2400 1122 19.47937685002000000000 .12777996161617462870 .002 .48617007643333333333 .14672344624055743245 .00047169811320754716 9.47029013204792730313 .00923968992529827593 3 OK|2390+/-6
node-1 node-2 48 44 15 2400 97 19.47831072722666666666 .12222819750643258835 .002 .45236050387000000000 .14417273398393954421 .00047169811320754716 8.81121845510468106103 .00923231842161444732 2 OK|2393+/-2
node-1 node-2 48 44 15 2400 997 19.47924969211333333333 .12693487423668431740 .002 .48283217342333333333 .14653382667894366290 .00047169811320754716 9.40520846549887739853 .00923893012939217167 1 OK|2387+/-8
node-1 node-2 48 44 15 2400 947 19.47909612718666666666 .12721711277202420344 .002 .48152993845000000000 .14685814915781529459 .00047169811320754716 9.37976795918582897165 .00923858622844620582 2 OK
node-1 node-2 48 44 15 2400 1047 19.47926787893333333333 .12735262750220814313 .002 .48435460513000000000 .14650110670097112402 .00047169811320754716 9.43487310172224731225 .00923925740991670390 2 OK|2392+/-5
node-1 node-2 48 44 15 2400 222 19.47851405896000000000 .12350666663766774257 .002 .45906857016000000000 .14462767697944142969 .00047169811320754716 8.94197359788822513663 .00923373822432893751 1 OK|2393+/-3
node-1 node-2 48 44 15 2400 797 19.47907884732000000000 .12615403566015043111 .002 .47762608651000000000 .14604483661575647464 .00047169811320754716 9.30371619866517340165 .00923776748480737796 1 OK|2391+/-4
node-1 node-2 48 44 15 2400 1022 19.47933390483333333333 .12740505879827653558 .002 .48378822287666666666 .14675513040230551786 .00047169811320754716 9.42387233264051826277 .00923916968457238477 2 OK
node-1 node-2 48 44 15 2400 972 19.47916144080666666666 .12681178096496101110 .002 .48227263327333333333 .14643374339637576102 .00047169811320754716 9.39426648201420890437 .00923877182829076312 2 OK
node-1 node-2 48 44 15 2400 422 19.47854777647333333333 .12451453380492987530 .002 .46617718199000000000 .14429219416166191070 .00047169811320754716 9.08045451169391895371 .00923517854226194048 2 OK|2391+/-5
node-1 node-2 48 44 15 2400 297 19.47872785961333333333 .12340615329187943661 .002 .46195385235000000000 .14409367258470903898 .00047169811320754716 8.99827337362564931475 .00923441413666992032 3 OK|2393+/-2
node-1 node-2 48 44 15 2400 1347 19.47942602036000000000 .12873063550308419972 .002 .49277072457000000000 .14681310964529386120 .00047169811320754716 9.59889087426050877224 .00924111155186225527 2 OK|2390+/-5
node-1 node-2 48 44 15 2400 197 19.47854706837333333333 .12332722983985990617 .002 .45825093508666666666 .14417948239817652688 .00047169811320754716 8.92606240821172967486 .00923359126167606847 1 OK|2392+/-4
node-1 node-2 48 44 15 2400 822 19.47897090220000000000 .12621264612216230826 .002 .47840424675666666666 .14624404001388862212 .00047169811320754716 9.31882240206201872373 .00923787790567078560 1 OK|2391+/-5
node-1 node-2 48 44 15 2400 697 19.47897439130666666666 .12586200126813243159 .002 .47447176539333333333 .14579496712315477311 .00047169811320754716 9.24222336749480471677 .00923706824568255639 1 OK|2391+/-5
node-1 node-2 48 44 15 2400 1297 19.47944072140666666666 .12863843289057549083 .002 .49132853692333333333 .14690956543458312398 .00047169811320754716 9.57080510973353832667 .00924081128062068314 2 OK|2392+/-5
node-1 node-2 48 44 15 2400 1147 19.47933301043333333333 .12785422894034759920 .002 .48743470872666666666 .14636806844591421494 .00047169811320754716 9.49490301213031477425 .00923993587153779926 1 OK|2389+/-8
node-1 node-2 48 44 15 2400 622 19.47900562088000000000 .12534436580636232442 .002 .47245076113333333333 .14540496251232654112 .00047169811320754716 9.20287103170523423906 .00923666853032615650 1 OK|2390+/-6
node-1 node-2 48 44 15 2400 1222 19.47922644542666666666 .12821493878363199288 .002 .48950527665333333333 .14708447352236548730 .00047169811320754716 9.53518413016150734870 .00924032372057199465 1 OK|2390+/-6
node-1 node-2 48 44 15 2400 922 19.47903660841333333333 .12706692922707734920 .002 .48127926247000000000 .14623384983464774972 .00047169811320754716 9.37485637252329926357 .00923850605727079176 1 OK|2389+/-7
node-1 node-2 48 44 15 2400 497 19.47853860464000000000 .12448231397280262053 .002 .46926026128333333333 .14463891967593420790 .00047169811320754716 9.14050411503086148228 .00923579879155079471 1 OK|2392+/-4
node-1 node-2 48 44 15 2400 1172 19.47935835836666666666 .12775256684861102241 .002 .48802172810000000000 .14645039528119158948 .00047169811320754716 9.50635012832927976010 .00924007170319968133 1 OK|2389+/-6
node-1 node-2 48 44 15 2400 1372 19.47952338636000000000 .12903753595804511626 .002 .49442149198333333333 .14669123353505020948 .00047169811320754716 9.63109501580834492594 .00924150989902087157 1 OK|2390+/-6
node-1 node-2 48 44 15 2400 597 19.47875463311333333333 .12522464019999939652 .002 .47180405988000000000 .14502659814598357681 .00047169811320754716 9.19015551730923055082 .00923641853519203675 2 OK
node-1 node-2 48 44 15 2400 322 19.47843070736000000000 .12387574357264699817 .002 .46321306590000000000 .14431491458671494876 .00047169811320754716 9.02266360687693129502 .00923452698748300588 2 OK
node-1 node-2 48 44 15 2400 1322 19.47950224345333333333 .12875318929836041979 .002 .49278260626666666666 .14681098014991141203 .00047169811320754716 9.59915988430631397084 .00924114983542809027 1 OK|2390+/-6
node-1 node-2 48 44 15 2400 447 19.47883017724666666666 .12458044462200474503 .002 .46797700187666666666 .14468389434427016379 .00047169811320754716 9.11564454641263462583 .00923567516694707924 0 OK|2393+/-3
node-1 node-2 48 44 15 2400 747 19.47895325747333333333 .12579492485878196815 .002 .47712368290666666666 .14563044535284272315 .00047169811320754716 9.29386991737248843679 .00923760471094464725 2 OK|2390+/-6
node-1 node-2 48 44 15 2400 147 19.47822433381333333333 .12232407732219566760 .002 .45506852137000000000 .14402127797152133016 .00047169811320754716 8.86392674650158689358 .00923281018609504177 1 OK|2392+/-4
node-1 node-2 48 44 15 2400 1422 19.47967251842666666666 .12907418599409189084 .002 .49571832915333333333 .14689400516786466963 .00047169811320754716 9.65643071328857202846 .00924185772172325319 0 OK|2388+/-8
node-1 node-2 48 44 15 2400 397 19.47847970984000000000 .12440653177404539847 .002 .46582247842000000000 .14421323813543891387 .00047169811320754716 9.07351369429135126165 .00923507500662494348 1 OK|2393+/-4
node-1 node-2 48 44 15 2400 1197 19.47940382628000000000 .12780052616484230026 .002 .48892136160333333333 .14664825212156037623 .00047169811320754716 9.52389664196599880887 .00924028326255550187 1 OK|2391+/-5
node-1 node-2 48 44 15 2400 122 19.47818506323333333333 .12221492314289799646 .002 .45528062206333333333 .14377739431758605351 .00047169811320754716 8.86804021225359971840 .00923283357842995781 2 OK|2391+/-6
node-1 node-2 48 44 15 2400 172 19.47835786602000000000 .12286344595340891915 .002 .45724757905666666666 .14443311381592953547 .00047169811320754716 8.90643197823702497785 .00923330348906698669 3 OK|2393+/-3
node-1 node-2 48 44 15 2400 72 19.47827954745333333333 .12193254950855725886 .002 .45188689710333333333 .14395973379503709935 .00047169811320754716 8.80197930561000660547 .00923221101075376201 1 OK|2393+/-5
node-1 node-2 48 44 15 2400 472 19.47864751851333333333 .12449673676775538942 .002 .46854930196333333333 .14439993671794143816 .00047169811320754716 9.12670669798923733528 .00923570551712483630 0 OK|2393+/-3
node-1 node-2 48 44 15 2400 672 19.47901359804666666666 .12539604296100586191 .002 .47406728059333333333 .14544536058379957328 .00047169811320754716 9.23436300506654464783 .00923700356963918142 1 OK|2391+/-5
node-1 node-2 48 44 15 2400 897 19.47927106308666666666 .12646799846189745324 .002 .48230920533666666666 .14586696722728854511 .00047169811320754716 9.39503174697485630387 .00923883089096635484 2 OK|2392+/-4
node-1 node-2 48 44 15 2400 1397 19.47958669208666666666 .12921109510561559105 .002 .49511531294000000000 .14681607260624812225 .00047169811320754716 9.64464166099434938826 .00924168816918659564 2 OK|2388+/-6
node-1 node-2 48 44 15 2400 1272 19.47931608894000000000 .12858652549254063976 .002 .49098726818000000000 .14677066746198591254 .00047169811320754716 9.56409619252337251192 .00924068026928323118 1 OK
node-1 node-2 48 44 15 2400 647 19.47882524826666666666 .12549933842844823371 .002 .47345393184666666666 .14553353014211730860 .00047169811320754716 9.22232640154597631299 .00923678935940034847 2 OK|2391+/-4
node-1 node-2 48 44 15 2400 522 19.47862002810000000000 .12486510751956340649 .002 .47002571642666666666 .14441482741189235025 .00047169811320754716 9.15545233371052049812 .00923599269251811015 2 OK|2391+/-4
node-1 node-2 48 44 15 2400 872 19.47921953732000000000 .12611165368290028096 .002 .48166978431000000000 .14611614394897124511 .00047169811320754716 9.38255147306806239544 .00923867328359236329 2 OK|2393+/-2
node-1 node-2 48 44 15 2400 1072 19.47920022458000000000 .12744235781060436567 .002 .48557282701000000000 .14668993633730078277 .00047169811320754716 9.45857032094313748990 .00923948144599351149 2 OK|2388+/-10
node-1 node-2 48 44 15 2400 847 19.47921362180666666666 .12631155731088934737 .002 .47927850955666666666 .14630147585566696469 .00047169811320754716 9.33596847199541800226 .00923817304440841647 2 OK|2389+/-5
node-1 node-2 48 44 15 2400 372 19.47867931582666666666 .12395122883378259671 .002 .46494275650666666666 .14452934801540226805 .00047169811320754716 9.05647085420984233817 .00923499135305802059 1 OK|2391+/-7
node-1 node-2 48 44 15 2400 772 19.47892767602000000000 .12600785542449597304 .002 .47726053072333333333 .14547412355037902722 .00047169811320754716 9.29652336057873117618 .00923762098566575689 2 OK|2387+/-9
node-1 node-2 48 44 15 2400 572 19.47873063034000000000 .12484245825465074936 .002 .47286679385333333333 .14469885897984288220 .00047169811320754716 9.21084490150159443744 .00923662465602560251 1 OK|2390+/-7
node-1 node-2 48 44 15 2400 272 19.47843278615333333333 .12367893286713626924 .002 .46150835582000000000 .14380573129033526788 .00047169811320754716 8.98945948908800652907 .00923418654639063700 1 OK|2393+/-3
node-1 node-2 48 44 15 2400 1247 19.47937120014000000000 .12786420905472044803 .002 .49015316048666666666 .14703932204279942221 .00047169811320754716 9.54787535804157409300 .00924052899194315173 3 OK|2390+/-7
node-1 node-2 48 44 15 2400 1097 19.47943250512000000000 .12753493834330066123 .002 .48630009869666666666 .14660737989618755563 .00047169811320754716 9.47284994979491281353 .00923974340130056317 2 OK|2391+/-5
node-1 node-2 48 44 15 2400 247 19.47841036560000000000 .12354885305364556968 .002 .46064983597000000000 .14437103293526693521 .00047169811320754716 8.97272653986998773063 .00923400455224106817 2 OK|2392+/-4
node-1 node-2 48 44 15 2400 1472 19.47977155489333333333 .12917969769490700383 .002 .49877460247333333333 .14671622493690727343 .00047169811320754716 9.71601531356326868836 .00924256189642579293 1 OK|2387+/-6
node-1 node-2 48 44 15 2400 347 19.47852406336000000000 .12377777901773525003 .002 .46420154170666666666 .14430453271864915460 .00047169811320754716 9.04196090038211730907 .00923476934143412214 2 OK|2392+/-6
node-1 node-2 48 44 15 2400 722 19.47889561617333333333 .12594848334417629163 .002 .47557247144000000000 .14557089228757005293 .00047169811320754716 9.26362652910533376875 .00923725770037218513 0 OK|2392+/-3
node-1 node-2 48 44 15 2400 547 19.47884767648666666666 .12488479762310093518 .002 .47092884962666666666 .14502383095779877183 .00047169811320754716 9.17315132834093484097 .00923628353300869115 1 OK
node-1 node-2 6 44 15 300 1447 19.47790544746666666666 .12170649437583169123 .002 .44974147040333333333 .14354385489775790837 .00047169811320754716 8.76002183632075497307 .00923161632890833261 0 OK|290+/-1
node-1 node-2 6 44 15 300 1122 19.47766151590666666666 .12058084654792294590 .002 .44027900710666666666 .14360989668952433798 .00047169811320754716 8.57560547298311913291 .00922967705847275622 0 OK|290+/-2
node-1 node-2 6 44 15 300 97 19.47700485906666666666 .11612257627882648970 .002 .41096145703000000000 .13939780435240837924 .00047169811320754716 8.00429829546242713923 .00922395912667212657 0 OK|290+/-1
node-1 node-2 6 44 15 300 997 19.47753834622000000000 .12010464286009735081 .002 .43673045264000000000 .14331525059950027879 .00047169811320754716 8.50643413825761763302 .00922894482416213115 0 OK|290+/-1
node-1 node-2 6 44 15 300 947 19.47742849766000000000 .11994822894638391629 .002 .43528542556333333333 .14330960047261228262 .00047169811320754716 8.47824075248332932578 .00922862016310162968 0 OK|290+/-1
node-1 node-2 6 44 15 300 1047 19.47765453328666666666 .12005972567222146380 .002 .43811135028000000000 .14344811663818513650 .00047169811320754716 8.53338152786558473965 .00922926117770318221 1 OK|290+/-1
node-1 node-2 6 44 15 300 222 19.47716918692000000000 .11650778681124304903 .002 .41475509690666666666 .14000742001837048979 .00047169811320754716 8.07825519358854660699 .00922471550397190460 0 OK|290+/-1
node-1 node-2 6 44 15 300 797 19.47742614876000000000 .11941526932048028534 .002 .43088885785000000000 .14273824704009686099 .00047169811320754716 8.39260590709692059376 .00922779372224735418 0 OK|290+/-1
node-1 node-2 6 44 15 300 1022 19.47767967722000000000 .11997426589514187700 .002 .43709679303000000000 .14330522956560964104 .00047169811320754716 8.51363132257846754577 .00922908056238089190 1 OK|290+/-1
node-1 node-2 6 44 15 300 972 19.47773452852000000000 .11989075126581186875 .002 .43580522397333333333 .14306308482987580052 .00047169811320754716 8.48849845869478673432 .00922886199918975275 1 OK|290+/-1
node-1 node-2 6 44 15 300 422 19.47720882966000000000 .11741123814409439247 .002 .42008795602666666666 .14130597050111401389 .00047169811320754716 8.18214084635641381028 .00922569932996230210 0 OK|290+/-1
node-1 node-2 6 44 15 300 297 19.47717874879333333333 .11693058487510647579 .002 .41680524641000000000 .14061454103303001525 .00047169811320754716 8.11819028776242079016 .00922508960915924165 1 OK|290+/-1
node-1 node-2 6 44 15 300 1347 19.47796906804000000000 .12167605006948184238 .002 .44654705369666666666 .14375426009612358364 .00047169811320754716 8.69782969932807027005 .00923102589145556833 0 OK|290+/-1
node-1 node-2 6 44 15 300 197 19.47705523543333333333 .11639323842159706271 .002 .41404036862000000000 .14020683291552224948 .00047169811320754716 8.06428712931091821876 .00922453353972415236 0 OK|290+/-1
node-1 node-2 6 44 15 300 822 19.47767806160666666666 .11915119660774040304 .002 .43153989558333333333 .14286394833413435105 .00047169811320754716 8.40539515691152333383 .00922803371924635362 0 OK|290+/-1
node-1 node-2 6 44 15 300 697 19.47737949308000000000 .11857017994830800635 .002 .42805838685000000000 .14262839970909402421 .00047169811320754716 8.33745564587309553799 .00922724485940375378 1 OK|290+/-1
node-1 node-2 6 44 15 300 1297 19.47804974306000000000 .12095222626477272290 .002 .44522971422666666666 .14359362206147965278 .00047169811320754716 8.67220652079540189313 .00923080923771052805 1 OK|290+/-1
node-1 node-2 6 44 15 300 1147 19.47781633686666666666 .12072877619459576187 .002 .44083360602333333333 .14373053239314766105 .00047169811320754716 8.58647601324112578899 .00922985564242095283 1 OK|290+/-1
node-1 node-2 6 44 15 300 622 19.47709271263333333333 .11841490881276894425 .002 .42601923948000000000 .14207598835894345648 .00047169811320754716 8.29761622471750285476 .00922673266722812230 1 OK|290+/-1
node-1 node-2 6 44 15 300 1222 19.47789265000000000000 .12100232357762888823 .002 .44310697244333333333 .14360095550825712931 .00047169811320754716 8.63079004171775487476 .00923032690189059013 1 OK|290+/-3
node-1 node-2 6 44 15 300 922 19.47765615533333333333 .11969334746413420498 .002 .43442789359000000000 .14336730164708493295 .00047169811320754716 8.46163713563175784431 .00922856544124403714 0 OK|290+/-2
node-1 node-2 6 44 15 300 497 19.47721021885333333333 .11784489243641101071 .002 .42224412524666666666 .14160612966604636564 .00047169811320754716 8.22413759110516275718 .00922609370261768097 0 OK|290+/-1
node-1 node-2 6 44 15 300 1172 19.47770352966666666666 .12075587860341283397 .002 .44171693840000000000 .14361601642016758974 .00047169811320754716 8.60363157018723357253 .00922997160113054356 0 OK|290+/-2
node-1 node-2 6 44 15 300 1372 19.47799232838666666666 .12165755012338810425 .002 .44743534953333333333 .14367978472139223803 .00047169811320754716 8.71514230565927338201 .00923120886477191620 0 OK|290+/-2
node-1 node-2 6 44 15 300 597 19.47720502237333333333 .11883272490797640663 .002 .42511061206666666666 .14224787389095180912 .00047169811320754716 8.27996654840908176050 .00922661778197503638 0 OK|290+/-1
node-1 node-2 6 44 15 300 322 19.47718116722000000000 .11710579352213102880 .002 .41766823080666666666 .14081354244653273433 .00047169811320754716 8.13499979921370422869 .00922524686979343225 0 OK|290+/-1
node-1 node-2 6 44 15 300 1322 19.47791066802000000000 .12124380988823911908 .002 .44590228625000000000 .14401893047512021983 .00047169811320754716 8.68524489824338276072 .00923087380093262893 0 OK|290+/-1
node-1 node-2 6 44 15 300 447 19.47706764951333333333 .11782321181408817112 .002 .42078069977333333333 .14149488430424448218 .00047169811320754716 8.19557415509477305871 .00922575929142663736 0 OK|290+/-1
node-1 node-2 6 44 15 300 747 19.47743939702666666666 .11871691816741406234 .002 .42932760584666666666 .14281779332787237341 .00047169811320754716 8.36220242434900161048 .00922750885938175461 0 OK|290+/-2
node-1 node-2 6 44 15 300 147 19.47699947742000000000 .11631416619511329192 .002 .41256635822666666666 .13980052795636291841 .00047169811320754716 8.03555474358185918444 .00922424316947717776 1 OK|290+/-1
node-1 node-2 6 44 15 300 1422 19.47789480542000000000 .12173938767236362861 .002 .44863829228666666666 .14353519756008713516 .00047169811320754716 8.73852946284296432006 .00923139661759021000 1 OK|290+/-1
node-1 node-2 6 44 15 300 397 19.47703638136000000000 .11747249168029785942 .002 .41957559313666666666 .14133338858093693491 .00047169811320754716 8.17208909225355778513 .00922552505923382173 0 OK|290+/-1
node-1 node-2 6 44 15 300 1197 19.47793034458000000000 .12061622711679363522 .002 .44212137522333333333 .14372736708486890646 .00047169811320754716 8.61160935045000450772 .00923015555254989242 0 OK|290+/-1
node-1 node-2 6 44 15 300 122 19.47708497944000000000 .11637646220064415762 .002 .41183969998000000000 .13976447110791378886 .00047169811320754716 8.02143683441753406841 .00922415345010646546 0 OK|290+/-1
node-1 node-2 6 44 15 300 172 19.47691792714000000000 .11638766184370696816 .002 .41312334382333333333 .13996634524111113150 .00047169811320754716 8.04636946143270298896 .00922430457135767823 0 OK|290+/-1
node-1 node-2 6 44 15 300 72 19.47680449464666666666 .11590530146718848571 .002 .40935524279333333333 .13867801750669155715 .00047169811320754716 7.97293203274437217017 .00922357929206398593 1 OK|290+/-1
node-1 node-2 6 44 15 300 472 19.47715948862000000000 .11790473431965319992 .002 .42181726514000000000 .14164251142158703439 .00047169811320754716 8.21580214818528935270 .00922599176946039715 0 OK|290+/-1
node-1 node-2 6 44 15 300 672 19.47745683150666666666 .11851715222700505804 .002 .42717862329000000000 .14245637637580204145 .00047169811320754716 8.32035319447342336312 .00922711809799326617 0 OK|290+/-1
node-1 node-2 6 44 15 300 897 19.47766533561333333333 .11929261190797113417 .002 .43357597290000000000 .14289747336037158981 .00047169811320754716 8.44504769770915601821 .00922840949415514666 0 OK|290+/-1
node-1 node-2 6 44 15 300 1397 19.47793006552000000000 .12193783502875777013 .002 .44829051972333333333 .14368138328949706906 .00047169811320754716 8.73177139220670088554 .00923134559119376594 0 OK|290+/-1
node-1 node-2 6 44 15 300 1272 19.47795503852000000000 .12118973725740986992 .002 .44432038791000000000 .14357289033132236646 .00047169811320754716 8.65445253840874539229 .00923058951256228650 0 OK|290+/-1
node-1 node-2 6 44 15 300 647 19.47737110975333333333 .11844154401026471188 .002 .42651412349000000000 .14253779806412737429 .00047169811320754716 8.30737386676589155677 .00922695487653998609 0 OK|290+/-1
node-1 node-2 6 44 15 300 522 19.47724788488000000000 .11782895300578782410 .002 .42279791460333333333 .14211084781037185836 .00047169811320754716 8.23493978793944903079 .00922621284030452226 0 OK|290+/-1
node-1 node-2 6 44 15 300 872 19.47740262193333333333 .11941132508292778814 .002 .43289274119666666666 .14299173884538586955 .00047169811320754716 8.43162621239986323478 .00922815781907903707 0 OK|290+/-1
node-1 node-2 6 44 15 300 1072 19.47782476150000000000 .12007411702824795200 .002 .43872371635666666666 .14334239071653465655 .00047169811320754716 8.54538366590918456547 .00922945746648310417 0 OK|290+/-1
node-1 node-2 6 44 15 300 847 19.47743637831333333333 .11900189657264127809 .002 .43359933402666666666 .14246962881124848673 .00047169811320754716 8.44540344218343167994 .00922830636372688539 0 OK|290+/-2
node-1 node-2 6 44 15 300 372 19.47703094781333333333 .11748892170669509221 .002 .41894107115666666666 .14105847723462572017 .00047169811320754716 8.15972820822846448977 .00922540716151070375 0 OK|290+/-1
node-1 node-2 6 44 15 300 772 19.47761819832666666666 .11876271214398436981 .002 .43021353003000000000 .14308579149449249284 .00047169811320754716 8.37953488167868390574 .00922775787812018776 0 OK|290+/-1
node-1 node-2 6 44 15 300 572 19.47741274694000000000 .11809754971762828657 .002 .42425641985000000000 .14187090115278222778 .00047169811320754716 8.26341739995751844275 .00922655808137812678 0 OK|290+/-1
node-1 node-2 6 44 15 300 272 19.47687493324666666666 .11682895273718698172 .002 .41603367404333333333 .14045773022485711035 .00047169811320754716 8.10303583736111339529 .00922480756829540699 1 OK|290+/-1
node-1 node-2 6 44 15 300 1247 19.47784759246000000000 .12109917833557637169 .002 .44518242156333333333 .14336046038481195125 .00047169811320754716 8.67119535805288495601 .00923070520447954778 1 OK|290+/-2
node-1 node-2 6 44 15 300 1097 19.47777797583333333333 .12049726286201389653 .002 .43947934454333333333 .14383317014177068231 .00047169811320754716 8.56008109797980722013 .00922957929630235854 0 OK|290+/-1
node-1 node-2 6 44 15 300 247 19.47687571823333333333 .11685163627634321266 .002 .41524913988666666666 .14040889542894563451 .00047169811320754716 8.08775588967589473780 .00922466654121716260 0 OK|290+/-1
node-1 node-2 6 44 15 300 1472 19.47794157304000000000 .12222889860038223395 .002 .45027010646666666666 .14359008991875591053 .00047169811320754716 8.77033482584423360952 .00923173636332764216 1 OK|290+/-1
node-1 node-2 6 44 15 300 347 19.47714583844000000000 .11716155152389628251 .002 .41834159391666666666 .14108190820564310094 .00047169811320754716 8.14810023500036058669 .00922535231609566984 0 OK|290+/-2
node-1 node-2 6 44 15 300 722 19.47755286501333333333 .11864180966458255077 .002 .43022971446333333333 .14251471529031279793 .00047169811320754716 8.37982200755916650024 .00922773021302943489 0 OK|290+/-2
node-1 node-2 6 44 15 300 547 19.47738330102000000000 .11802561071252295718 .002 .42377996204333333333 .14198967162241220828 .00047169811320754716 8.25412475600971010421 .00922645666521225525 0 OK|290+/-2
