#TXnode RXnode MCS CHANNEL TXPOWER FPS SIZE Vmu Vsd Verr Imu Isd Ierr Pmu Perr loss status
node-1 node-2 24 44 15 1200 1247 19.47804987715333333333 .12320205338996089029 .002 .45933863928333333333 .15675960912573311102 .00047169811320754716 8.94702092646451012610 .00923357408015529434 0 OK|1190+/-1
node-1 node-2 24 44 15 1200 597 19.47822348045333333333 .12253814782246064747 .002 .45606830157000000000 .15084408530946485768 .00047169811320754716 8.88340030033124582697 .00923300710938468681 2 OK|1190+/-2
node-1 node-2 24 44 15 1200 647 19.47833292515333333333 .12281949543815839276 .002 .45772749040333333333 .15168787610234020512 .00047169811320754716 8.91576844707105407821 .00923338689570189460 1 OK|1190+/-1
node-1 node-2 24 44 15 1200 822 19.47820770060666666666 .12369991585573235954 .002 .46330765005333333333 .15239805708281637860 .00047169811320754716 9.02440263701881605163 .00923444130618905552 0 OK|1190+/-1
node-1 node-2 24 44 15 1200 947 19.47846567527333333333 .12415190603001513673 .002 .46409889198333333333 .15369661443464934471 .00047169811320754716 9.03993433742974470249 .00923472130215766446 0 OK|1190+/-2
node-1 node-2 24 44 15 1200 722 19.47849168347333333333 .12346905642932713916 .002 .45987724542333333333 .15257815294297463414 .00047169811320754716 8.95771510039702337690 .00923388868039733680 1 OK|1190+/-1
node-1 node-2 24 44 15 1200 122 19.47741825097333333333 .11864470318047050649 .002 .43110335042000000000 .14475474361750642950 .00047169811320754716 8.39678026552626042607 .00922783008570400531 0 OK|1190+/-1
node-1 node-2 24 44 15 1200 897 19.47841068944666666666 .12381676028900728555 .002 .46196810938333333333 .15327628073139480849 .00047169811320754716 8.99840455999578695390 .00923426813173073234 0 OK|1190+/-1
node-1 node-2 24 44 15 1200 72 19.47755436730000000000 .11853844292284054605 .002 .42870393045000000000 .14397483510171272753 .00047169811320754716 8.35010411281507295428 .00922744686880370121 0 OK|1190+/-1
node-1 node-2 24 44 15 1200 1372 19.47766890022666666666 .12361738873277263297 .002 .45805830245666666666 .15729029524409150017 .00047169811320754716 8.92190795225083647942 .00923314084290330047 0 OK|1190+/-1
node-1 node-2 24 44 15 1200 672 19.47825931187333333333 .12328162322222952751 .002 .45900160791666666666 .15227906298292623080 .00047169811320754716 8.94055234356764521619 .00923360534040766386 1 OK|1190+/-2
node-1 node-2 24 44 15 1200 747 19.47850371526000000000 .12343025791571019908 .002 .46047822101000000000 .15227227367980258788 .00047169811320754716 8.96942673873960038961 .00923401412696129624 1 OK|1190+/-2
node-1 node-2 24 44 15 1200 297 19.47771623844666666666 .12015829358705363909 .002 .44076089940000000000 .14695606873163445447 .00047169811320754716 8.58501572751573765892 .00922979475279359557 0 OK|1190+/-1
node-1 node-2 24 44 15 1200 1322 19.47810811143333333333 .12341601939523137589 .002 .45920653794000000000 .15740642085303813857 .00047169811320754716 8.94447459147233273111 .00923357513032668944 0 OK
node-1 node-2 24 44 15 1200 197 19.47718127492000000000 .11970548744203747420 .002 .43502377977666666666 .14525275619886242361 .00047169811320754716 8.47303701761101377940 .00922845471863447678 1 OK|1190+/-1
node-1 node-2 24 44 15 1200 397 19.47775229557333333333 .12116000130776135279 .002 .44558418048333333333 .14757172359356282523 .00047169811320754716 8.67897829428040830599 .00923073800255039737 0 OK|1190+/-1
node-1 node-2 24 44 15 1200 1297 19.47806191124666666666 .12367922161927768216 .002 .45913310634333333333 .15692975131995907030 .00047169811320754716 8.94302307085844632160 .00923353883929862343 4 OK|1190+/-2
node-1 node-2 24 44 15 1200 572 19.47810358099333333333 .12245751315249265554 .002 .45545005767000000000 .15057287159055535167 .00047169811320754716 8.87130339926564718255 .00923282875726449288 0 OK|1190+/-2
node-1 node-2 24 44 15 1200 522 19.47811352267333333333 .12267350015191315820 .002 .45311631545000000000 .14993760733708450724 .00047169811320754716 8.82585103131056083396 .00923237410387417143 0 OK|1190+/-6
node-1 node-2 24 44 15 1200 172 19.47752199851333333333 .11955273276683578670 .002 .43397557135333333333 .14524121284463620623 .00047169811320754716 8.45276873785194275718 .00922841731323992142 2 OK|1190+/-1
node-1 node-2 24 44 15 1200 1047 19.47817681584000000000 .12429076054597105654 .002 .46341326015333333333 .15438673487362404663 .00047169811320754716 9.02644542007148781676 .00923444800841015131 0 OK|1190+/-1
node-1 node-2 24 44 15 1200 1122 19.47805154716000000000 .12369567051164984226 .002 .46154820276333333333 .15539911402220328180 .00047169811320754716 8.99005968492326222058 .00923401558373011194 1 OK|1190+/-2
node-1 node-2 24 44 15 1200 622 19.47821467641333333333 .12315481352042721720 .002 .45747402296000000000 .15176581894376851113 .00047169811320754716 8.91077722809732222378 .00923328114564235610 1 OK|1190+/-2
node-1 node-2 24 44 15 1200 372 19.47779975337333333333 .12082930596004336575 .002 .44436149452666666666 .14784417423431572871 .00047169811320754716 8.65518420850011380973 .00923052452027966610 2 OK
node-1 node-2 24 44 15 1200 1022 19.47812943664666666666 .12413230079785104390 .002 .46361881869666666666 .15443846391935888132 .00047169811320754716 9.03042735983889699103 .00923446704400376210 1 OK
node-1 node-2 24 44 15 1200 1422 19.47786415389333333333 .12367650093448734111 .002 .45837287565000000000 .15760260488631903821 .00047169811320754716 8.92812460374014134336 .00923329493402660565 1 OK|1190+/-1
node-1 node-2 24 44 15 1200 1222 19.47790732709333333333 .12372081174955935108 .002 .46040649693333333333 .15643600969403950048 .00047169811320754716 8.96775508005914763684 .00923371990830097899 1 OK|1190+/-2
node-1 node-2 24 44 15 1200 772 19.47841137342666666666 .12358303086816663653 .002 .46165932337333333333 .15251266257653339615 .00047169811320754716 8.99239021504359536949 .00923420668192025686 0 OK|1190+/-1
node-1 node-2 24 44 15 1200 1097 19.47819779994666666666 .12365500180488455764 .002 .46188128749666666666 .15568412488832644775 .00047169811320754716 8.99661507795410650520 .00923415084354904178 2 OK|1190+/-2
node-1 node-2 24 44 15 1200 1347 19.47777741006000000000 .12378303518855594413 .002 .45889276818333333333 .15723315488976071229 .00047169811320754716 8.93821119376123030452 .00923335751482051300 1 OK|1190+/-2
node-1 node-2 24 44 15 1200 322 19.47758440449333333333 .12074348230046718322 .002 .44202839127666666666 .14757566704559988449 .00047169811320754716 8.60964530027367965533 .00922997530973536732 2 OK|1190+/-2
node-1 node-2 24 44 15 1200 1147 19.47809096728666666666 .12392213848980919462 .002 .46181058277333333333 .15642338339520667048 .00047169811320754716 8.99518854091465550880 .00923408655830285467 0 OK|1190+/-1
node-1 node-2 24 44 15 1200 1197 19.47802256395333333333 .12396038821094218669 .002 .46071495995000000000 .15615231400810917736 .00047169811320754716 8.97381638545695628033 .00923383553603040517 2 OK|1190+/-2
node-1 node-2 24 44 15 1200 1272 19.47803461981333333333 .12371375502976943957 .002 .45985504193000000000 .15699315724280048617 .00047169811320754716 8.95707242680825200877 .00923366973331613371 1 OK|1190+/-1
node-1 node-2 24 44 15 1200 447 19.47801927027333333333 .12135767131210887448 .002 .44930212389666666666 .14807743066279874036 .00047169811320754716 8.75151542743401006916 .00923158418987465444 1 OK|1190+/-7
node-1 node-2 24 44 15 1200 997 19.47825687603333333333 .12424980108721998662 .002 .46420273061333333333 .15432569158284056071 .00047169811320754716 9.04186002944260912156 .00923464418725540556 0 OK
node-1 node-2 24 44 15 1200 547 19.47830686770666666666 .12279208302773209641 .002 .45477373595333333333 .15060989534173964377 .00047169811320754716 8.85822238427243089821 .00923279082868720469 3 OK|1190+/-2
node-1 node-2 24 44 15 1200 922 19.47824163856666666666 .12430651776195925982 .002 .46376024425666666666 .15395217625799292539 .00047169811320754716 9.03323409999205249736 .00923454810731323982 0 OK
node-1 node-2 24 44 15 1200 697 19.47801203841333333333 .12340948818845273130 .002 .45961913694000000000 .15256219770728513712 .00047169811320754716 8.95246708240246639365 .00923361215241860047 0 OK|1190+/-2
node-1 node-2 24 44 15 1200 222 19.47763616166000000000 .11993781815995221200 .002 .43732305627000000000 .14557908989814138912 .00047169811320754716 8.51801937513222299660 .00922910300360051242 1 OK|1190+/-2
node-1 node-2 24 44 15 1200 1072 19.47823386010000000000 .12452468540485407939 .002 .46358176053000000000 .15490448923527582814 .00047169811320754716 9.02975394488021572185 .00923450860968835309 0 OK
node-1 node-2 24 44 15 1200 497 19.47805731760000000000 .12222448911127368099 .002 .45150227794333333333 .14942295082318651804 .00047169811320754716 8.79438724880721291140 .00923203141627380836 0 OK|1190+/-1
node-1 node-2 24 44 15 1200 272 19.47763421200666666666 .12030748983505128335 .002 .43881979875000000000 .14643942430242660527 .00047169811320754716 8.54717152503888030032 .00922938626309144350 0 OK|1190+/-1
node-1 node-2 24 44 15 1200 347 19.47761923748000000000 .12101549658972638963 .002 .44334213043666666666 .14777957852566685751 .00047169811320754716 8.63524920857858609930 .00923024369758857341 2 OK|1190+/-2
node-1 node-2 24 44 15 1200 1472 19.47794277562000000000 .12362104343459598250 .002 .45760390011000000000 .15777532842927210503 .00047169811320754716 8.91318258024311062331 .00923317926545355502 0 OK|1190+/-1
node-1 node-2 24 44 15 1200 1172 19.47827179342666666666 .12398194735868117622 .002 .46096729427666666666 .15639890871095557136 .00047169811320754716 8.97884624580140605015 .00923400288343156410 0 OK|1190+/-1
node-1 node-2 24 44 15 1200 1397 19.47794485680666666666 .12340585975583021689 .002 .45804330200333333333 .15748755091851595309 .00047169811320754716 8.92174217845056925840 .00923326739217795370 0 OK|1190+/-1
node-1 node-2 24 44 15 1200 972 19.47833337593333333333 .12451462452737353626 .002 .46429741758333333333 .15382860793618067916 .00047169811320754716 9.04373988527309776676 .00923469912985883151 0 OK|1190+/-2
node-1 node-2 24 44 15 1200 797 19.47836686746000000000 .12384248259936940714 .002 .46199872488666666666 .15270702459681400226 .00047169811320754716 8.99898065564121574339 .00923425369140367509 3 OK|1190+/-2
node-1 node-2 24 44 15 1200 472 19.47805439710000000000 .12231782076018098892 .002 .45053689287333333333 .14905265684434345251 .00047169811320754716 8.77558210728720198660 .00923184139250972725 1 OK|1190+/-2
node-1 node-2 24 44 15 1200 1447 19.47786232826666666666 .12333738452146308980 .002 .45739070015333333333 .15757313011492356811 .00047169811320754716 8.90899308781612601026 .00923309924958643992 2 OK|1190+/-7
node-1 node-2 24 44 15 1200 422 19.47782132151333333333 .12170880746285831528 .002 .44725324311333333333 .14824248510707105981 .00047169811320754716 8.71151875482887041744 .00923109328118454233 1 OK|1190+/-2
node-1 node-2 24 44 15 1200 247 19.47758380139333333333 .11979603005521175733 .002 .43737307110000000000 .14637533847049982469 .00047169811320754716 8.51897064482301465906 .00922908789694173137 0 OK|1190+/-1
node-1 node-2 24 44 15 1200 872 19.47834410606000000000 .12402529092313698943 .002 .46279456287666666666 .15305575373702071276 .00047169811320754716 9.01447174612533424523 .00923440241096854680 0 OK|1190+/-1
node-1 node-2 24 44 15 1200 847 19.47842172988666666666 .12378358882947921085 .002 .46373108161000000000 .15250565039389259740 .00047169811320754716 9.03274957685607119604 .00923462676850276986 0 OK|1190+/-2
node-1 node-2 24 44 15 1200 97 19.47733577256000000000 .11909539092784021434 .002 .43009481828333333333 .14456469749676908409 .00047169811320754716 8.37710118974266106290 .00922760310336677950 0 OK|1190+/-1
node-1 node-2 24 44 15 1200 147 19.47736632134000000000 .11929910800689066648 .002 .43198495403333333333 .14484024606835568408 .00047169811320754716 8.41392919501445466233 .00922797061127402106 2 OK|1190+/-1
node-1 node-2 12 44 15 600 1247 19.47656189983333333333 .11831246048791728589 .002 .41133513140000000000 .16091419431093652432 .00047169811320754716 8.01139414828817780476 .00922381764066014967 0 OK|590+/-4
node-1 node-2 12 44 15 600 597 19.47666909873333333333 .11735755781118787016 .002 .40508127686333333333 .16004341388433508168 .00047169811320754716 7.88963398755952630557 .00922276086481344478 1 OK|590+/-2
node-1 node-2 12 44 15 600 647 19.47689378800000000000 .11854458668819297705 .002 .40822566044000000000 .16615496394400207560 .00047169811320754716 7.95096782992603334672 .00922342099099974239 0 OK|590+/-1
node-1 node-2 12 44 15 600 822 19.47691786051333333333 .12015307442004569347 .002 .41670902567666666666 .16709990007235743807 .00047169811320754716 8.11620746483897821831 .00922494966420838688 0 OK|590+/-1
node-1 node-2 12 44 15 600 947 19.47704158670000000000 .11962350308929548991 .002 .41573392031000000000 .16512918380014795104 .00047169811320754716 8.09726685487969375587 .00922483180286142561 0 OK|590+/-4
node-1 node-2 12 44 15 600 722 19.47688130814666666666 .11938353386634948196 .002 .41021086107333333333 .16692585635029547545 .00047169811320754716 7.98962825243795507680 .00922376743282695956 1 OK|590+/-1
node-1 node-2 12 44 15 600 122 19.47582675673333333333 .11566759925154325619 .002 .37411447485000000000 .16470990846198416444 .00047169811320754716 7.28618869936486970148 .00921713082672793790 1 OK|590+/-2
node-1 node-2 12 44 15 600 897 19.47724889269333333333 .12011949333321993066 .002 .42092269450000000000 .16622724391581664724 .00047169811320754716 8.19841608535961922885 .00922587033630272575 1 OK|590+/-1
node-1 node-2 12 44 15 600 72 19.47585515860666666666 .11498625217919783118 .002 .37162414225666666666 .16293214761042665247 .00047169811320754716 7.23769796803227923939 .00921674119628029969 0 OK|590+/-1
node-1 node-2 12 44 15 600 1372 19.47639022311333333333 .11882363824404569602 .002 .41498996255666666666 .16013076828046788054 .00047169811320754716 8.08250644942883094576 .00922439180983229267 0 OK|590+/-4
node-1 node-2 12 44 15 600 672 19.47697729950666666666 .11894977216801187223 .002 .40759812269666666666 .16671491806983787625 .00047169811320754716 7.93877938308450971167 .00922334921530240987 0 OK|590+/-5
node-1 node-2 12 44 15 600 747 19.47672284894000000000 .11947086897158256750 .002 .41155766940333333333 .16694313487531473161 .00047169811320754716 8.01579466332439706986 .00922393296404532311 1 OK|590+/-1
node-1 node-2 12 44 15 600 297 19.47594900480000000000 .11596410498713985754 .002 .38233399702333333333 .16441714269955079541 .00047169811320754716 7.44631742882779499564 .00921853734323512300 1 OK|590+/-1
node-1 node-2 12 44 15 600 1322 19.47676382632000000000 .11848744293648442985 .002 .41325727064666666666 .16055668127640792354 .00047169811320754716 8.04891425989473128729 .00922425617092798816 0 OK|590+/-1
node-1 node-2 12 44 15 600 197 19.47581382346000000000 .11616859711149338744 .002 .37775234433333333333 .16463584689817012673 .00047169811320754716 7.35703432961155513132 .00921771822966927320 1 OK|590+/-1
node-1 node-2 12 44 15 600 397 19.47627094392000000000 .11679987416483332025 .002 .38809743699666666666 .16449235192676230289 .00047169811320754716 7.55869083558800182976 .00921965196105108514 0 OK|590+/-2
node-1 node-2 12 44 15 600 1297 19.47672834026666666666 .11852526761856659946 .002 .41229199496333333333 .16066662845274699172 .00047169811320754716 8.03009918276743612612 .00922406671780885375 0 OK|590+/-1
node-1 node-2 12 44 15 600 572 19.47652576482666666666 .11757992006780912933 .002 .40435560657000000000 .16008986621465120576 .00047169811320754716 7.87544238951271997090 .00922256613692879461 0 OK|590+/-1
node-1 node-2 12 44 15 600 522 19.47591120287333333333 .11706007360835321570 .002 .38904827968000000000 .16396583572200880637 .00047169811320754716 7.57706974867830980627 .00921964317331105770 0 OK|590+/-1
node-1 node-2 12 44 15 600 172 19.47599722130666666666 .11618559973297385527 .002 .37719356452666666666 .16487583360356070651 .00047169811320754716 7.34622081461611687338 .00921771291750390434 0 OK|590+/-1
node-1 node-2 12 44 15 600 1047 19.47646724251333333333 .11855720540921830487 .002 .40740938300000000000 .16296873404507247742 .00047169811320754716 7.93489550229206850260 .00922307620764005993 0 OK|590+/-1
node-1 node-2 12 44 15 600 1122 19.47639643398000000000 .11822336562775328073 .002 .40660483241666666666 .16171788286290380041 .00047169811320754716 7.91919690811900217205 .00922290091964147200 0 OK|590+/-1
node-1 node-2 12 44 15 600 622 19.47654074420000000000 .11786520752396491347 .002 .40743313426000000000 .15977437295524061937 .00047169811320754716 7.93538803995199891629 .00922311493942836538 0 OK|590+/-1
node-1 node-2 12 44 15 600 372 19.47614106856666666666 .11664889734045353482 .002 .38414108190333333333 .16450802662415178056 .00047169811320754716 7.48158590138114188577 .00921892811936451156 1 OK|590+/-1
node-1 node-2 12 44 15 600 1022 19.47661043541333333333 .11879600038193697975 .002 .40954082696333333333 .16352418016116369727 .00047169811320754716 7.97646714416186423746 .00922352106967671267 1 OK|590+/-1
node-1 node-2 12 44 15 600 1422 19.47652688066666666666 .11879705565051348102 .002 .41716226227666666666 .15916921470040387624 .00047169811320754716 8.12487201483121650485 .00922484793408788771 1 OK|590+/-1
node-1 node-2 12 44 15 600 1222 19.47679146006000000000 .11866231634209386623 .002 .41029942338333333333 .16128948241891443849 .00047169811320754716 7.99131630542004893833 .00922374097600879618 0 OK|590+/-1
node-1 node-2 12 44 15 600 772 19.47706599832000000000 .11960859611386342553 .002 .41508940345666666666 .16671403327220208048 .00047169811320754716 8.08472370632877460872 .00922472717505856592 1 OK|590+/-1
node-1 node-2 12 44 15 600 1097 19.47655994783333333333 .11785460297947109371 .002 .40602472154333333333 .16200293506238868337 .00047169811320754716 7.90796482944106795942 .00922287552159428746 0 OK|590+/-5
node-1 node-2 12 44 15 600 1347 19.47658522723333333333 .11870542757689649571 .002 .41412419218333333333 .16034751445819038728 .00047169811320754716 8.06572512371784785372 .00922432778432044228 1 OK|590+/-1
node-1 node-2 12 44 15 600 322 19.47595454902000000000 .11627230026104430553 .002 .38243352111333333333 .16426885272740401290 .00047169811320754716 7.44825787522496054824 .00921855646238776855 1 OK|590+/-1
node-1 node-2 12 44 15 600 1147 19.47657445736000000000 .11794988258834434791 .002 .40720228222666666666 .16148175227327854002 .00047169811320754716 7.93090556899459390572 .00922308999945372592 0 OK|590+/-3
node-1 node-2 12 44 15 600 1197 19.47662467221333333333 .11839724588812022784 .002 .41103721044000000000 .16127352375452509163 .00047169811320754716 8.00561747405344791390 .00922379400852154980 0 OK|590+/-4
node-1 node-2 12 44 15 600 1272 19.47672576768000000000 .11872499621111983219 .002 .41208969036333333333 .16109311672516068704 .00047169811320754716 8.02615789089480691472 .00922402934800577810 0 OK|590+/-1
node-1 node-2 12 44 15 600 447 19.47631480494000000000 .11652572419477919146 .002 .38683084306333333333 .16453032343310419147 .00047169811320754716 7.53403927576182070200 .00921945965579551305 1 OK|590+/-1
node-1 node-2 12 44 15 600 997 19.47681152231333333333 .11914472751292274120 .002 .41192426470000000000 .16416474851475630856 .00047169811320754716 8.02297126502940747633 .00922404008051687945 0 OK|590+/-1
node-1 node-2 12 44 15 600 547 19.47620473392666666666 .11679803038478692967 .002 .39074225722666666666 .16407057882079968782 .00047169811320754716 7.61017619994319661204 .00922006767936240910 0 OK|590+/-5
node-1 node-2 12 44 15 600 922 19.47691255092666666666 .11990159668076093551 .002 .41844327038333333333 .16558184254940475317 .00047169811320754716 8.14998298477994574132 .00922526117363421803 0 OK|590+/-1
node-1 node-2 12 44 15 600 697 19.47712763450666666666 .11921230955172038554 .002 .40886056479333333333 .16699404116188024551 .00047169811320754716 7.96342940519623618506 .00922364335099045826 0 OK|590+/-1
node-1 node-2 12 44 15 600 222 19.47603478066000000000 .11572518115364607244 .002 .37865220200000000000 .16445229853186253769 .00047169811320754716 7.37464345592549601332 .00921796978561303486 0 OK|590+/-1
node-1 node-2 12 44 15 600 1072 19.47654098068666666666 .11825597999444257199 .002 .40549053266666666666 .16167775547888972097 .00047169811320754716 7.89755297676279884563 .00922277260308960886 0 OK|590+/-1
node-1 node-2 12 44 15 600 497 19.47621504226666666666 .11671128947410007323 .002 .38830532363666666666 .16367737850123843375 .00047169811320754716 7.56271798520467356224 .00921966069897824276 0 OK|590+/-1
node-1 node-2 12 44 15 600 272 19.47600155744000000000 .11592007549560770679 .002 .38142503086666666666 .16456118112413436715 .00047169811320754716 7.42863449520580007285 .00921841142963684171 0 OK|590+/-1
node-1 node-2 12 44 15 600 347 19.47607457296000000000 .11643727744907227952 .002 .38298814438666666666 .16455978214313918184 .00047169811320754716 7.45910566063429182098 .00921870498255639917 0 OK|590+/-1
node-1 node-2 12 44 15 600 1472 19.47669172606000000000 .11921234347952694202 .002 .42122796380333333333 .15729769309172510257 .00047169811320754716 8.20412719739348350231 .00922566435055314376 0 OK|590+/-1
node-1 node-2 12 44 15 600 1172 19.47665792338000000000 .11814978466747808372 .002 .40842150001333333333 .16136385617966733475 .00047169811320754716 7.95468584431343344224 .00922334485070779948 1 OK|590+/-2
node-1 node-2 12 44 15 600 1397 19.47667283694000000000 .11888687558853077807 .002 .41607453262666666666 .15985955848732462131 .00047169811320754716 8.10374754775230445643 .00922471999966537629 0 OK|590+/-4
node-1 node-2 12 44 15 600 972 19.47673324688000000000 .11948782224025390609 .002 .41342205621666666666 .16469457755067779301 .00047169811320754716 8.05211110730864405530 .00922427134090120963 0 OK|590+/-1
node-1 node-2 12 44 15 600 797 19.47716041764666666666 .11987942010555100862 .002 .41540819828000000000 .16740997293698186638 .00047169811320754716 8.09097211670513411764 .00922482893317905435 0 OK|590+/-1
node-1 node-2 12 44 15 600 472 19.47608631052666666666 .11662637292429126255 .002 .38721892211000000000 .16421251811541887594 .00047169811320754716 7.54150914808346261307 .00921941742098697579 1 OK|590+/-1
node-1 node-2 12 44 15 600 1447 19.47679246726000000000 .11926464455559869734 .002 .41861783975000000000 .15860108459293954900 .00047169811320754716 8.15333278790345380158 .00922523644346083359 0 OK|590+/-1
node-1 node-2 12 44 15 600 422 19.47616152504666666666 .11659607039137897849 .002 .38573771999000000000 .16415194213426182476 .00047169811320754716 7.51269014082846247834 .00921920440355764484 1 OK|590+/-1
node-1 node-2 12 44 15 600 247 19.47598215372666666666 .11591973214975754799 .002 .38040504303666666666 .16438554325414755799 .00047169811320754716 7.40876182936974458908 .00921823371848944389 0 OK|590+/-1
node-1 node-2 12 44 15 600 872 19.47706794912666666666 .12053268838717328647 .002 .41837151597666666666 .16688505106246028032 .00047169811320754716 8.14865044465666949041 .00922532115497814254 0 OK|590+/-3
node-1 node-2 12 44 15 600 847 19.47738089664000000000 .12048093371445790326 .002 .41783809167000000000 .16699792889114979395 .00047169811320754716 8.13839166458177111498 .00922537146210381492 1 OK|590+/-1
node-1 node-2 12 44 15 600 97 19.47592815574000000000 .11550215713606094954 .002 .37300340232333333333 .16381244756410948357 .00047169811320754716 7.26458746549582259777 .00921699837617012222 0 OK|590+/-1
node-1 node-2 12 44 15 600 147 19.47586969249333333333 .11566655203127898629 .002 .37503542064000000000 .16520779306909596021 .00047169811320754716 7.30414098245406471706 .00921730071631076328 0 OK|590+/-1
node-1 node-2 48 44 15 2400 1247 19.47930289818000000000 .12821971666078383562 .002 .49068058692333333333 .14799878004689578822 .00047169811320754716 9.55811577893635040940 .00924060892266754842 142 OK|2389+/-5
node-1 node-2 48 44 15 2400 597 19.47866227711333333333 .12570948861666561727 .002 .47018108972333333333 .14652949303656653803 .00047169811320754716 9.15849865580593255679 .00923604415110477425 1 OK
node-1 node-2 48 44 15 2400 647 19.47896791933333333333 .12570731867025105881 .002 .47132224702333333333 .14678852009078021769 .00047169811320754716 9.18087092943561066005 .00923642022069000009 2 OK|2391+/-5
node-1 node-2 48 44 15 2400 822 19.47910293490666666666 .12647439914753679228 .002 .47652219747000000000 .14750393984479383406 .00047169811320754716 9.28222493528605116934 .00923755074698404241 1 OK|2390+/-8
node-1 node-2 48 44 15 2400 947 19.47921297793333333333 .12718802646572842345 .002 .48109605693000000000 .14747959975483844908 .00047169811320754716 9.37137255578340976707 .00923855062887488699 1 OK|2390+/-6
node-1 node-2 48 44 15 2400 722 19.47878991543333333333 .12594438200769171057 .002 .47472476651333333333 .14690543665757307775 .00047169811320754716 9.24706399456636111178 .00923703368604587963 1 OK|2391+/-5
node-1 node-2 48 44 15 2400 122 19.47817000239333333333 .12290338173526281839 .002 .45195882730000000000 .14540163743138979451 .00047169811320754716 8.80333087223172912666 .00923217367093549968 1 OK|2393+/-3
node-1 node-2 48 44 15 2400 897 19.47879101357333333333 .12714333860980938257 .002 .47865011639666666666 .14747987727541495252 .00047169811320754716 9.32352558591322067642 .00923784445397275619 1 OK|2392+/-4
node-1 node-2 48 44 15 2400 72 19.47802744875333333333 .12242338378211191500 .002 .45011107615333333333 .14529700850840127431 .00047169811320754716 8.76727589630252860066 .00923174565684028363 3 OK|2393+/-3
node-1 node-2 48 44 15 2400 1372 19.47964803364666666666 .12942619237497368654 .002 .49240155045000000000 .14885049651469248747 .00047169811320754716 9.59180889398791243413 .00924113696492321717 2 OK
node-1 node-2 48 44 15 2400 672 19.47897259900000000000 .12577525748427834743 .002 .47237370856666666666 .14669511413073340449 .00047169811320754716 9.20135452565811156463 .00923663727213787203 2 OK|2390+/-6
node-1 node-2 48 44 15 2400 747 19.47878889971333333333 .12609628129146455669 .002 .47427619212666666666 .14708361259430913675 .00047169811320754716 9.23832582659522288545 .00923694103709482763 1 OK|2387+/-9
node-1 node-2 48 44 15 2400 297 19.47863283332666666666 .12353304213743379039 .002 .46064547375666666666 .14536296751742012892 .00047169811320754716 8.97274404963992470726 .00923410809580033019 2 OK|2391+/-4
node-1 node-2 48 44 15 2400 1322 19.47972983390666666666 .12883651192902590037 .002 .49035297860000000000 .14891621678505449891 .00047169811320754716 9.55194354637941727439 .00924073960843989803 1 OK|2384+/-9
node-1 node-2 48 44 15 2400 197 19.47847535454666666666 .12343560147947865041 .002 .45671785998666666666 .14541571545618403933 .00047169811320754716 8.89616757973158186527 .00923325376645267017 2 OK|2391+/-5
node-1 node-2 48 44 15 2400 397 19.47848120516000000000 .12463472617219173755 .002 .46397982244000000000 .14554848547162837468 .00047169811320754716 9.03762225097101401179 .00923470465776665160 1 OK|2392+/-4
node-1 node-2 48 44 15 2400 1297 19.47945994044000000000 .12891982371875479538 .002 .48972097892333333333 .14856105244531551840 .00047169811320754716 9.53950019093013322859 .00924047895646113302 3 OK|2390+/-7
node-1 node-2 48 44 15 2400 572 19.47883430826666666666 .12523622579146315027 .002 .46964098077333333333 .14623248030011161901 .00047169811320754716 9.14805884885561129965 .00923601495794469033 2 OK|2391+/-6
node-1 node-2 48 44 15 2400 522 19.47869314334000000000 .12496247742691708714 .002 .46846664650000000000 .14616993264419351315 .00047169811320754716 9.12511805506303360931 .00923571015547233758 1 OK|2392+/-4
node-1 node-2 48 44 15 2400 172 19.47834105126666666666 .12317304617934012668 .002 .45567268608666666666 .14535366186254887259 .00047169811320754716 8.87574798734286859324 .00923298416368988147 1 OK|2393+/-3
node-1 node-2 48 44 15 2400 1047 19.47901737312000000000 .12754721763667416167 .002 .48293789019333333333 .14805318270167292425 .00047169811320754716 9.40715555321385887553 .00923884324714754644 1 OK|2390+/-6
node-1 node-2 48 44 15 2400 1122 19.47935050272000000000 .12820004928337089679 .002 .48505727556666666666 .14859878168579486937 .00047169811320754716 9.44860068465754190607 .00923944361957318726 2 OK|2390+/-6
node-1 node-2 48 44 15 2400 622 19.47870899382666666666 .12549680704154325467 .002 .47111270060333333333 .14679616073752303424 .00047169811320754716 9.17666719834811869154 .00923625596109480337 2 OK|2389+/-6
node-1 node-2 48 44 15 2400 372 19.47848345985333333333 .12403481126508356210 .002 .46339901183000000000 .14528608039013936158 .00047169811320754716 9.02630998724303414339 .00923458906144421133 1 OK|2391+/-5
node-1 node-2 48 44 15 2400 1022 19.47892808776000000000 .12740518554917909717 .002 .48237614755000000000 .14774219673926252227 .00047169811320754716 9.39617028937715710898 .00923868397435297491 2 OK|2390+/-6
node-1 node-2 48 44 15 2400 1422 19.47970809644000000000 .12938662180807051660 .002 .49423231193333333333 .14861035665286805945 .00047169811320754716 9.62750116829001296278 .00924155604967079880 2 OK|2386+/-6
node-1 node-2 48 44 15 2400 1222 19.47941572144000000000 .12859667161262050774 .002 .48789798316666666666 .14821994746235002778 .00047169811320754716 9.50396764375563514229 .00924007247047850756 2 OK|2388+/-8
node-1 node-2 48 44 15 2400 772 19.47913217958000000000 .12609853443657961296 .002 .47569064248666666666 .14709854190493883365 .00047169811320754716 9.26604090158711381762 .00923739303221713415 1 OK|2384+/-9
node-1 node-2 48 44 15 2400 1097 19.47935544241333333333 .12802832140931844120 .002 .48448600224000000000 .14832376783005163168 .00047169811320754716 9.43747504450682240433 .00923932604257740922 1 OK|2392+/-5
node-1 node-2 48 44 15 2400 1347 19.47944060224000000000 .12907166923353901813 .002 .49148580659666666666 .14831084885374005417 .00047169811320754716 9.57386857644378469798 .00924084467776810487 0 OK|2391+/-5
node-1 node-2 48 44 15 2400 322 19.47840440202666666666 .12399612142442704469 .002 .46175297401333333333 .14539387929956234557 .00047169811320754716 8.99421116167021701926 .00923422213994953069 2 OK|2391+/-5
node-1 node-2 48 44 15 2400 1147 19.47938191986000000000 .12803319818055000081 .002 .48589066433666666666 .14824808831412189947 .00047169811320754716 9.46484982190842876659 .00923963351223298628 1 OK|2389+/-6
node-1 node-2 48 44 15 2400 1197 19.47952614789333333333 .12824528807235264953 .002 .48749452582000000000 .14847094071770681681 .00047169811320754716 9.49616236266555172527 .00924003908841984390 2 OK|2387+/-8
node-1 node-2 48 44 15 2400 1272 19.47968481034000000000 .12863606598929842801 .002 .48940062937000000000 .14850685577845198389 .00047169811320754716 9.53337000610962508368 .00924051654166305142 2 OK|2389+/-8
node-1 node-2 48 44 15 2400 447 19.47851988566666666666 .12459221346306429582 .002 .46648890827333333333 .14526102577947614978 .00047169811320754716 9.08651347624505695401 .00923522841615239043 3 OK|2390+/-5
node-1 node-2 48 44 15 2400 997 19.47915481540000000000 .12733746116162611713 .002 .48175558069000000000 .14782925965115159099 .00047169811320754716 9.38419153944343675462 .00923866081484848592 2 OK|2387+/-7
node-1 node-2 48 44 15 2400 547 19.47876035190000000000 .12534548248828688357 .002 .46922124460333333333 .14586033792761975635 .00047169811320754716 9.13984817564858117584 .00923589491871925857 2 OK|2393+/-3
node-1 node-2 48 44 15 2400 922 19.47911638610666666666 .12691561764679521583 .002 .48003490012666666666 .14809227017229081085 .00047169811320754716 9.35065568896042986477 .00923828451624076741 1 OK|2387+/-7
node-1 node-2 48 44 15 2400 697 19.47907614295333333333 .12584328525881760414 .002 .47344191280333333333 .14654215955304240806 .00047169811320754716 9.22221106876160262821 .00923690461824910152 2 OK|2389+/-6
node-1 node-2 48 44 15 2400 222 19.47829018377333333333 .12338583457168656627 .002 .45809386930333333333 .14543328877130859447 .00047169811320754716 8.92288531769786197470 .00923343951308927187 2 OK|2392+/-4
node-1 node-2 48 44 15 2400 1072 19.47906804012000000000 .12778927802929060503 .002 .48377214714333333333 .14840049594712624591 .00047169811320754716 9.42343057011993428999 .00923904159922708000 4 OK|2386+/-10
node-1 node-2 48 44 15 2400 497 19.47881667780666666666 .12477718100145459028 .002 .46786413866000000000 .14559960441825491412 .00047169811320754716 9.11343978707805883800 .00923564595940574965 1 OK|2389+/-6
node-1 node-2 48 44 15 2400 272 19.47832488564000000000 .12345775879577170057 .002 .45969934879666666666 .14474851461424009251 .00047169811320754716 8.95417326557861472148 .00923377496064875895 2 OK|2392+/-4
node-1 node-2 48 44 15 2400 347 19.47845363798666666666 .12437278820529247723 .002 .46269716054666666666 .14535670568395458700 .00047169811320754716 9.01262519013632010649 .00923443429312921420 1 OK
node-1 node-2 48 44 15 2400 1472 19.47962321502000000000 .12951572760978171654 .002 .49560131924333333333 .14860281646139079109 .00047169811320754716 9.65412696372697426030 .00924180949758263844 1 OK|2382+/-14
node-1 node-2 48 44 15 2400 1172 19.47932777102666666666 .12810205804903499886 .002 .48657225499666666666 .14820092602895697210 .00047169811320754716 9.47810043936763777243 .00923975158485322050 2 OK|2390+/-5
node-1 node-2 48 44 15 2400 1397 19.47952687748666666666 .12937211677316473324 .002 .49345908018333333333 .14888892105969912753 .00047169811320754716 9.61234941537108983973 .00924130577809997692 2 OK|2388+/-6
node-1 node-2 48 44 15 2400 972 19.47908407722000000000 .12733162408478650972 .002 .48127099109333333333 .14772759866339134232 .00047169811320754716 9.37471809943403777216 .00923852660278514974 1 OK|2389+/-10
node-1 node-2 48 44 15 2400 797 19.47887286879333333333 .12655913489100015442 .002 .47648588216666666666 .14691579920721133118 .00047169811320754716 9.28140792249934052038 .00923743531119327514 0 OK|2390+/-4
node-1 node-2 48 44 15 2400 472 19.47859301868000000000 .12472659725647419016 .002 .46735057032000000000 .14550030069623823316 .00047169811320754716 9.10333155631126841357 .00923543699160893847 2 OK|2390+/-6
node-1 node-2 48 44 15 2400 1447 19.47941239817333333333 .12983869260732831046 .002 .49484657634333333333 .14870155002033940870 .00047169811320754716 9.63932053441595424447 .00924154885401627793 2 OK|2384+/-11
node-1 node-2 48 44 15 2400 422 19.47877215959333333333 .12454706455087591007 .002 .46497196075000000000 .14555235376978994718 .00047169811320754716 9.05708288404862412262 .00923504080610849439 2 OK|2391+/-4
node-1 node-2 48 44 15 2400 247 19.47817784925333333333 .12362347793200155493 .002 .45896930461000000000 .14516813761442382784 .00047169811320754716 8.93988574254170780772 .00923356068204222070 1 OK|2393+/-4
node-1 node-2 48 44 15 2400 872 19.47923291532000000000 .12675434598508958548 .002 .47848717084666666666 .14737691455924378056 .00047169811320754716 9.32056304791473364590 .00923801801094878900 1 OK|2391+/-5
node-1 node-2 48 44 15 2400 847 19.47884962195333333333 .12669748231906518042 .002 .47806498817666666666 .14754327066897796179 .00047169811320754716 9.31215601421418826964 .00923775075283882510 1 OK|2389+/-5
node-1 node-2 48 44 15 2400 97 19.47819584145333333333 .12236069476703117012 .002 .45179518050333333333 .14545773131898416474 .00047169811320754716 8.80015500606868543506 .00923215376124160098 1 OK|2392+/-4
node-1 node-2 48 44 15 2400 147 19.47826702850000000000 .12290314878144276300 .002 .45388940205000000000 .14506769596346446058 .00047169811320754716 8.84097897453609530842 .00923259805912810708 1 OK|2392+/-4
node-1 node-2 6 44 15 300 1247 19.47603068714666666666 .11609998301188167693 .002 .38966655835666666666 .15581189979041249559 .00047169811320754716 7.58915784830926738612 .00921980377433826950 0 OK|290+/-1
node-1 node-2 6 44 15 300 597 19.47574823958000000000 .11465558406029530191 .002 .37004628384333333333 .15725358597725794090 .00047169811320754716 7.20692826112492016312 .00921643698186594448 0 OK|290+/-1
node-1 node-2 6 44 15 300 647 19.47573624449333333333 .11462920403731079921 .002 .37143186678666666666 .15689599305446701780 .00047169811320754716 7.23390907033690353676 .00921665428456304744 0 OK|290+/-1
node-1 node-2 6 44 15 300 822 19.47582982721333333333 .11495123196417591404 .002 .37691801887333333333 .15702177920508995292 .00047169811320754716 7.34079119438742344554 .00921758913700384456 1 OK|290+/-1
node-1 node-2 6 44 15 300 947 19.47590041732000000000 .11531693890305608775 .002 .38015100845000000000 .15653133780379913887 .00047169811320754716 7.40378318411597384635 .00921815337628812455 1 OK|290+/-1
node-1 node-2 6 44 15 300 722 19.47549964503333333333 .11499000566213862305 .002 .37405818398333333333 .15734988454093200766 .00047169811320754716 7.28497002938922162531 .00921696789936967340 0 OK|290+/-1
node-1 node-2 6 44 15 300 122 19.47511083942666666666 .11385570146618635944 .002 .35623305294333333333 .15669717024891084608 .00047169811320754716 6.93767819073876462197 .00921395992695350070 1 OK|290+/-1
node-1 node-2 6 44 15 300 897 19.47607164139333333333 .11531393594041514698 .002 .37866296099000000000 .15677261569907284665 .00047169811320754716 7.37486695618336904924 .00921798888181124408 0 OK|290+/-1
node-1 node-2 6 44 15 300 72 19.47539006443333333333 .11341718687923263925 .002 .35452853071333333333 .15661242525765385014 .00047169811320754716 6.90458142461259986222 .00921382827004520363 0 OK|290+/-1
node-1 node-2 6 44 15 300 1372 19.47622627713333333333 .11611470636031585060 .002 .39278969181000000000 .15548437026199730372 .00047169811320754716 7.65006091701702565027 .00922042578442423557 1 OK|290+/-1
node-1 node-2 6 44 15 300 672 19.47578475492666666666 .11480363469400058838 .002 .37221823294000000000 .15712681806897389262 .00047169811320754716 7.24924218659859482594 .00921680398785662415 0 OK|290+/-1
node-1 node-2 6 44 15 300 747 19.47562132558000000000 .11507578677396030074 .002 .37434524226000000000 .15719825876350254389 .00047169811320754716 7.29060618328826743501 .00921707172343693059 0 OK|290+/-1
node-1 node-2 6 44 15 300 297 19.47542694788666666666 .11407426234530952666 .002 .36061575839000000000 .15716020191268323147 .00047169811320754716 7.02314585878119330776 .00921479050361895585 0 OK|290+/-2
node-1 node-2 6 44 15 300 1322 19.47610764258000000000 .11630399184454805659 .002 .39152175040666666666 .15535175618273617282 .00047169811320754716 7.62531975533157988951 .00922015431613004728 0 OK|290+/-3
node-1 node-2 6 44 15 300 197 19.47564565685333333333 .11383865194808250284 .002 .35757119255333333333 .15686571845211783410 .00047169811320754716 6.96392984326719329923 .00921441876703573853 0 OK|290+/-1
node-1 node-2 6 44 15 300 397 19.47575271912000000000 .11392789063763360821 .002 .36392758245666666666 .15737925716142317114 .00047169811320754716 7.08776360359319384277 .00921546448073923130 1 OK|290+/-2
node-1 node-2 6 44 15 300 1297 19.47614240607333333333 .11610405809389823972 .002 .39063945715333333333 .15564932430731239306 .00047169811320754716 7.60814969694950227104 .00922002096096825421 1 OK|290+/-3
node-1 node-2 6 44 15 300 572 19.47563182477333333333 .11462998196908036554 .002 .36925273402666666666 .15749931070941658140 .00047169811320754716 7.19143029819431244548 .00921625493528822801 0 OK|290+/-1
node-1 node-2 6 44 15 300 522 19.47549228698000000000 .11466830870791078742 .002 .36750709200000000000 .15733132202516606095 .00047169811320754716 7.15738153565644926216 .00921591022306826836 0 OK|290+/-1
node-1 node-2 6 44 15 300 172 19.47536348898000000000 .11391325847121398032 .002 .35685925762333333333 .15693343318808217186 .00047169811320754716 6.94996375662197372925 .00921417566992035213 0 OK|290+/-1
node-1 node-2 6 44 15 300 1047 19.47581610080666666666 .11573307445852188230 .002 .38280899142333333333 .15646267448610652878 .00047169811320754716 7.45551751869611650201 .00921855371843790255 0 OK|290+/-1
node-1 node-2 6 44 15 300 1122 19.47599530710000000000 .11587466458162023922 .002 .38513660527333333333 .15630574121514246829 .00047169811320754716 7.50091871689586511270 .00921902574667777950 1 OK|290+/-1
node-1 node-2 6 44 15 300 622 19.47568506048000000000 .11480835898430792277 .002 .37069439008666666666 .15753963745906015052 .00047169811320754716 7.21952719501463941231 .00921651145518721470 0 OK|290+/-3
node-1 node-2 6 44 15 300 372 19.47560205283333333333 .11431063832291662349 .002 .36285306724000000000 .15712511711647335580 .00047169811320754716 7.06678194121621553251 .00921522414689756149 0 OK|290+/-1
node-1 node-2 6 44 15 300 1022 19.47602470183333333333 .11552161892318781649 .002 .38211589234000000000 .15639057992064981056 .00047169811320754716 7.44209855817692660062 .00921853675361288994 0 OK|290+/-1
node-1 node-2 6 44 15 300 1422 19.47610035268666666666 .11649710799079454474 .002 .39421966571333333333 .15503829338083683217 .00047169811320754716 7.67786177043547116814 .00922061071123535016 0 OK|290+/-2
node-1 node-2 6 44 15 300 1222 19.47585055504000000000 .11622079080654193741 .002 .38845776595666666666 .15590184731397156671 .00047169811320754716 7.56554539671674491645 .00921951506928015927 1 OK|290+/-1
node-1 node-2 6 44 15 300 772 19.47578327602666666666 .11514433688807180724 .002 .37536479057666666666 .15722096194031534629 .00047169811320754716 7.31052331072229679010 .00921731371852395127 0 OK|290+/-1
node-1 node-2 6 44 15 300 1097 19.47607969641333333333 .11572019524208810869 .002 .38470366226333333333 .15616183316111403390 .00047169811320754716 7.49251918574275858561 .00921899310746724498 0 OK|290+/-2
node-1 node-2 6 44 15 300 1347 19.47588358507333333333 .11649770149434863738 .002 .39218328271000000000 .15534861683790662752 .00047169811320754716 7.63811595807186342274 .00922016147039514324 0 OK|290+/-1
node-1 node-2 6 44 15 300 322 19.47567229414000000000 .11394649838237373558 .002 .36161153975000000000 .15734222318951186088 .00047169811320754716 7.04262784595038030206 .00921506196732549758 1 OK|290+/-1
node-1 node-2 6 44 15 300 1147 19.47593939517333333333 .11590686946876625137 .002 .38607055099666666666 .15635932469984514690 .00047169811320754716 7.51908665347225574239 .00921915572081065132 0 OK|290+/-2
node-1 node-2 6 44 15 300 1197 19.47615609752000000000 .11591192248040532573 .002 .38771561564000000000 .15611874789971235216 .00047169811320754716 7.55120985165070667721 .00921953372112368110 0 OK|290+/-3
node-1 node-2 6 44 15 300 1272 19.47599648503333333333 .11630439400535085759 .002 .38995181937000000000 .15571872032961578521 .00047169811320754716 7.59470026338247330842 .00921983594179609087 0 OK|290+/-1
node-1 node-2 6 44 15 300 447 19.47554545246666666666 .11459358513418535562 .002 .36521795018666666666 .15738265792578985600 .00047169811320754716 7.11281878891713359432 .00921557121159640597 0 OK|290+/-1
node-1 node-2 6 44 15 300 997 19.47615848628666666666 .11572659349808818903 .002 .38149856243666666666 .15660661999907550769 .00047169811320754716 7.43012646430704925865 .00921849736975350771 1 OK|290+/-2
node-1 node-2 6 44 15 300 547 19.47569907449333333333 .11461587087097619357 .002 .36827148689000000000 .15743516466553928373 .00047169811320754716 7.17234465638585674005 .00921612950684721064 0 OK|290+/-1
node-1 node-2 6 44 15 300 922 19.47584929014666666666 .11573578095306892151 .002 .37953012118333333333 .15679106007471443982 .00047169811320754716 7.39167144123770087753 .00921802700462647809 0 OK|290+/-1
node-1 node-2 6 44 15 300 697 19.47562155139333333333 .11504923151105508218 .002 .37264172508000000000 .15716894683639385467 .00047169811320754716 7.25742921191643761094 .00921679570629022242 0 OK|290+/-2
node-1 node-2 6 44 15 300 222 19.47545851742666666666 .11401832658407200000 .002 .35792007645000000000 .15703515658654540893 .00047169811320754716 6.97065760145615619059 .00921438494137784217 0 OK|290+/-1
node-1 node-2 6 44 15 300 1072 19.47599102824666666666 .11578207716933403220 .002 .38367245275666666666 .15604889323501673259 .00047169811320754716 7.47240124767423307206 .00921877952980484776 0 OK|290+/-1
node-1 node-2 6 44 15 300 497 19.47551911642000000000 .11448446314435054326 .002 .36677859517000000000 .15710369573530714675 .00047169811320754716 7.14320354172700727969 .00921580675033760568 0 OK|290+/-2
node-1 node-2 6 44 15 300 272 19.47559654042000000000 .11419499645570301697 .002 .35994828912333333333 .15719363912062674271 .00047169811320754716 7.01020765438048858130 .00921476586752985004 0 OK|290+/-1
node-1 node-2 6 44 15 300 347 19.47548193265333333333 .11417517082747499016 .002 .36228883578000000000 .15708351831624882627 .00047169811320754716 7.05574967563540049966 .00921507886318576657 0 OK|290+/-1
node-1 node-2 6 44 15 300 1472 19.47610598810666666666 .11654273486438959820 .002 .39564567125666666666 .15466843268836474312 .00047169811320754716 7.70563702713044735638 .00922085766828543070 0 OK|290+/-1
node-1 node-2 6 44 15 300 1172 19.47606276500000000000 .11578298277187271314 .002 .38658434875000000000 .15604631292144530519 .00047169811320754716 7.52914104022164929375 .00921929983121417415 0 OK|290+/-1
node-1 node-2 6 44 15 300 1397 19.47616606924666666666 .11643949257889302993 .002 .39345528700000000000 .15531804016509576110 .00047169811320754716 7.66300051043510910712 .00922051100077942914 0 OK|290+/-1
node-1 node-2 6 44 15 300 972 19.47585963078000000000 .11562886701586114373 .002 .38068743427666666666 .15686694280389695680 .00047169811320754716 7.41421503317414678290 .00921822275258769498 0 OK|290+/-1
node-1 node-2 6 44 15 300 797 19.47570011008000000000 .11543640301808187218 .002 .37570199777666666666 .15724612796855791599 .00047169811320754716 7.31705943945630291512 .00921732957392527708 0 OK|290+/-1
node-1 node-2 6 44 15 300 472 19.47567162978666666666 .11462698331507293252 .002 .36608717848666666666 .15734481677399697970 .00047169811320754716 7.12979367608142173505 .00921576849591101545 0 OK|290+/-1
node-1 node-2 6 44 15 300 1447 19.47593255962666666666 .11666458208310303950 .002 .39491577140666666666 .15479371815826808916 .00047169811320754716 7.69135293064918111294 .00922065100452079468 1 OK|290+/-2
node-1 node-2 6 44 15 300 422 19.47557448755333333333 .11405174999851306161 .002 .36587800278000000000 .15693001277155794757 .00047169811320754716 7.12568429649913556873 .00921568959103447667 0 OK|290+/-1
node-1 node-2 6 44 15 300 247 19.47552673092666666666 .11397939656742221549 .002 .35881229850000000000 .15698995942831748104 .00047169811320754716 6.98805851082198830160 .00921455582011234169 1 OK|290+/-2
node-1 node-2 6 44 15 300 872 19.47584409113333333333 .11553450332071145659 .002 .37768720466666666666 .15699401736420108582 .00047169811320754716 7.35577711330396591849 .00921772178178421319 0 OK|290+/-1
node-1 node-2 6 44 15 300 847 19.47582046999333333333 .11550718476220059459 .002 .37729440634333333333 .15697234860454168486 .00047169811320754716 7.34811812227547388525 .00921764633226663670 0 OK|290+/-1
node-1 node-2 6 44 15 300 97 19.47541330112666666666 .11376257311431046692 .002 .35575841234666666666 .15665459858168845402 .00047169811320754716 6.92854211580397735511 .00921402881733029148 0 OK|290+/-1
node-1 node-2 6 44 15 300 147 19.47549379632666666666 .11405809808610800213 .002 .35698472990000000000 .15677759917244572210 .00047169811320754716 6.95245389255080071216 .00921425639209932067 2 OK|290+/-1
