#TXnode RXnode MCS CHANNEL TXPOWER FPS SIZE Vmu Vsd Verr Imu Isd Ierr Pmu Perr loss status
node-1 node-2 24 44 15 1200 772 19.47554186959333333333 .11462143630486121272 .002 .35831531100000000000 .15975614912441990008 .00047169811320754716 6.97838484189685667685 .00921448558241706024 0 ERR|0+/-0
node-1 node-2 24 44 15 1200 547 19.47585966660666666666 .11438195955263641377 .002 .35906744685000000000 .16004357186645166115 .00047169811320754716 6.99314720569734800318 .00921475214327060237 -1 ERR|0+/-0
node-1 node-2 24 44 15 1200 822 19.47571560088666666666 .11452033158377957678 .002 .35885743160000000000 .15985621564023376282 .00047169811320754716 6.98900527910623988268 .00921465166938850488 -1 ERR|0+/-0
node-1 node-2 24 44 15 1200 1072 19.47561815898666666666 .11451401263745340292 .002 .35875795083000000000 .15955583775952494468 .00047169811320754716 6.98703286186559368262 .00921459035111469184 -1 ERR|0+/-0
node-1 node-2 24 44 15 1200 1172 19.47558933325333333333 .11439372198127225596 .002 .36034919181666666666 .15948998388799124939 .00047169811320754716 7.01801287639113268674 .00921482515344337719 -1 ERR|0+/-0
node-1 node-2 24 44 15 1200 847 19.47571101299333333333 .11462652234244070841 .002 .35891074376000000000 .15953700125830639427 .00047169811320754716 6.99004192492826029058 .00921465781727950275 -1 ERR|0+/-0
node-1 node-2 24 44 15 1200 397 19.47557204820666666666 .11443280042919787633 .002 .35906756446666666666 .15972747760127721243 .00047169811320754716 6.99304622194465865759 .00921461690517872153 0 ERR|0+/-0
node-1 node-2 24 44 15 1200 697 19.47545407279333333333 .11461362608859372315 .002 .35892599770333333333 .15970998233337914250 .00047169811320754716 6.99024678380279377275 .00921453936402078430 -1 ERR|0+/-0
node-1 node-2 24 44 15 1200 1222 19.47541471446666666666 .11460936319922373811 .002 .35921185531666666666 .15958946310021194118 .00047169811320754716 6.99579985264508132844 .00921456541197236062 -1 ERR|0+/-0
node-1 node-2 24 44 15 1200 247 19.47555452888000000000 .11438170354403247560 .002 .36054516924333333333 .15947233053639789872 .00047169811320754716 7.02181710372280658268 .00921483944999680556 -1 ERR|0+/-0
node-1 node-2 24 44 15 1200 1247 19.47549069624666666666 .11457940978929852844 .002 .35937529269000000000 .15965174158014102644 .00047169811320754716 6.99901016924501771776 .00921462663414925184 -1 ERR|0+/-0
node-1 node-2 24 44 15 1200 472 19.47551965410000000000 .11434462154786559789 .002 .35895752275666666666 .15954565956424120602 .00047169811320754716 6.99088428943450967833 .00921457511665541852 -1 ERR|0+/-0
node-1 node-2 24 44 15 1200 1022 19.47543048619333333333 .11483826807324898110 .002 .35906565888666666666 .15950723190545531550 .00047169811320754716 6.99295827962648417950 .00921455003671915550 0 ERR|0+/-0
node-1 node-2 24 44 15 1200 1047 19.47550702073333333333 .11434635079559427877 .002 .35894489806000000000 .15920610334397992171 .00047169811320754716 6.99063388222394063977 .00921456720846633252 -1 ERR|0+/-0
node-1 node-2 24 44 15 1200 222 19.47538192192000000000 .11439212678404018597 .002 .36053371839666666666 .15902708852411279600 .00047169811320754716 7.02153186150503812745 .00921475648917205733 -1 ERR|0+/-0
node-1 node-2 24 44 15 1200 497 19.47525283140000000000 .11486956700104652779 .002 .35915202993666666666 .15961513022163973211 .00047169811320754716 6.99457658792712506254 .00921447995646815328 -1 ERR|0+/-0
node-1 node-2 24 44 15 1200 647 19.47538816121333333333 .11444440220740281196 .002 .35933145141666666666 .15928930888921833413 .00047169811320754716 6.99811949487175405425 .00921457157697264837 -1 ERR|0+/-0
node-1 node-2 24 44 15 1200 1422 19.47555108903333333333 .11468590732402623979 .002 .35900864147333333333 .15957045468978576436 .00047169811320754716 6.99189113841835451910 .00921459786533523230 -1 ERR|0+/-0
node-1 node-2 24 44 15 1200 347 19.47554600196000000000 .11440287378347673836 .002 .35908813002000000000 .15946276515219618735 .00047169811320754716 6.99343739496230365483 .00921460786220254573 -1 ERR|0+/-0
node-1 node-2 24 44 15 1200 1097 19.47547550860000000000 .11444242748416641131 .002 .36066230937333333333 .15938494342114405842 .00047169811320754716 7.02406997307546954721 .00921482062678480790 0 ERR|0+/-0
node-1 node-2 24 44 15 1200 1297 19.47572781282666666666 .11424529835599360147 .002 .35938075822333333333 .15966242061231529293 .00047169811320754716 6.99920182832490880074 .00921473899345939315 -1 ERR|0+/-0
node-1 node-2 24 44 15 1200 447 19.47542779618000000000 .11454670496899408812 .002 .35928551189000000000 .15944609115976248682 .00047169811320754716 6.99723904502726588658 .00921458305040253082 -1 ERR|0+/-0
node-1 node-2 24 44 15 1200 1372 19.47544079564666666666 .11457637675666356718 .002 .35911262125666666666 .15974330841670487074 .00047169811320754716 6.99387659425369632733 .00921456220532735347 -1 ERR|0+/-0
node-1 node-2 24 44 15 1200 997 19.47534922552666666666 .11460457715653656129 .002 .35943256158333333333 .15948011104835619639 .00047169811320754716 7.00007465986103675528 .00921456904083142023 -1 ERR|0+/-0
node-1 node-2 24 44 15 1200 797 19.47550901032666666666 .11420128290842769595 .002 .36060213451333333333 .15918115630698753320 .00047169811320754716 7.02291011985745199567 .00921482696096756989 -1 ERR|0+/-0
node-1 node-2 24 44 15 1200 1447 19.47540203199333333333 .11460556605765522071 .002 .35938824821333333333 .15927005612895593671 .00047169811320754716 6.99923061952847644777 .00921458695994550099 -1 ERR|0+/-0
node-1 node-2 24 44 15 1200 372 19.47539116634666666666 .11452104384400644228 .002 .35908543969333333333 .15965021714428781352 .00047169811320754716 6.99332940016725270145 .00921453462933813548 0 ERR|0+/-0
node-1 node-2 24 44 15 1200 1272 19.47573155316000000000 .11455013435355875683 .002 .35902299734333333333 .15955035986484009265 .00047169811320754716 6.99223551766963585370 .00921468496839463470 -1 ERR|0+/-0
node-1 node-2 24 44 15 1200 522 19.47536349254000000000 .11459875256630703622 .002 .35946840241000000000 .15943686979236370096 .00047169811320754716 7.00077780101739175302 .00921458134248777522 -1 ERR|0+/-0
node-1 node-2 24 44 15 1200 597 19.47540875882666666666 .11418949583196411481 .002 .35914240064333333333 .15918291345956880004 .00047169811320754716 6.99444505515520988544 .00921455178207720909 -1 ERR|0+/-0
node-1 node-2 24 44 15 1200 947 19.47556533298000000000 .11448250498846924584 .002 .35900359945666666666 .15961913064556768594 .00047169811320754716 6.99179805599329489695 .00921460377799011171 -1 ERR|0+/-0
node-1 node-2 24 44 15 1200 422 19.47568820104000000000 .11434008947076295186 .002 .35895905610666666666 .15921569795240830338 .00047169811320754716 6.99097465367306335955 .00921465461719513337 -1 ERR|0+/-0
node-1 node-2 24 44 15 1200 622 19.47541001464666666666 .11432904428632331080 .002 .35932943525000000000 .15915054088052900063 .00047169811320754716 6.99808808182518096162 .00921458153930841723 -1 ERR|0+/-0
node-1 node-2 24 44 15 1200 672 19.47552772497333333333 .11434317889389402575 .002 .35924371653000000000 .15950232320256872926 .00047169811320754716 6.99646096130247596180 .00921462352492991978 0 ERR|0+/-0
node-1 node-2 24 44 15 1200 1397 19.47542514627333333333 .11463772141113429580 .002 .35895870282333333333 .15934666842639769479 .00047169811320754716 6.99087334743920257424 .00921453085687946947 -1 ERR|0+/-0
node-1 node-2 24 44 15 1200 1147 19.47539570170666666666 .11450426924901793918 .002 .35929664875333333333 .15949537088539045956 .00047169811320754716 6.99744440876827797447 .00921456969457942295 -1 ERR|0+/-0
node-1 node-2 24 44 15 1200 1347 19.47570064649333333333 .11430527582521428813 .002 .35939782087666666666 .15956563774743583761 .00047169811320754716 6.99952437239599221116 .00921472888007755169 -1 ERR|0+/-0
node-1 node-2 24 44 15 1200 872 19.47570139118000000000 .11448079759908506717 .002 .35893492577333333333 .15955151714220843368 .00047169811320754716 6.99050943322679803728 .00921465706016408078 -1 ERR|0+/-0
node-1 node-2 24 44 15 1200 747 19.47559831560000000000 .11421069838411905359 .002 .36071599607333333333 .15908535750971201356 .00047169811320754716 7.02515984553578688067 .00921488678248954776 -1 ERR|0+/-0
node-1 node-2 24 44 15 1200 1322 19.47559516980000000000 .11436164182769605424 .002 .35924884617000000000 .15956181243882772739 .00047169811320754716 6.99658509322467522966 .00921465604161636518 -1 ERR|0+/-0
node-1 node-2 24 44 15 1200 572 19.47538088036000000000 .11473068194071988610 .002 .35947559608666666666 .15946647472114908657 .00047169811320754716 7.00092415098228203739 .00921459064182300395 0 ERR|0+/-0
node-1 node-2 24 44 15 1200 1472 19.47560322878666666666 .11425986251560465158 .002 .35923436692666666666 .15958591093098907100 .00047169811320754716 6.99630599640812347446 .00921465757350722013 -1 ERR|0+/-0
node-1 node-2 24 44 15 1200 1197 19.47575424264000000000 .11446064453559498823 .002 .35910395969666666666 .15959742234123184249 .00047169811320754716 6.99382046661117940066 .00921470825767198882 -1 ERR|0+/-0
node-1 node-2 24 44 15 1200 297 19.47551649266666666666 .11415771649464932451 .002 .36041607646000000000 .15908340079218654678 .00047169811320754716 7.01928924131894036262 .00921480136312270325 -1 ERR|0+/-0
node-1 node-2 24 44 15 1200 897 19.47552088180666666666 .11465251998892690295 .002 .35936883180666666666 .15951113300305059707 .00047169811320754716 6.99889518812120447919 .00921463982133947544 -1 ERR|0+/-0
node-1 node-2 24 44 15 1200 322 19.47536908321333333333 .11461488104438340453 .002 .35910616690000000000 .15958683535173800898 .00047169811320754716 6.99372514043550726830 .00921452747546017847 -1 ERR|0+/-0
node-1 node-2 24 44 15 1200 722 19.47536551130000000000 .11463573420910877203 .002 .35912211636666666666 .15957220817117578786 .00047169811320754716 6.99403447943244526481 .00921452828209031924 -1 ERR|0+/-0
node-1 node-2 24 44 15 1200 972 19.47563174378666666666 .11430606565435110793 .002 .35921637017333333333 .15929691689165611613 .00047169811320754716 6.99596574183559262325 .00921466817668445291 0 ERR|0+/-0
node-1 node-2 24 44 15 1200 122 19.47548053178666666666 .11427220427116517108 .002 .36036453035000000000 .15881749445704152100 .00047169811320754716 7.01827239517787037972 .00921477638854356519 -1 ERR|0+/-0
node-1 node-2 24 44 15 1200 1122 19.47544133044666666666 .11470851739626859910 .002 .35918809956333333333 .15914495366112574230 .00047169811320754716 6.99534675964033430363 .00921457422430355270 -1 ERR|0+/-0
node-1 node-2 24 44 15 1200 272 19.47547450958666666666 .11450178542501006115 .002 .35928300377333333333 .15924648557426577716 .00047169811320754716 6.99720698171528350943 .00921460462675472473 -1 ERR|0+/-0
node-1 node-2 24 44 15 1200 922 19.47555828372000000000 .11431923022065291955 .002 .35888886883666666666 .15919158927220847225 .00047169811320754716 6.98956108240684405954 .00921458258605939783 -1 ERR|0+/-0
node-1 node-2 24 44 15 1200 72 19.47550967359333333333 .11448738693425642510 .002 .35881342670333333333 .15893465839194346350 .00047169811320754716 6.98807436277594080112 .00921454797436574693 -1 ERR|0+/-0
node-1 node-2 24 44 15 1200 172 19.47538382545333333333 .11455455039632760834 .002 .36061633947333333333 .15920380073254376762 .00047169811320754716 7.02314162497314442599 .00921477031621013601 -1 ERR|0+/-0
node-1 node-2 24 44 15 1200 147 19.47538250446666666666 .11448960702424784692 .002 .35908135273000000000 .15920760895280460737 .00047169811320754716 6.99324669463806593385 .00921452991891041721 0 ERR|0+/-0
node-1 node-2 24 44 15 1200 197 19.47556635568000000000 .11460280738819302261 .002 .35905076830333333333 .15945358221836530509 .00047169811320754716 6.99271706314945362339 .00921461161025568673 -1 ERR|0+/-0
node-1 node-2 24 44 15 1200 97 19.47538993906000000000 .11451423628628244525 .002 .35904427565000000000 .15928165669170449684 .00047169811320754716 6.99252727367109534188 .00921452763599326180 -1 ERR|0+/-0
node-1 node-2 12 44 15 600 772 19.47517967141333333333 .11276600283812441855 .002 .34510617437000000000 .15328106759149598815 .00047169811320754716 6.72100475156984911767 .00921229825807286701 0 ERR|0+/-0
node-1 node-2 12 44 15 600 547 19.47519819214000000000 .11267573233078110244 .002 .34522611579000000000 .15321990295327730705 .00047169811320754716 6.72334702611292230789 .00921232494552328847 -1 ERR|0+/-0
node-1 node-2 12 44 15 600 822 19.47521928126666666666 .11291665846823467924 .002 .34520293247000000000 .15314301394466226150 .00047169811320754716 6.72290280638953906939 .00921233139024364287 -1 ERR|0+/-0
node-1 node-2 12 44 15 600 1072 19.47533644850666666666 .11298673969872240830 .002 .34508036568000000000 .15304144261528641258 .00047169811320754716 6.72055622339171302324 .00921236813452989187 -1 ERR|0+/-0
node-1 node-2 12 44 15 600 1172 19.47519048499333333333 .11273453809157560268 .002 .34498998837000000000 .15325450911566184325 .00047169811320754716 6.71874573892138472619 .00921228593741512400 -1 ERR|0+/-0
node-1 node-2 12 44 15 600 847 19.47526675071333333333 .11294322328923749712 .002 .34522245924000000000 .15321069799901858171 .00047169811320754716 6.72329948203626095759 .00921235664541345305 -1 ERR|0+/-0
node-1 node-2 12 44 15 600 397 19.47499007134666666666 .11298654258487834293 .002 .34523442728000000000 .15297881509883415425 .00047169811320754716 6.72343704356505280500 .00921222829735513285 -1 ERR|0+/-0
node-1 node-2 12 44 15 600 697 19.47526486132000000000 .11266630056705264017 .002 .34507833356333333333 .15318564538262941672 .00047169811320754716 6.72049194404884765137 .00921233415740380153 0 ERR|0+/-0
node-1 node-2 12 44 15 600 1222 19.47520259573333333333 .11253614019317675940 .002 .34507308007666666666 .15300730731086896730 .00047169811320754716 6.72036814482679505754 .00921230408223819216 -1 ERR|0+/-0
node-1 node-2 12 44 15 600 247 19.47524244384666666666 .11278508180708183047 .002 .34528527025000000000 .15298777299481621639 .00047169811320754716 6.72451435040786674955 .00921235462810199084 -1 ERR|0+/-0
node-1 node-2 12 44 15 600 1247 19.47528466238000000000 .11283686284568001162 .002 .34530776954000000000 .15304256065572572740 .00047169811320754716 6.72496710792300974790 .00921237785973057935 -1 ERR|0+/-0
node-1 node-2 12 44 15 600 472 19.47514643691333333333 .11278654530238266660 .002 .34509654686666666666 .15310246582573170052 .00047169811320754716 6.72080578510145847987 .00921228118286003415 0 ERR|0+/-0
node-1 node-2 12 44 15 600 1022 19.47514710920666666666 .11267813084364928632 .002 .34524746388666666666 .15319975409153558706 .00047169811320754716 6.72374514827334937938 .00921230411770515422 -1 ERR|0+/-0
node-1 node-2 12 44 15 600 1047 19.47499222821333333333 .11285625362400587334 .002 .34516854734666666666 .15295672495335936186 .00047169811320754716 6.72215477700001931167 .00921221943724285043 -1 ERR|0+/-0
node-1 node-2 12 44 15 600 222 19.47518156734000000000 .11273485906081817096 .002 .34532407120000000000 .15304879397205907055 .00047169811320754716 6.72524898619304575460 .00921233181104751024 -1 ERR|0+/-0
node-1 node-2 12 44 15 600 497 19.47517790072666666666 .11281176024381921308 .002 .34511089317000000000 .15324310753474320732 .00047169811320754716 6.72109603996442552536 .00921229813228835044 0 ERR|0+/-0
node-1 node-2 12 44 15 600 647 19.47538386922000000000 .11282709218946947149 .002 .34529410161666666666 .15314457018213322302 .00047169811320754716 6.72473517676204152377 .00921242247452190014 -1 ERR|0+/-0
node-1 node-2 12 44 15 600 1422 19.47515550158000000000 .11258830385677650539 .002 .34514642044666666666 .15326030462992055784 .00047169811320754716 6.72178020901254413417 .00921229292031705861 -1 ERR|0+/-0
node-1 node-2 12 44 15 600 347 19.47514756038000000000 .11294188331983377644 .002 .34519263645666666666 .15283347548775539266 .00047169811320754716 6.72267753175019208079 .00921229611155185784 -1 ERR|0+/-0
node-1 node-2 12 44 15 600 1097 19.47528693718000000000 .11249239293325405330 .002 .34519699295666666666 .15291984932836357944 .00047169811320754716 6.72281048768278679899 .00921236232341634563 0 ERR|0+/-0
node-1 node-2 12 44 15 600 1297 19.47516663478000000000 .11283155286405704724 .002 .34521785590333333333 .15322578890637177186 .00047169811320754716 6.72317526901888719025 .00921230886371985359 -1 ERR|0+/-0
node-1 node-2 12 44 15 600 447 19.47517004791333333333 .11279135118588147062 .002 .34513473188000000000 .15302119752421062575 .00047169811320754716 6.72155759280397505347 .00921229801084743838 -1 ERR|0+/-0
node-1 node-2 12 44 15 600 1372 19.47509395256000000000 .11273171773012129548 .002 .34516462572333333333 .15323391502769091408 .00047169811320754716 6.72211351506212481562 .00921226669776593962 -1 ERR|0+/-0
node-1 node-2 12 44 15 600 997 19.47512538601333333333 .11294034337096522897 .002 .34545714682000000000 .15295471182062745133 .00047169811320754716 6.72782124981391726780 .00921232534222815211 0 ERR|0+/-0
node-1 node-2 12 44 15 600 797 19.47513688210000000000 .11286508760485103947 .002 .34512857471000000000 .15303192513724378348 .00047169811320754716 6.72142623440132631169 .00921228148787795183 -1 ERR|0+/-0
node-1 node-2 12 44 15 600 1447 19.47521080582000000000 .11290364249814035685 .002 .34500422473000000000 .15300323290184399829 .00047169811320754716 6.71903000551524767192 .00921229762837342658 -1 ERR|0+/-0
node-1 node-2 12 44 15 600 372 19.47514510218000000000 .11274534630189576782 .002 .34530003728333333333 .15289840176360951582 .00047169811320754716 6.72476832988108055954 .00921231105538080873 -1 ERR|0+/-0
node-1 node-2 12 44 15 600 1272 19.47500831272000000000 .11303739115179844276 .002 .34526539926666666666 .15301856704825765835 .00047169811320754716 6.72404652081292312520 .00921224152056052316 0 ERR|0+/-0
node-1 node-2 12 44 15 600 522 19.47530728958666666666 .11280732265275781510 .002 .34522696651000000000 .15326570506441148411 .00047169811320754716 6.72340125743409504507 .00921237638936404942 -1 ERR|0+/-0
node-1 node-2 12 44 15 600 597 19.47517088376000000000 .11283853255214725921 .002 .34534170496000000000 .15309700305458233358 .00047169811320754716 6.72558871738502837544 .00921232942987808920 -1 ERR|0+/-0
node-1 node-2 12 44 15 600 947 19.47518684210000000000 .11284310847479094104 .002 .34506308016333333333 .15293298990034053483 .00047169811320754716 6.72016795849144685214 .00921229517388051727 -1 ERR|0+/-0
node-1 node-2 12 44 15 600 422 19.47515889366000000000 .11292296371623116405 .002 .34510749163666666666 .15320597245695537283 .00047169811320754716 6.72102323501652290256 .00921228868218029900 0 ERR|0+/-0
node-1 node-2 12 44 15 600 622 19.47512447596666666666 .11300373430502320643 .002 .34486317923000000000 .15313173596331610972 .00047169811320754716 6.71625334268185239417 .00921223589649292144 -1 ERR|0+/-0
node-1 node-2 12 44 15 600 672 19.47518031395333333333 .11266342604428818549 .002 .34517351634666666666 .15305820934836829548 .00047169811320754716 6.72231647045265176862 .00921230865220056931 -1 ERR|0+/-0
node-1 node-2 12 44 15 600 1397 19.47513713400666666666 .11266393212471721741 .002 .34513188941666666666 .15338131386767180307 .00047169811320754716 6.72149087570840747763 .00921228210309839187 -1 ERR|0+/-0
node-1 node-2 12 44 15 600 1147 19.47525253808000000000 .11292739756369377876 .002 .34512266221666666666 .15334743611355601800 .00047169811320754716 6.72135100328406401874 .00921233500322154860 0 ERR|0+/-0
node-1 node-2 12 44 15 600 1347 19.47512531280666666666 .11291518334497469795 .002 .34511940999666666666 .15313178501331666361 .00047169811320754716 6.72124375756698515955 .00921227467263600374 -1 ERR|0+/-0
node-1 node-2 12 44 15 600 872 19.47536549790666666666 .11284943337590254152 .002 .34519914119666666666 .15327471073492073764 .00047169811320754716 6.72287944436857384596 .00921239959814195098 -1 ERR|0+/-0
node-1 node-2 12 44 15 600 747 19.47525953096000000000 .11277893081291788501 .002 .34509991458666666666 .15337310579098922041 .00047169811320754716 6.72091040068746192880 .00921233488380359086 -1 ERR|0+/-0
node-1 node-2 12 44 15 600 1322 19.47512013737333333333 .11297338516496137109 .002 .34512577850333333333 .15301615054935387123 .00047169811320754716 6.72136599885691567886 .00921227319259833066 0 ERR|0+/-0
node-1 node-2 12 44 15 600 572 19.47521024296666666666 .11294943612731630392 .002 .34533154264000000000 .15332420315217284480 .00047169811320754716 6.72540439644200821009 .00921234641949843742 -1 ERR|0+/-0
node-1 node-2 12 44 15 600 1472 19.47507933207333333333 .11304995904937903833 .002 .34504028455000000000 .15332535152370083788 .00047169811320754716 6.71968691437240687479 .00921224118879530965 -1 ERR|0+/-0
node-1 node-2 12 44 15 600 1197 19.47534028086666666666 .11281542558533066390 .002 .34512201225000000000 .15316911111502273939 .00047169811320754716 6.72136862698618417394 .00921237617759182856 -1 ERR|0+/-0
node-1 node-2 12 44 15 600 297 19.47508015689333333333 .11274702448037175761 .002 .34513493015666666666 .15284961239433850425 .00047169811320754716 6.72153042974486550858 .00921225575833327208 0 ERR|0+/-0
node-1 node-2 12 44 15 600 897 19.47508155240000000000 .11296819886699341255 .002 .34514675166000000000 .15286393258872384796 .00047169811320754716 6.72176113612445007698 .00921225818632973779 -1 ERR|0+/-0
node-1 node-2 12 44 15 600 322 19.47525167138666666666 .11269944110210373634 .002 .34620393319000000000 .15276308145503459701 .00047169811320754716 6.74240872849918538132 .00921249687901967052 -1 ERR|0+/-0
node-1 node-2 12 44 15 600 722 19.47524662438000000000 .11287839027253396892 .002 .34513600160000000000 .15340475971418164351 .00047169811320754716 6.72160875011241027900 .00921233422055925031 -1 ERR|0+/-0
node-1 node-2 12 44 15 600 972 19.47528683955333333333 .11301763936377365955 .002 .34517525104666666666 .15307316433495489509 .00047169811320754716 6.72238702404866528026 .00921235901882779696 -1 ERR|0+/-0
node-1 node-2 12 44 15 600 122 19.47514994738666666666 .11297019386839864160 .002 .34494165465666666666 .15297810732386506840 .00047169811320754716 6.71779044753825157619 .00921225962992235418 -1 ERR|0+/-0
node-1 node-2 12 44 15 600 1122 19.47514329816666666666 .11289334797496036090 .002 .34497035622333333333 .15313797023579618433 .00047169811320754716 6.71834712106901781719 .00921226080126274540 0 ERR|0+/-0
node-1 node-2 12 44 15 600 272 19.47526473497333333333 .11279396809666444880 .002 .34626520408000000000 .15280588916084078334 .00047169811320754716 6.74360651796756838002 .00921251223465877248 -1 ERR|0+/-0
node-1 node-2 12 44 15 600 922 19.47540865886000000000 .11278056676184779326 .002 .34508899518666666666 .15324457403354173103 .00047169811320754716 6.72074920493570486189 .00921240339329836771 -1 ERR|0+/-0
node-1 node-2 12 44 15 600 72 19.47522584928666666666 .11282123456396084810 .002 .34515916192333333333 .15280169916675137654 .00047169811320754716 6.72205263240742351592 .00921232791941919748 -1 ERR|0+/-0
node-1 node-2 12 44 15 600 172 19.47523170257333333333 .11306907965770347084 .002 .34491695236333333333 .15314392427581051790 .00047169811320754716 6.71733756542136554168 .00921229438576257342 -1 ERR|0+/-0
node-1 node-2 12 44 15 600 147 19.47519955822000000000 .11271267530616988837 .002 .34508508269333333333 .15273835653131517212 .00047169811320754716 6.72060085001751750100 .00921230445187531836 -1 ERR|0+/-0
node-1 node-2 12 44 15 600 197 19.47518236867333333333 .11290240770319826930 .002 .34634878238666666666 .15282110363724575408 .00047169811320754716 6.74520570014828780496 .00921248605975458233 0 ERR|0+/-0
node-1 node-2 12 44 15 600 97 19.47529524592666666666 .11278716472183883526 .002 .34514371833666666666 .15322861989884992147 .00047169811320754716 6.72177581688353682134 .00921235824720507707 -1 ERR|0+/-0
node-1 node-2 48 44 15 2400 772 19.47659833709333333333 .11788549042679334461 .002 .40136202303333333333 .15764330268455092361 .00047169811320754716 7.81716691038343615098 .00922207716321591293 0 ERR|0+/-0
node-1 node-2 48 44 15 2400 547 19.47678768708666666666 .11802544593956478396 .002 .40186773570333333333 .15799968769066241973 .00047169811320754716 7.82709256658408148855 .00922225423268685431 -1 ERR|0+/-0
node-1 node-2 48 44 15 2400 822 19.47678139058000000000 .11784153356107059480 .002 .40147693616000000000 .15762875420110735966 .00047169811320754716 7.81947851894816268537 .00922218318906738807 -1 ERR|0+/-0
node-1 node-2 48 44 15 2400 1072 19.47664874299333333333 .11760136069142818021 .002 .40299369270000000000 .15749885999689320852 .00047169811320754716 7.84896659835969665148 .00922238547484867930 -1 ERR|0+/-0
node-1 node-2 48 44 15 2400 1172 19.47662168411333333333 .11769655512333480616 .002 .40185021579333333333 .15774304209613345849 .00047169811320754716 7.82668462668605828703 .00922217317359935233 -1 ERR|0+/-0
node-1 node-2 48 44 15 2400 847 19.47684056814666666666 .11788127573770162244 .002 .40199685243666666666 .15769105152979338805 .00047169811320754716 7.82962860380573852225 .00922230159069537694 -1 ERR|0+/-0
node-1 node-2 48 44 15 2400 397 19.47660167966666666666 .11791480435148507699 .002 .40171424841000000000 .15778439464695526774 .00047169811320754716 7.82402840532823857932 .00922214007863333639 0 ERR|0+/-0
node-1 node-2 48 44 15 2400 697 19.47676222806666666666 .11748587368421264828 .002 .40191942622666666666 .15750080297140341757 .00047169811320754716 7.82808909945776852796 .00922225127983324958 -1 ERR|0+/-0
node-1 node-2 48 44 15 2400 1222 19.47659416030666666666 .11767787527196609858 .002 .40313217498666666666 .15752057769159628320 .00047169811320754716 7.85164176517703727806 .00922238403623439984 -1 ERR|0+/-0
node-1 node-2 48 44 15 2400 247 19.47650442169333333333 .11816429944237601136 .002 .40139888862333333333 .15761614376320114490 .00047169811320754716 7.81784722913514149980 .00922203944980026693 -1 ERR|0+/-0
node-1 node-2 48 44 15 2400 1247 19.47675610432000000000 .11790578519676018658 .002 .40187180804666666666 .15782544547761376301 .00047169811320754716 7.82715919052703029529 .00922224010166818092 -1 ERR|0+/-0
node-1 node-2 48 44 15 2400 472 19.47666002941333333333 .11810122741112073175 .002 .40214214474666666666 .15779590780618930971 .00047169811320754716 7.83238583672995375068 .00922224209288975996 -1 ERR|0+/-0
node-1 node-2 48 44 15 2400 1022 19.47667127110000000000 .11785814081505567649 .002 .40204593904333333333 .15780447780806163971 .00047169811320754716 7.83051659062771215124 .00922223059690885738 0 ERR|0+/-0
node-1 node-2 48 44 15 2400 1047 19.47671287129333333333 .11774628802596547629 .002 .40218895020000000000 .15803696805694808295 .00047169811320754716 7.83331870305229344959 .00922227508771918655 -1 ERR|0+/-0
node-1 node-2 48 44 15 2400 222 19.47666139647333333333 .11801328496915008873 .002 .40211591241333333333 .15809611628773718696 .00047169811320754716 7.83187546820842139415 .00922223815990583871 -1 ERR|0+/-0
node-1 node-2 48 44 15 2400 497 19.47660128798666666666 .11782927257367758107 .002 .40192989170000000000 .15768573679103497853 .00047169811320754716 7.82822824636456144437 .00922217747807367996 -1 ERR|0+/-0
node-1 node-2 48 44 15 2400 647 19.47663507837333333333 .11763913922360186094 .002 .40172973116666666666 .15773640476863827990 .00047169811320754716 7.82434337406618896383 .00922215847058905456 -1 ERR|0+/-0
node-1 node-2 48 44 15 2400 1422 19.47677122350666666666 .11790669902902754278 .002 .40235739235333333333 .15778432151178021474 .00047169811320754716 7.83662288095258399351 .00922233189692360995 -1 ERR|0+/-0
node-1 node-2 48 44 15 2400 347 19.47669131335333333333 .11792804392320194925 .002 .40208462989666666666 .15776826293737456805 .00047169811320754716 7.83127821834129765675 .00922224676207143244 0 ERR|0+/-0
node-1 node-2 48 44 15 2400 1097 19.47666566153333333333 .11787710096406686154 .002 .40217548011333333333 .15786221327644484675 .00047169811320754716 7.83303736343404131090 .00922225055411073452 -1 ERR|0+/-0
node-1 node-2 48 44 15 2400 1297 19.47673249774666666666 .11746493795567236419 .002 .40203246642333333333 .15769325752480008474 .00047169811320754716 7.83027880393658193392 .00922225701809038447 -1 ERR|0+/-0
node-1 node-2 48 44 15 2400 447 19.47678111388000000000 .11765595882527707737 .002 .40226387113000000000 .15786235831229894216 .00047169811320754716 7.83480536802104217428 .00922232022549172437 -1 ERR|0+/-0
node-1 node-2 48 44 15 2400 1372 19.47651118941333333333 .11785039828646436742 .002 .40198123978666666666 .15787065799800560605 .00047169811320754716 7.82919211463925755199 .00922214409272527469 -1 ERR|0+/-0
node-1 node-2 48 44 15 2400 997 19.47672495340666666666 .11765211389010896883 .002 .40198287718000000000 .15785506717079586216 .00047169811320754716 7.82930993481391330925 .00922224482639913057 -1 ERR|0+/-0
node-1 node-2 48 44 15 2400 797 19.47655572066000000000 .11808171626971061191 .002 .40238434844000000000 .15793186046127139434 .00047169811320754716 7.83706118351312874677 .00922223533679500557 0 ERR|0+/-0
node-1 node-2 48 44 15 2400 1447 19.47685721299333333333 .11766222238917348883 .002 .40213438687000000000 .15789739614271098052 .00047169811320754716 7.83231403350161109739 .00922233339650440147 -1 ERR|0+/-0
node-1 node-2 48 44 15 2400 372 19.47653709500666666666 .11779983810945303009 .002 .40170666570333333333 .15767434291445488928 .00047169811320754716 7.82385477588241397618 .00922210840880579488 -1 ERR|0+/-0
node-1 node-2 48 44 15 2400 1272 19.47653323179333333333 .11774663514301178046 .002 .40216644754666666666 .15776872868516554798 .00047169811320754716 7.83280818035492380486 .00922218674969516977 -1 ERR|0+/-0
node-1 node-2 48 44 15 2400 522 19.47642727363333333333 .11787358633546127669 .002 .40173806374333333333 .15754044237293711598 .00047169811320754716 7.82442218154730391223 .00922206227414960747 -1 ERR|0+/-0
node-1 node-2 48 44 15 2400 597 19.47652785090000000000 .11788873153304677669 .002 .40182103457000000000 .15720475458737801114 .00047169811320754716 7.82607857088005670561 .00922212399499690960 -1 ERR|0+/-0
node-1 node-2 48 44 15 2400 947 19.47670876608000000000 .11754464759527661746 .002 .40218016880666666666 .15752275323489109619 .00047169811320754716 7.83314601934033883928 .00922227162684651194 0 ERR|0+/-0
node-1 node-2 48 44 15 2400 422 19.47675538225333333333 .11772807349485074458 .002 .40181852401333333333 .15741973216950869622 .00047169811320754716 7.82612110026578026577 .00922223047527697282 -1 ERR|0+/-0
node-1 node-2 48 44 15 2400 622 19.47668933458000000000 .11785003650026514353 .002 .40199425808333333333 .15766894371757691324 .00047169811320754716 7.82951727897405828612 .00922223007336385964 -1 ERR|0+/-0
node-1 node-2 48 44 15 2400 672 19.47660505514666666666 .11760942889596639942 .002 .40190880084333333333 .15725684702759457319 .00047169811320754716 7.82781898221320088710 .00922217557156016250 -1 ERR|0+/-0
node-1 node-2 48 44 15 2400 1397 19.47672429466000000000 .11775033721706226145 .002 .40228598927666666666 .15797556502813164975 .00047169811320754716 7.83521330074618590679 .00922229738531060057 -1 ERR|0+/-0
node-1 node-2 48 44 15 2400 1147 19.47669026576666666666 .11780935465170630035 .002 .40207327946000000000 .15783503624758445782 .00047169811320754716 7.83105672818346263781 .00922224429034671364 0 ERR|0+/-0
node-1 node-2 48 44 15 2400 1347 19.47676386974000000000 .11774738201771997677 .002 .40223890194666666666 .15761738009560231514 .00047169811320754716 7.83431211243872788563 .00922230776612976465 -1 ERR|0+/-0
node-1 node-2 48 44 15 2400 872 19.47673413467333333333 .11786930648468008620 .002 .40212020472000000000 .15749184918026863964 .00047169811320754716 7.83198831751185285032 .00922227308829477462 -1 ERR|0+/-0
node-1 node-2 48 44 15 2400 747 19.47655141747333333333 .11765105324670013144 .002 .40244711790333333333 .15761500646491351325 .00047169811320754716 7.83828198465822453809 .00922224427060638152 -1 ERR|0+/-0
node-1 node-2 48 44 15 2400 1322 19.47664505068666666666 .11756726423390014254 .002 .40196029095000000000 .15756265087054899067 .00047169811320754716 7.82883791130389003061 .00922220334203200325 -1 ERR|0+/-0
node-1 node-2 48 44 15 2400 572 19.47677371634666666666 .11777036438418619153 .002 .40230811344000000000 .15754790398951127585 .00047169811320754716 7.83566408972120515569 .00922232446895107893 0 ERR|0+/-0
node-1 node-2 48 44 15 2400 1472 19.47670395699333333333 .11758856692071911907 .002 .40228264837666666666 .15766220838540121619 .00047169811320754716 7.83514004946758140868 .00922228724571725319 -1 ERR|0+/-0
node-1 node-2 48 44 15 2400 1197 19.47661635262000000000 .11795882583691280766 .002 .40211877370333333333 .15758801533937362995 .00047169811320754716 7.83191308360584323653 .00922221749279449654 -1 ERR|0+/-0
node-1 node-2 48 44 15 2400 297 19.47669732224666666666 .11798497170276728125 .002 .40217276841333333333 .15760646937679721721 .00047169811320754716 7.83299728163649813856 .00922226495847948515 -1 ERR|0+/-0
node-1 node-2 48 44 15 2400 897 19.47670916202666666666 .11763393311019570457 .002 .40198221066666666666 .15757588820863880937 .00047169811320754716 7.82929060546320032015 .00922223728978452928 -1 ERR|0+/-0
node-1 node-2 48 44 15 2400 322 19.47674417901333333333 .11796243724462228090 .002 .40259773267666666666 .15790600881948513073 .00047169811320754716 7.84129304639423355876 .00922236114407681445 0 ERR|0+/-0
node-1 node-2 48 44 15 2400 722 19.47681049731333333333 .11748945439648925099 .002 .40247519891666666666 .15763324377952369917 .00047169811320754716 7.83893317916840525711 .00922237091353055805 -1 ERR|0+/-0
node-1 node-2 48 44 15 2400 972 19.47656891738000000000 .11775019193592454785 .002 .40197718410666666666 .15761506299431521573 .00047169811320754716 7.82913632946784174231 .00922217051210632409 -1 ERR|0+/-0
node-1 node-2 48 44 15 2400 122 19.47668275218000000000 .11772972335704597951 .002 .40192543644333333333 .15735458074483550016 .00047169811320754716 7.82817421563828913721 .00922221498163604132 -1 ERR|0+/-0
node-1 node-2 48 44 15 2400 1122 19.47676858652666666666 .11770768889512320171 .002 .40334041161000000000 .15815833278438585320 .00047169811320754716 7.85576785852238363357 .00922250241679540033 -1 ERR|0+/-0
node-1 node-2 48 44 15 2400 272 19.47647539029333333333 .11797093562379892797 .002 .40195242416666666666 .15740391849162651757 .00047169811320754716 7.82861649735083063595 .00922212224666607257 0 ERR|0+/-0
node-1 node-2 48 44 15 2400 922 19.47657206490000000000 .11784625944885314122 .002 .40199233099333333333 .15735554516795710015 .00047169811320754716 7.82943260412879046806 .00922217463208017764 -1 ERR|0+/-0
node-1 node-2 48 44 15 2400 72 19.47682529008666666666 .11771784510176455995 .002 .40199262333333333333 .15742916846017363465 .00047169811320754716 7.82954009256695012728 .00922229367412440569 -1 ERR|0+/-0
node-1 node-2 48 44 15 2400 172 19.47686299423333333333 .11753145788666628277 .002 .40191268668333333333 .15752179260883837570 .00047169811320754716 7.82799833417551122339 .00922229745528271279 -1 ERR|0+/-0
node-1 node-2 48 44 15 2400 147 19.47652310757333333333 .11774473475020129022 .002 .40220467821666666666 .15773136837011690357 .00047169811320754716 7.83354870926100523456 .00922218866137645603 -1 ERR|0+/-0
node-1 node-2 48 44 15 2400 197 19.47667700954666666666 .11758072047349633024 .002 .40164191203000000000 .15730593761228182431 .00047169811320754716 7.82264979410506576351 .00922216287384691010 0 ERR|0+/-0
node-1 node-2 48 44 15 2400 97 19.47662725412666666666 .11793575411983528619 .002 .40213227231666666666 .15755932528597239096 .00047169811320754716 7.83218037476667647279 .00922222496979633001 -1 ERR|0+/-0
node-1 node-2 6 44 15 300 772 19.47498829472000000000 .11200277541676704798 .002 .33957819611000000000 .14901537944774722943 .00047169811320754716 6.61328139438438263753 .00921138648476567559 0 ERR|0+/-0
node-1 node-2 6 44 15 300 547 19.47512533072666666666 .11194429497281021810 .002 .33804983341000000000 .14912766445232620818 .00047169811320754716 6.58356287369102082090 .00921122608181130955 -1 ERR|0+/-0
node-1 node-2 6 44 15 300 822 19.47501023993333333333 .11175969179109014879 .002 .33846789626000000000 .14894777670757794308 .00047169811320754716 6.59166574555219317598 .00921123334947635826 -1 ERR|0+/-0
node-1 node-2 6 44 15 300 1072 19.47496483811333333333 .11194200429694005657 .002 .33810088049333333333 .14897966826417820014 .00047169811320754716 6.58450275934282485980 .00921115807624101411 -1 ERR|0+/-0
node-1 node-2 6 44 15 300 1172 19.47524398837333333333 .11189772600613456000 .002 .33805301300333333333 .14890990562496098889 .00047169811320754716 6.58366490924465978208 .00921128236818680637 -1 ERR|0+/-0
node-1 node-2 6 44 15 300 847 19.47502008982000000000 .11171646741921909307 .002 .33959123379000000000 .14910049853319663437 .00047169811320754716 6.61354610038701041901 .00921140336420653169 0 ERR|0+/-0
node-1 node-2 6 44 15 300 397 19.47505805760000000000 .11209754662278866484 .002 .33824482360000000000 .14904308592017863788 .00047169811320754716 6.58733757729267063936 .00921122306748563873 -1 ERR|0+/-0
node-1 node-2 6 44 15 300 697 19.47525507722000000000 .11201861419950820383 .002 .33801044353333333333 .14914088326950959227 .00047169811320754716 6.58283960657593411624 .00921128133588196729 -1 ERR|0+/-0
node-1 node-2 6 44 15 300 1222 19.47535416642666666666 .11195676950741455995 .002 .33836297668333333333 .14917541762751921590 .00047169811320754716 6.58973880771428489941 .00921137972180051374 -1 ERR|0+/-0
node-1 node-2 6 44 15 300 247 19.47500784113333333333 .11210346990976616246 .002 .33814282910000000000 .14895672814144511992 .00047169811320754716 6.58533424814550868364 .00921118446531014435 -1 ERR|0+/-0
node-1 node-2 6 44 15 300 1247 19.47511535517333333333 .11190431289172071552 .002 .33978499559666666666 .14888962735678957323 .00047169811320754716 6.61735198520214645258 .00921147675954419916 0 ERR|0+/-0
node-1 node-2 6 44 15 300 472 19.47480755964666666666 .11200843979515871026 .002 .33822141896666666666 .14883631629972358943 .00047169811320754716 6.58679704692646248649 .00921110178948073724 -1 ERR|0+/-0
node-1 node-2 6 44 15 300 1022 19.47509050666000000000 .11194983790712630482 .002 .33825123866666666666 .14902143803861137260 .00047169811320754716 6.58747348702318591605 .00921123927458835530 -1 ERR|0+/-0
node-1 node-2 6 44 15 300 1047 19.47520152162000000000 .11180203240110695456 .002 .33827299070666666666 .14920623111440560135 .00047169811320754716 6.58793466333342278561 .00921129469387915685 -1 ERR|0+/-0
node-1 node-2 6 44 15 300 222 19.47515969534000000000 .11207716658045300214 .002 .33832711326000000000 .14915435788659809513 .00047169811320754716 6.58897456000188327420 .00921128296876434851 -1 ERR|0+/-0
node-1 node-2 6 44 15 300 497 19.47492667980000000000 .11227247272228119885 .002 .33937415499666666666 .14893294314456975898 .00047169811320754716 6.60928678557916414660 .00921132742118357716 0 ERR|0+/-0
node-1 node-2 6 44 15 300 647 19.47507023932666666666 .11196344845000213488 .002 .33831346352666666666 .14893832313636108589 .00047169811320754716 6.58867846509171371415 .00921123888116909548 -1 ERR|0+/-0
node-1 node-2 6 44 15 300 1422 19.47509695213333333333 .11175996257417631539 .002 .33827163447000000000 .14901706280359775135 .00047169811320754716 6.58787287745985802003 .00921124530264845677 -1 ERR|0+/-0
node-1 node-2 6 44 15 300 347 19.47473283096666666666 .11208499814514425783 .002 .33801156958333333333 .14909362588937980584 .00047169811320754716 6.58268501141111560469 .00921103582293224012 -1 ERR|0+/-0
node-1 node-2 6 44 15 300 1097 19.47506850054666666666 .11213780927042106671 .002 .33811868256000000000 .14927302667264301129 .00047169811320754716 6.58488450417059357313 .00921120945547430106 0 ERR|0+/-0
node-1 node-2 6 44 15 300 1297 19.47495101444666666666 .11179789492046168862 .002 .33970947135000000000 .14896878215730431106 .00047169811320754716 6.61582531368482334610 .00921138830922337080 -1 ERR|0+/-0
node-1 node-2 6 44 15 300 447 19.47509976544666666666 .11214189809585003274 .002 .33811741501666666666 .14921524308777268362 .00047169811320754716 6.58487038988451824965 .00921122397716065744 -1 ERR|0+/-0
node-1 node-2 6 44 15 300 1372 19.47493097285333333333 .11200028588415812682 .002 .33807780886000000000 .14898372850838165618 .00047169811320754716 6.58404199100200307547 .00921113875784255515 -1 ERR|0+/-0
node-1 node-2 6 44 15 300 997 19.47508497117333333333 .11239555015405199363 .002 .33813075921666666666 .14942448877996341965 .00047169811320754716 6.58512526711193406418 .00921121897690892646 0 ERR|0+/-0
node-1 node-2 6 44 15 300 797 19.47494682342000000000 .11213198295694533475 .002 .33807091663333333333 .14913091825685818229 .00047169811320754716 6.58391312397902264082 .00921114520249911324 -1 ERR|0+/-0
node-1 node-2 6 44 15 300 1447 19.47479167754666666666 .11233872810561908707 .002 .33813403539333333333 .14918360200698006527 .00047169811320754716 6.58508989837335802723 .00921108148528074959 -1 ERR|0+/-0
node-1 node-2 6 44 15 300 372 19.47508537726000000000 .11181557635738350921 .002 .33825622217666666666 .14886312448981097622 .00047169811320754716 6.58756880628001072823 .00921123759360917527 -1 ERR|0+/-0
node-1 node-2 6 44 15 300 1272 19.47501492054000000000 .11215286588073397796 .002 .33817972296333333333 .14870218609997059168 .00047169811320754716 6.58605515053500032993 .00921119321343122950 0 ERR|0+/-0
node-1 node-2 6 44 15 300 522 19.47499095886666666666 .11189613443162775544 .002 .33796207146666666666 .14935658757236163518 .00047169811320754716 6.58180828625318359353 .00921114998803189828 -1 ERR|0+/-0
node-1 node-2 6 44 15 300 597 19.47507446738000000000 .11200582610423852518 .002 .33829811413333333333 .14910432424143572959 .00047169811320754716 6.58838096492088511690 .00921123861516667040 -1 ERR|0+/-0
node-1 node-2 6 44 15 300 947 19.47501888884000000000 .11195432185097780833 .002 .33814715813000000000 .14912697888530279758 .00047169811320754716 6.58542229178931637226 .00921119029810703183 -1 ERR|0+/-0
node-1 node-2 6 44 15 300 422 19.47474230975333333333 .11195161304755276294 .002 .33802242096333333333 .14921557369695647459 .00047169811320754716 6.58289954317987976139 .00921104187484956448 0 ERR|0+/-0
node-1 node-2 6 44 15 300 622 19.47490643868666666666 .11207884981643905708 .002 .33806827679000000000 .14909145198762000077 .00047169811320754716 6.58384806037327719074 .00921112581693418244 -1 ERR|0+/-0
node-1 node-2 6 44 15 300 672 19.47497081331333333333 .11195895304304405235 .002 .33817608045000000000 .14916478619942420642 .00047169811320754716 6.58596929652445174438 .00921117192937597436 -1 ERR|0+/-0
node-1 node-2 6 44 15 300 1397 19.47519379145333333333 .11189392772491940418 .002 .33813087943666666666 .14923023399073274779 .00047169811320754716 6.58516440390362624295 .00921127018635861858 -1 ERR|0+/-0
node-1 node-2 6 44 15 300 1147 19.47508161593333333333 .11196649028685286355 .002 .33820775842333333333 .14919114922003322164 .00047169811320754716 6.58662369843628096147 .00921122870592779332 0 ERR|0+/-0
node-1 node-2 6 44 15 300 1347 19.47515947822666666666 .11208270987597237956 .002 .33813598044333333333 .14926439315017241967 .00047169811320754716 6.58525214446044996407 .00921125479355927978 -1 ERR|0+/-0
node-1 node-2 6 44 15 300 872 19.47493410687333333333 .11215669035850320298 .002 .33818640346000000000 .14897684290449026913 .00047169811320754716 6.58615792322397986578 .00921115617776539874 -1 ERR|0+/-0
node-1 node-2 6 44 15 300 747 19.47524694893333333333 .11197005433240271581 .002 .33813908812333333333 .14903226574081663299 .00047169811320754716 6.58534224428904702976 .00921129639829693353 -1 ERR|0+/-0
node-1 node-2 6 44 15 300 1322 19.47508935373333333333 .11197997395796073683 .002 .33817930890000000000 .14917808396539854811 .00047169811320754716 6.58607225841128630155 .00921122816784234153 0 ERR|0+/-0
node-1 node-2 6 44 15 300 572 19.47512022932666666666 .11205886925425821799 .002 .33817973982000000000 .14928950827101471958 .00047169811320754716 6.58609109211691086711 .00921124275576962579 -1 ERR|0+/-0
node-1 node-2 6 44 15 300 1472 19.47506509170666666666 .11180691545855979717 .002 .33799818832666666666 .14928452001949464653 .00047169811320754716 6.58253671854076175734 .00921119016292760346 -1 ERR|0+/-0
node-1 node-2 6 44 15 300 1197 19.47507764186000000000 .11219871588650675969 .002 .33800838567000000000 .14926316647140408591 .00047169811320754716 6.58273955452300901614 .00921119756360688314 -1 ERR|0+/-0
node-1 node-2 6 44 15 300 297 19.47492486309333333333 .11217194713592314851 .002 .33809635639000000000 .14931965597448417403 .00047169811320754716 6.58440113718087558449 .00921113860674174254 0 ERR|0+/-0
node-1 node-2 6 44 15 300 897 19.47510342789333333333 .11185499054192401597 .002 .33820794962666666666 .14905943493019792143 .00047169811320754716 6.58663479911507180545 .00921123899489133492 -1 ERR|0+/-0
node-1 node-2 6 44 15 300 322 19.47521945538666666666 .11201230706722830784 .002 .33805169923666666666 .14921677207568130375 .00047169811320754716 6.58363102990045263958 .00921127063437787555 -1 ERR|0+/-0
node-1 node-2 6 44 15 300 722 19.47494736932000000000 .11204465112634490598 .002 .33795252559333333333 .14904030778662483049 .00047169811320754716 6.58160764925893697206 .00921112808140193108 -1 ERR|0+/-0
node-1 node-2 6 44 15 300 972 19.47510115541333333333 .11218844522679906856 .002 .33816071360333333333 .14923116998499795290 .00047169811320754716 6.58571410421167430674 .00921123098890448898 0 ERR|0+/-0
node-1 node-2 6 44 15 300 122 19.47522943928000000000 .11177016353592901449 .002 .33794823216666666666 .14915793689595791053 .00047169811320754716 6.58161936004489892604 .00921126014449912113 -1 ERR|0+/-0
node-1 node-2 6 44 15 300 1122 19.47489190801333333333 .11212636114904157630 .002 .33818389050666666666 .14918634529895925904 .00047169811320754716 6.58609471264874980512 .00921113595732843528 -1 ERR|0+/-0
node-1 node-2 6 44 15 300 272 19.47496075299333333333 .11189285148170328964 .002 .33810789344000000000 .14905963961723334661 .00047169811320754716 6.58463795502125210769 .00921115718416485063 -1 ERR|0+/-0
node-1 node-2 6 44 15 300 922 19.47505676006666666666 .11185675922689449972 .002 .33809815871000000000 .14927685973444497130 .00047169811320754716 6.58448083135127825684 .00921120091904440601 0 ERR|0+/-0
node-1 node-2 6 44 15 300 72 19.47498456764666666666 .11176838053796236422 .002 .33799507194000000000 .14903940360439465721 .00047169811320754716 6.58244880997212489649 .00921115182489084315 -1 ERR|0+/-0
node-1 node-2 6 44 15 300 172 19.47505007584000000000 .11197548540986411312 .002 .33808038494333333333 .14899170170960801882 .00047169811320754716 6.58413242643068022737 .00921119516512943123 -1 ERR|0+/-0
node-1 node-2 6 44 15 300 147 19.47505695642000000000 .11191245789288604874 .002 .33795835767333333333 .14926494058826492957 .00047169811320754716 6.58175826458632881919 .00921118048998427508 -1 ERR|0+/-0
node-1 node-2 6 44 15 300 197 19.47534995368666666666 .11167811380669386318 .002 .33794546951333333333 .14938090546517566617 .00047169811320754716 6.58160628403511515520 .00921131643224775228 0 ERR|0+/-0
node-1 node-2 6 44 15 300 97 19.47498508747333333333 .11209398493297819350 .002 .33825128160666666666 .14902572939040052046 .00047169811320754716 6.58743866510857633960 .00921118968915484445 -1 ERR|0+/-0
