#TXnode RXnode MCS CHANNEL TXPOWER FPS SIZE Vmu Vsd Verr Imu Isd Ierr Pmu Perr loss status
node-1 node-2 24 44 15 1200 1422 19.47899494318000000000 .12493970354169636459 .002 .49032086186666666666 .13904740326808349940 .00047169811320754716 9.55095758883645929527 .00924038810262169778 5165 ERR|0+/-0
node-1 node-2 24 44 15 1200 472 19.47909527222666666666 .12501128118210332916 .002 .49073889100666666666 .13874926916833081564 .00047169811320754716 9.55914961170571813564 .00924052392451826781 5173 ERR|0+/-0
node-1 node-2 24 44 15 1200 597 19.47905884058666666666 .12516824901997805158 .002 .49084815380666666666 .13896556923455900574 .00047169811320754716 9.56126006979339423436 .00924053005018120375 5169 ERR|0+/-0
node-1 node-2 24 44 15 1200 272 19.47907125316666666666 .12496031387172375524 .002 .49060740700000000000 .13881739951330924492 .00047169811320754716 9.55657663828433887216 .00924048473150784173 5172 ERR|0+/-0
node-1 node-2 24 44 15 1200 672 19.47889911404666666666 .12483639267350769536 .002 .49187319502666666666 .13838778145072004188 .00047169811320754716 9.58114834282824062200 .00924067315732404800 5167 ERR|0+/-0
node-1 node-2 24 44 15 1200 872 19.47891849387333333333 .12525878865497529163 .002 .49060204054666666666 .13883261543947037703 .00047169811320754716 9.55639716073646027811 .00924041194293757879 5175 ERR|0+/-0
node-1 node-2 24 44 15 1200 1347 19.47888717094000000000 .12494812544624293514 .002 .49092143915000000000 .13855276663588012041 .00047169811320754716 9.56260332299833685830 .00924046510487956390 5167 ERR|0+/-0
node-1 node-2 24 44 15 1200 897 19.47899164206000000000 .12478766290463526006 .002 .49058969000000000000 .13864378919628835050 .00047169811320754716 9.55619247119080636140 .00924044362885178797 5173 ERR|0+/-0
node-1 node-2 24 44 15 1200 997 19.47889126781333333333 .12518329046505749554 .002 .49047917511666666666 .13874768228672758845 .00047169811320754716 9.55399052122432510178 .00924037308303674608 5172 ERR|0+/-0
node-1 node-2 24 44 15 1200 722 19.47866433690000000000 .12514815460199682600 .002 .49219493995666666666 .13853956173269489024 .00047169811320754716 9.58730002373655983127 .00924063157054045034 5167 ERR|0+/-0
node-1 node-2 24 44 15 1200 1047 19.47901840914000000000 .12523297458194988750 .002 .49077961799666666666 .13874276009059907688 .00047169811320754716 9.55990521378776684702 .00924049652542244885 5163 ERR|0+/-0
node-1 node-2 24 44 15 1200 72 19.47895961413333333333 .12521013652193952084 .002 .49066954862333333333 .13857606228418788397 .00047169811320754716 9.55773232151894190447 .00924044556742046341 5157 ERR|0+/-0
node-1 node-2 24 44 15 1200 447 19.47890495028000000000 .12518246200169856037 .002 .49120561057333333333 .13892205252971081275 .00047169811320754716 9.56814739940221257556 .00924053385021122413 5169 ERR|0+/-0
node-1 node-2 24 44 15 1200 1397 19.47888376461333333333 .12518576672828607798 .002 .49092882600333333333 .13846274165068720716 .00047169811320754716 9.56274553841701368976 .00924046507700541553 5174 ERR|0+/-0
node-1 node-2 24 44 15 1200 622 19.47887826563333333333 .12484428368035597728 .002 .49201220127666666666 .13846676760763917460 .00047169811320754716 9.58384577387447531232 .00924069297995793928 5168 ERR|0+/-0
node-1 node-2 24 44 15 1200 972 19.47887558722666666666 .12535677122802530881 .002 .49117872848666666666 .13912041931551584994 .00047169811320754716 9.56760934328396663333 .00924051436239834108 5170 ERR|0+/-0
node-1 node-2 24 44 15 1200 97 19.47889661764000000000 .12523220558886611604 .002 .49114218303666666666 .13885675801333871038 .00047169811320754716 9.56690780793325211730 .00924051645620191512 5163 ERR|0+/-0
node-1 node-2 24 44 15 1200 1147 19.47872625194666666666 .12536342058346750519 .002 .49092887898333333333 .13877659599747469829 .00047169811320754716 9.56266924289140319685 .00924039121046028710 5177 ERR|0+/-0
node-1 node-2 24 44 15 1200 247 19.47872318982000000000 .12501087109110638550 .002 .49068533540333333333 .13865534798366062122 .00047169811320754716 9.55792382162551364286 .00924033803042316358 5164 ERR|0+/-0
node-1 node-2 24 44 15 1200 197 19.47892352182666666666 .12512049514342838752 .002 .49209166809666666666 .13847986317661882915 .00047169811320754716 9.58541596858308141385 .00924073113170151758 5163 ERR|0+/-0
node-1 node-2 24 44 15 1200 122 19.47879427280666666666 .12553697173597704180 .002 .49084860211000000000 .13898891670341485005 .00047169811320754716 9.56113893959542631961 .00924040605557939591 5171 ERR|0+/-0
node-1 node-2 24 44 15 1200 147 19.47891428480000000000 .12507024588763112470 .002 .49078297091333333333 .13863056820051271055 .00047169811320754716 9.55991942286031156938 .00924044840037461493 5173 ERR|0+/-0
node-1 node-2 24 44 15 1200 797 19.47888405366000000000 .12524596748800929207 .002 .49092186284333333333 .13896222089988177599 .00047169811320754716 9.56261004573206733344 .00924046373282744289 5166 ERR|0+/-0
node-1 node-2 24 44 15 1200 947 19.47876074400666666666 .12509617504821251084 .002 .49082268283333333333 .13867757252413290851 .00047169811320754716 9.56061760664196817915 .00924038482244092743 5171 ERR|0+/-0
node-1 node-2 24 44 15 1200 1472 19.47873040798666666666 .12479975109021353388 .002 .49210658390666666666 .13798715497185706194 .00047169811320754716 9.58561147991323001266 .00924064373567783047 5169 ERR|0+/-0
node-1 node-2 24 44 15 1200 1372 19.47878030539333333333 .12524444797291000755 .002 .49073399872666666666 .13882010321685920058 .00047169811320754716 9.55889974958391178433 .00924037515641776959 5175 ERR|0+/-0
node-1 node-2 24 44 15 1200 1247 19.47880791419333333333 .12532473246247698724 .002 .49090643342000000000 .13880133246078037341 .00047169811320754716 9.56227212042991866300 .00924042474243912664 5172 ERR|0+/-0
node-1 node-2 24 44 15 1200 747 19.47899518664000000000 .12525172432223458675 .002 .49071859535666666666 .13882675381233963485 .00047169811320754716 9.55870515694725185390 .00924047267007490531 5172 ERR|0+/-0
node-1 node-2 24 44 15 1200 1222 19.47900511207333333333 .12473472955351780799 .002 .49069170677333333333 .13890785867563576267 .00047169811320754716 9.55818626468974908371 .00924047161384750859 5172 ERR|0+/-0
node-1 node-2 24 44 15 1200 1322 19.47867191720000000000 .12494185232458291495 .002 .49114914842000000000 .13871117625823645689 .00047169811320754716 9.56693312448534875082 .00924041254688343933 5173 ERR|0+/-0
node-1 node-2 24 44 15 1200 572 19.47899117798666666666 .12487830736194435631 .002 .49068526732666666666 .13857176329373988870 .00047169811320754716 9.55805399342416917378 .00924046371054475057 5173 ERR|0+/-0
node-1 node-2 24 44 15 1200 1297 19.47879158328000000000 .12525373715739209064 .002 .49082059680000000000 .13851712208316413436 .00047169811320754716 9.56059210984830650150 .00924039884373474974 5169 ERR|0+/-0
node-1 node-2 24 44 15 1200 547 19.47880204617333333333 .12524354957462496607 .002 .49092121184333333333 .13877903678513506828 .00047169811320754716 9.56255710576381377477 .00924042513069313981 5171 ERR|0+/-0
node-1 node-2 24 44 15 1200 497 19.47889127836000000000 .12505227991111303845 .002 .49098209026000000000 .13867164275127133666 .00047169811320754716 9.56378675579647630477 .00924047992108965626 5174 ERR|0+/-0
node-1 node-2 24 44 15 1200 347 19.47882653851333333333 .12526292809397556275 .002 .49104609058333333333 .13862577380550609056 .00047169811320754716 9.56500162088785556026 .00924046315959483277 5175 ERR|0+/-0
node-1 node-2 24 44 15 1200 1122 19.47881103168000000000 .12525752926017191821 .002 .49085885873333333333 .13860130291864772441 .00047169811320754716 9.56134695249270804460 .00924041609530987624 5163 ERR|0+/-0
node-1 node-2 24 44 15 1200 1097 19.47888652778000000000 .12537988878286524844 .002 .49103315958666666666 .13881129265391813308 .00047169811320754716 9.56477919696596808652 .00924048854753509393 5177 ERR|0+/-0
node-1 node-2 24 44 15 1200 922 19.47902726020666666666 .12531678959030314183 .002 .49074674225000000000 .13884004435394393430 .00047169811320754716 9.55926917014536472839 .00924049369270372479 5165 ERR|0+/-0
node-1 node-2 24 44 15 1200 1172 19.47881287496666666666 .12528311721465145891 .002 .49095526300000000000 .13869207966178422223 .00047169811320754716 9.56322569795704594956 .00924043744616129253 5161 ERR|0+/-0
node-1 node-2 24 44 15 1200 1022 19.47905749172666666666 .12502036790404461035 .002 .49092309193000000000 .13896239818160329763 .00047169811320754716 9.56271913172068559442 .00924054534129695940 5174 ERR|0+/-0
node-1 node-2 24 44 15 1200 697 19.47875175012000000000 .12537916788747727938 .002 .49075711104000000000 .13865500080308656429 .00047169811320754716 9.55933593555423517332 .00924036667302173837 5177 ERR|0+/-0
node-1 node-2 24 44 15 1200 822 19.47891193937333333333 .12520609725926023787 .002 .49076762147666666666 .13843940280268013815 .00047169811320754716 9.55961928143969505514 .00924044403936527716 5169 ERR|0+/-0
node-1 node-2 24 44 15 1200 297 19.47906089308666666666 .12494760965309629699 .002 .49087004839000000000 .13879773809266270074 .00047169811320754716 9.56168756318120868312 .00924053566504223011 5164 ERR|0+/-0
node-1 node-2 24 44 15 1200 1197 19.47879632690000000000 .12521294345236716141 .002 .49102634652333333333 .13913122609587309332 .00047169811320754716 9.56460219506983191841 .00924044479276167149 5173 ERR|0+/-0
node-1 node-2 24 44 15 1200 847 19.47888655578000000000 .12531525493548666016 .002 .49080749665000000000 .13904378549965663851 .00047169811320754716 9.56038354797172238813 .00924044060527688744 5172 ERR|0+/-0
node-1 node-2 24 44 15 1200 172 19.47881595682666666666 .12517747669941502767 .002 .49073008472333333333 .13869934500851511923 .00047169811320754716 9.55884100480376738214 .00924039104655421549 5171 ERR|0+/-0
node-1 node-2 24 44 15 1200 322 19.47906361076000000000 .12523281734348367218 .002 .49075435511000000000 .13878712699715135067 .00047169811320754716 9.55943530044519185698 .00924051235942706371 5168 ERR|0+/-0
node-1 node-2 24 44 15 1200 522 19.47903041170000000000 .12500396325649546864 .002 .49102283288666666666 .13904243475745632022 .00047169811320754716 9.56464869463846689931 .00924055383794766979 5173 ERR|0+/-0
node-1 node-2 24 44 15 1200 372 19.47880358452666666666 .12484756838160527253 .002 .49066329582666666666 .13852461636382221863 .00047169811320754716 9.55753396554414291177 .00924037105667176062 5184 ERR|0+/-0
node-1 node-2 24 44 15 1200 1072 19.47900915479333333333 .12496583113944760860 .002 .49102786534000000000 .13884744908840260911 .00047169811320754716 9.56473628421648809552 .00924054493755074706 5181 ERR|0+/-0
node-1 node-2 24 44 15 1200 1447 19.47882101838000000000 .12540307604139795441 .002 .49097369530333333333 .13892501451282435586 .00047169811320754716 9.56358873554626722294 .00924044518303597643 5163 ERR|0+/-0
node-1 node-2 24 44 15 1200 222 19.47896741088000000000 .12530715372443229356 .002 .49062651375000000000 .13874169070510202377 .00047169811320754716 9.55689787224991821960 .00924044008409043091 5162 ERR|0+/-0
node-1 node-2 24 44 15 1200 422 19.47870426538000000000 .12491199335404698864 .002 .49081892350000000000 .13843655018297216156 .00047169811320754716 9.56051665870866991843 .00924035753359769353 5168 ERR|0+/-0
node-1 node-2 24 44 15 1200 1272 19.47906430349333333333 .12494758573675876859 .002 .49076318788000000000 .13848925346792884438 .00047169811320754716 9.55960769450190008699 .00924051456075443668 5168 ERR|0+/-0
node-1 node-2 24 44 15 1200 772 19.47887252204000000000 .12506064487119585547 .002 .49091797559000000000 .13874265142471718916 .00047169811320754716 9.56252866529555445700 .00924045749810112919 5163 ERR|0+/-0
node-1 node-2 24 44 15 1200 647 19.47886041620000000000 .12509458391797995664 .002 .49077885223333333333 .13870081034459723912 .00047169811320754716 9.55981275787594563278 .00924042225941126999 5166 ERR|0+/-0
node-1 node-2 24 44 15 1200 397 19.47887432339333333333 .12513307298844054405 .002 .49119855348333333333 .13903151331653760413 .00047169811320754716 9.56799489113444863942 .00924051798489707502 5164 ERR|0+/-0
node-1 node-2 12 44 15 600 1422 19.47897938822666666666 .12435872804506165155 .002 .49038891409333333333 .13841104463307445213 .00047169811320754716 9.55227554983889752867 .00924039525198409194 2585 ERR|0+/-0
node-1 node-2 12 44 15 600 472 19.47885539472666666666 .12513506804163959114 .002 .49030110211333333333 .13845003717765238592 .00047169811320754716 9.55050426794073326678 .00924031845563463467 2582 ERR|0+/-0
node-1 node-2 12 44 15 600 597 19.47919085555333333333 .12486090170618000450 .002 .49026841272000000000 .13833260819023608375 .00047169811320754716 9.55003198182207153063 .00924046886055651507 2582 ERR|0+/-0
node-1 node-2 12 44 15 600 272 19.47877299792000000000 .12524679938118788686 .002 .49023579443666666666 .13859982760724372405 .00047169811320754716 9.54919175528680242410 .00924026594836824001 2586 ERR|0+/-0
node-1 node-2 12 44 15 600 672 19.47896116815333333333 .12466533785572700263 .002 .49046889897000000000 .13860579993293396245 .00047169811320754716 9.55382463722355042813 .00924040368677191072 2582 ERR|0+/-0
node-1 node-2 12 44 15 600 872 19.47891720934000000000 .12496059488956588914 .002 .49051005991333333333 .13857176407045364972 .00047169811320754716 9.55460484740022313552 .00924039180811568238 2587 ERR|0+/-0
node-1 node-2 12 44 15 600 1347 19.47894062566666666666 .12486180916354354398 .002 .49028465679000000000 .13847305974667476419 .00047169811320754716 9.55022571928776953160 .00924035494153324826 2582 ERR|0+/-0
node-1 node-2 12 44 15 600 897 19.47863377140000000000 .12556711071140477348 .002 .49046331343666666666 .13840784475056931941 .00047169811320754716 9.55355526074019872824 .00924024894109697295 2585 ERR|0+/-0
node-1 node-2 12 44 15 600 997 19.47878669983333333333 .12532539570077137861 .002 .49036378593000000000 .13828076306424035444 .00047169811320754716 9.55169159145320383334 .00924029954052807640 2584 ERR|0+/-0
node-1 node-2 12 44 15 600 722 19.47924062792000000000 .12464199748186498543 .002 .49054448224666666666 .13866877656529261093 .00047169811320754716 9.55543400838125049219 .00924055081100487807 2584 ERR|0+/-0
node-1 node-2 12 44 15 600 1047 19.47911260799333333333 .12477965147289805505 .002 .49049322046666666666 .13856149468929176339 .00047169811320754716 9.55437267492750035546 .00924047988091619568 2582 ERR|0+/-0
node-1 node-2 12 44 15 600 72 19.47899769439333333333 .12484977200922747544 .002 .49012001292333333333 .13809076846612889423 .00047169811320754716 9.54704660170964073714 .00924034677124519607 2583 ERR|0+/-0
node-1 node-2 12 44 15 600 447 19.47876850534000000000 .12532837940856814869 .002 .49043428873000000000 .13806342257429314529 .00047169811320754716 9.55305597725274810681 .00924030597353077426 2584 ERR|0+/-0
node-1 node-2 12 44 15 600 1397 19.47881104956666666666 .12495700942209853555 .002 .49029724968666666666 .13868191328336228409 .00047169811320754716 9.55040748476878956266 .00924029683857165759 2578 ERR|0+/-0
node-1 node-2 12 44 15 600 622 19.47873342444000000000 .12513691366435944196 .002 .49027117948333333333 .13810224799808350505 .00047169811320754716 9.54986161084162736984 .00924025489661260859 2583 ERR|0+/-0
node-1 node-2 12 44 15 600 972 19.47891863010666666666 .12502282871185081808 .002 .49025725241666666666 .13803981375975578267 .00047169811320754716 9.54968112764391496262 .00924033880880456514 2583 ERR|0+/-0
node-1 node-2 12 44 15 600 97 19.47879018152666666666 .12485510389908568026 .002 .49016549272666666666 .13829335450482459010 .00047169811320754716 9.54783078704737540956 .00924025908992414833 2587 ERR|0+/-0
node-1 node-2 12 44 15 600 1147 19.47885373916666666666 .12512010782806485281 .002 .49044427946666666666 .13854191521448085820 .00047169811320754716 9.55329238694218163897 .00924034807207867089 2584 ERR|0+/-0
node-1 node-2 12 44 15 600 247 19.47891804493333333333 .12486147442343067105 .002 .49028924644666666666 .13838152538151536223 .00047169811320754716 9.55030404984674151353 .00924034532448352711 2586 ERR|0+/-0
node-1 node-2 12 44 15 600 197 19.47899450274000000000 .12493515793204792483 .002 .49047603238666666666 .13821244719574057675 .00047169811320754716 9.55397993858560620194 .00924042083632250593 2585 ERR|0+/-0
node-1 node-2 12 44 15 600 122 19.47892645858666666666 .12523450822852579768 .002 .49036375819333333333 .13860377990469618657 .00047169811320754716 9.55175958380411501728 .00924036508622067161 2581 ERR|0+/-0
node-1 node-2 12 44 15 600 147 19.47887894358666666666 .12499545012596777788 .002 .49043089958000000000 .13829063450387349867 .00047169811320754716 9.55304412311312900502 .00924035705319980208 2582 ERR|0+/-0
node-1 node-2 12 44 15 600 797 19.47879514248666666666 .12531189236490601780 .002 .49053450304333333333 .13841724307978133336 .00047169811320754716 9.55502109510259234023 .00924033974507054150 2584 ERR|0+/-0
node-1 node-2 12 44 15 600 947 19.47882373278000000000 .12495469234437583292 .002 .49021593967666666666 .13876786047924202628 .00047169811320754716 9.54882987996090350613 .00924028553137602507 2580 ERR|0+/-0
node-1 node-2 12 44 15 600 1472 19.47891998148000000000 .12490681766116738993 .002 .49059537882000000000 .13855346158553053816 .00047169811320754716 9.55626812731864798425 .00924041122591454259 2582 ERR|0+/-0
node-1 node-2 12 44 15 600 1372 19.47921125652000000000 .12472836041468568081 .002 .49047129840333333333 .13832174041786751198 .00047169811320754716 9.55399403685819056969 .00924052149583342509 2582 ERR|0+/-0
node-1 node-2 12 44 15 600 1247 19.47906099850000000000 .12479209395258996662 .002 .49067107983333333333 .13824527652345147466 .00047169811320754716 9.55781189427336321351 .00924049344501522764 2586 ERR|0+/-0
node-1 node-2 12 44 15 600 747 19.47871388569333333333 .12505670259920658862 .002 .49045627878666666666 .13831836996089998789 .00047169811320754716 9.55345752792732463936 .00924028502376663757 2585 ERR|0+/-0
node-1 node-2 12 44 15 600 1222 19.47886127284666666666 .12505576641703749068 .002 .49066964440333333333 .13825081964339376472 .00047169811320754716 9.55768593412953484656 .00924039946269880207 2583 ERR|0+/-0
node-1 node-2 12 44 15 600 1322 19.47894646296000000000 .12502885602460528567 .002 .49056678475000000000 .13831583700941983172 .00047169811320754716 9.55572413665167216786 .00924041757423317585 2585 ERR|0+/-0
node-1 node-2 12 44 15 600 572 19.47886062249333333333 .12476131304714646814 .002 .49039030997333333333 .13809163373857620665 .00047169811320754716 9.55224449859186242293 .00924033984319034664 2585 ERR|0+/-0
node-1 node-2 12 44 15 600 1297 19.47899712216666666666 .12515050071098731325 .002 .49077407135000000000 .13865090015617937884 .00047169811320754716 9.55978672346066833325 .00924048536284206880 2586 ERR|0+/-0
node-1 node-2 12 44 15 600 547 19.47872926642000000000 .12498338650580058290 .002 .49049778045000000000 .13801698868588901918 .00047169811320754716 9.55427347116546671748 .00924030104950213675 2588 ERR|0+/-0
node-1 node-2 12 44 15 600 497 19.47889074269333333333 .12480905637664861393 .002 .49050431974000000000 .13824105669095691305 .00047169811320754716 9.55448005303457684209 .00924037817558210384 2584 ERR|0+/-0
node-1 node-2 12 44 15 600 347 19.47882182028000000000 .12496221529832483035 .002 .49036564470333333333 .13861745757304911336 .00047169811320754716 9.55174501996295914051 .00924031640776963708 2583 ERR|0+/-0
node-1 node-2 12 44 15 600 1122 19.47904491881333333333 .12486907795800491530 .002 .49024587392000000000 .13825631829002953096 .00047169811320754716 9.54952139935057804934 .00924039562787084890 2587 ERR|0+/-0
node-1 node-2 12 44 15 600 1097 19.47896145109333333333 .12478356832144021613 .002 .49024634319333333333 .13881153947364295094 .00047169811320754716 9.54948962060241256549 .00924035657816793236 2584 ERR|0+/-0
node-1 node-2 12 44 15 600 922 19.47870890878666666666 .12491273298686725267 .002 .49052746952333333333 .13832877958884585019 .00047169811320754716 9.55484179060873312314 .00924029780518366951 2582 ERR|0+/-0
node-1 node-2 12 44 15 600 1172 19.47862534156666666666 .12496011938599899593 .002 .49033696073000000000 .13801783064205274991 .00047169811320754716 9.55108994918215747000 .00924021816392591079 2587 ERR|0+/-0
node-1 node-2 12 44 15 600 1022 19.47873477579333333333 .12486921507658767548 .002 .49044269194666666666 .13807411575302046115 .00047169811320754716 9.55320311915523298081 .00924029193729907810 2592 ERR|0+/-0
node-1 node-2 12 44 15 600 697 19.47893422796000000000 .12497257198616789702 .002 .49079360566666666666 .13844720430115986000 .00047169811320754716 9.56013636428433634764 .00924046001367481920 2583 ERR|0+/-0
node-1 node-2 12 44 15 600 822 19.47879689724000000000 .12518326575937496682 .002 .49076706440666666666 .13838496797579050630 .00047169811320754716 9.55955197143216190810 .00924038996286983280 2587 ERR|0+/-0
node-1 node-2 12 44 15 600 297 19.47885309065333333333 .12485520575647567663 .002 .49077249403333333333 .13839971008604378839 .00047169811320754716 9.55968531220883959236 .00924041747273201883 2585 ERR|0+/-0
node-1 node-2 12 44 15 600 1197 19.47871540568666666666 .12522637567115815386 .002 .49062060537333333333 .13831500028281435068 .00047169811320754716 9.55665914423286659182 .00924032063100629858 2586 ERR|0+/-0
node-1 node-2 12 44 15 600 847 19.47898416583333333333 .12494451655856381014 .002 .49075101275333333333 .13876362145528799209 .00047169811320754716 9.55933120678885222819 .00924047438736410328 2580 ERR|0+/-0
node-1 node-2 12 44 15 600 172 19.47885259652000000000 .12506451909514760089 .002 .49047120066333333333 .13819171259413366098 .00047169811320754716 9.55381622055925244629 .00924035325181446079 2583 ERR|0+/-0
node-1 node-2 12 44 15 600 322 19.47873136217333333333 .12489949235795711615 .002 .49034417828666666666 .13867191726052218089 .00047169811320754716 9.55128252385160641721 .00924026942321671971 2580 ERR|0+/-0
node-1 node-2 12 44 15 600 522 19.47891169792000000000 .12500524023582487023 .002 .49016566312666666666 .13846222302209055515 .00047169811320754716 9.54789366939674133590 .00924031612163666021 2585 ERR|0+/-0
node-1 node-2 12 44 15 600 372 19.47881370796000000000 .12533499081446585736 .002 .49077438467666666666 .13842646736876383150 .00047169811320754716 9.55970281175548883889 .00924039940275237886 2583 ERR|0+/-0
node-1 node-2 12 44 15 600 1072 19.47891372624000000000 .12507528055137174922 .002 .49053628023666666666 .13845405176443649567 .00047169811320754716 9.55511388232071756894 .00924039574201784390 2585 ERR|0+/-0
node-1 node-2 12 44 15 600 1447 19.47895622871333333333 .12473125521023677223 .002 .49043710944333333333 .13845376302463890692 .00047169811320754716 9.55320298778338058441 .00924039462083668697 2588 ERR|0+/-0
node-1 node-2 12 44 15 600 222 19.47900440373333333333 .12514930621156721718 .002 .49037801918000000000 .13834043519046138861 .00047169811320754716 9.55207559510124899693 .00924040467234735504 2587 ERR|0+/-0
node-1 node-2 12 44 15 600 422 19.47887774538666666666 .12493991239787449126 .002 .49034584298333333333 .13826900818100787848 .00047169811320754716 9.55138672843091646513 .00924033843527471508 2589 ERR|0+/-0
node-1 node-2 12 44 15 600 1272 19.47903356068666666666 .12494834755270741194 .002 .49050669932333333333 .13820342727137208028 .00047169811320754716 9.55459645786085389120 .00924044566709364240 2584 ERR|0+/-0
node-1 node-2 12 44 15 600 772 19.47860213200000000000 .12513858864185659437 .002 .49049731677000000000 .13837330068332576787 .00047169811320754716 9.55420208017640135364 .00924024132089750456 2588 ERR|0+/-0
node-1 node-2 12 44 15 600 647 19.47895821056666666666 .12453798593123998209 .002 .49147769903666666666 .13774775486774223555 .00047169811320754716 9.57347356096069128702 .00924061670068713541 2588 ERR|0+/-0
node-1 node-2 12 44 15 600 397 19.47885579865333333333 .12485784423768701201 .002 .49067034180333333333 .13836655321624346085 .00047169811320754716 9.55769683266307256563 .00924039704326434395 2584 ERR|0+/-0
node-1 node-2 48 44 15 2400 1422 19.47888179753333333333 .12559743594900042301 .002 .49216427437333333333 .13876805569900158956 .00047169811320754716 9.58680972548692386181 .00924072702938718128 10374 ERR|0+/-0
node-1 node-2 48 44 15 2400 472 19.47887208016666666666 .12516395920380535753 .002 .49231181677000000000 .13890254689894541361 .00047169811320754716 9.58967890241728075105 .00924075390910954028 10357 ERR|0+/-0
node-1 node-2 48 44 15 2400 597 19.47898067486000000000 .12546296951895686348 .002 .49204999185000000000 .13907899262757921838 .00047169811320754716 9.58463228231117049989 .00924074906028873072 10353 ERR|0+/-0
node-1 node-2 48 44 15 2400 272 19.47879209895333333333 .12497762556240923250 .002 .49359091414000000000 .13851130450752892483 .00047169811320754716 9.61455479846538513719 .00924098932962694476 10380 ERR|0+/-0
node-1 node-2 48 44 15 2400 672 19.47871114113333333333 .12544831502423998723 .002 .49212738027000000000 .13889297510234966523 .00047169811320754716 9.58600708492200957210 .00924063912933847882 10352 ERR|0+/-0
node-1 node-2 48 44 15 2400 872 19.47883779600000000000 .12523629332436452073 .002 .49220049212666666666 .13883939285444353062 .00047169811320754716 9.58749354924671508603 .00924071410821305465 10341 ERR|0+/-0
node-1 node-2 48 44 15 2400 1347 19.47896148886666666666 .12514711755355261045 .002 .49211129611333333333 .13895469104115328390 .00047169811320754716 9.58581698522788053987 .00924075311985479677 10370 ERR|0+/-0
node-1 node-2 48 44 15 2400 897 19.47914690785333333333 .12527148695695858020 .002 .49210317501666666666 .13914312239996259764 .00047169811320754716 9.58575003997071021599 .00924083835423291667 10368 ERR|0+/-0
node-1 node-2 48 44 15 2400 997 19.47870928810000000000 .12478781918436826216 .002 .49340833922666666666 .13839094749451807994 .00047169811320754716 9.61095760012046757107 .00924091149074659517 10363 ERR|0+/-0
node-1 node-2 48 44 15 2400 722 19.47888180982666666666 .12495813638544079951 .002 .49205724394666666666 .13857018651907972058 .00047169811320754716 9.58472489850616802104 .00924070423569600673 10371 ERR|0+/-0
node-1 node-2 48 44 15 2400 1047 19.47892857943333333333 .12494148582390714453 .002 .49192188039333333333 .13886903556583033622 .00047169811320754716 9.58211117484228657584 .00924069734352189244 10367 ERR|0+/-0
node-1 node-2 48 44 15 2400 72 19.47867961294666666666 .12540473185005935412 .002 .49193135401333333333 .13863266146664212033 .00047169811320754716 9.58217323638876539122 .00924058259134235702 10366 ERR|0+/-0
node-1 node-2 48 44 15 2400 447 19.47899663442666666666 .12520138587844386321 .002 .49224056224333333333 .13901996949194076448 .00047169811320754716 9.58835225526618012876 .00924079714316589194 10362 ERR|0+/-0
node-1 node-2 48 44 15 2400 1397 19.47924824966000000000 .12477113185326212720 .002 .49346434085333333333 .13875128800333711118 .00047169811320754716 9.61231439783691896404 .00924117622514991486 10368 ERR|0+/-0
node-1 node-2 48 44 15 2400 622 19.47895515546666666666 .12522003999132572897 .002 .49213776102666666666 .13886819670553220624 .00047169811320754716 9.58632937735021104747 .00924075578704546925 10379 ERR|0+/-0
node-1 node-2 48 44 15 2400 972 19.47877800371333333333 .12533677917768626118 .002 .49237358119666666666 .13896577201307090590 .00047169811320754716 9.59083568302319157137 .00924072294921487190 10372 ERR|0+/-0
node-1 node-2 48 44 15 2400 97 19.47907278762000000000 .12528226360564486775 .002 .49203338657333333333 .13864625015888095817 .00047169811320754716 9.58435415100112921282 .00924078872590987765 10366 ERR|0+/-0
node-1 node-2 48 44 15 2400 1147 19.47883748812666666666 .12532001605848567987 .002 .49203794480000000000 .13876633871601578643 .00047169811320754716 9.58432716475103946873 .00924067933756820933 10364 ERR|0+/-0
node-1 node-2 48 44 15 2400 247 19.47917460440000000000 .12534607328072596479 .002 .49249931865000000000 .13906156805417086357 .00047169811320754716 9.59348022053138329206 .00924093576127869801 10361 ERR|0+/-0
node-1 node-2 48 44 15 2400 197 19.47901912636666666666 .12519920617847192987 .002 .49206810436666666666 .13873052654526049195 .00047169811320754716 9.58500401643328908833 .00924077095251979449 10355 ERR|0+/-0
node-1 node-2 48 44 15 2400 122 19.47891711752000000000 .12520440475536158040 .002 .49212443296333333333 .13901168419001850424 .00047169811320754716 9.58605104119929740511 .00924073510745553078 10358 ERR|0+/-0
node-1 node-2 48 44 15 2400 147 19.47895988995333333333 .12548113841375184316 .002 .49188078412000000000 .13895482282011627148 .00047169811320754716 9.58132606451227451020 .00924070327814163828 10373 ERR|0+/-0
node-1 node-2 48 44 15 2400 797 19.47910381145333333333 .12539074156551215635 .002 .49251414138000000000 .13876189598349383129 .00047169811320754716 9.59373408854982387660 .00924090571861158531 10370 ERR|0+/-0
node-1 node-2 48 44 15 2400 947 19.47905158465333333333 .12524028610991921340 .002 .49209025041333333333 .13908756040461619053 .00047169811320754716 9.58545137210629628492 .00924079089313496585 10388 ERR|0+/-0
node-1 node-2 48 44 15 2400 1472 19.47903491819333333333 .12531357881922943980 .002 .49203950796666666666 .13883756022590213127 .00047169811320754716 9.58445475681336681814 .00924077226831380798 10367 ERR|0+/-0
node-1 node-2 48 44 15 2400 1372 19.47891147950000000000 .12551797811069606454 .002 .49219149938000000000 .13877077957011819932 .00047169811320754716 9.58735464738539913271 .00924074675085894992 10349 ERR|0+/-0
node-1 node-2 48 44 15 2400 1247 19.47904367348666666666 .12519139365527506927 .002 .49195273230666666666 .13893129605080074059 .00047169811320754716 9.58276875789265502530 .00924075789427590132 10394 ERR|0+/-0
node-1 node-2 48 44 15 2400 747 19.47903653945333333333 .12498331461174375983 .002 .49196898949000000000 .13885076046593050413 .00047169811320754716 9.58308192255364291701 .00924075801030516056 10375 ERR|0+/-0
node-1 node-2 48 44 15 2400 1222 19.47884950011333333333 .12523213750806271948 .002 .49184162923000000000 .13865502009337611159 .00047169811320754716 9.58050907366171293631 .00924064316683377348 10357 ERR|0+/-0
node-1 node-2 48 44 15 2400 1322 19.47908145409333333333 .12518829706026737362 .002 .49189901032333333333 .13865366869430952081 .00047169811320754716 9.58174088927610745102 .00924076417460434870 10372 ERR|0+/-0
node-1 node-2 48 44 15 2400 572 19.47910510953333333333 .12502507116553624369 .002 .49190319393000000000 .13904022828693051099 .00047169811320754716 9.58183401827762915846 .00924077616021507686 10368 ERR|0+/-0
node-1 node-2 48 44 15 2400 1297 19.47890317231333333333 .12502137954250159824 .002 .49178800365333333333 .13865855307186595112 .00047169811320754716 9.57949090446855582945 .00924065692362078822 10341 ERR|0+/-0
node-1 node-2 48 44 15 2400 547 19.47878045299333333333 .12542690729874821720 .002 .49248096307000000000 .13893321087883287853 .00047169811320754716 9.59292855691924766428 .00924074698694121913 10344 ERR|0+/-0
node-1 node-2 48 44 15 2400 497 19.47896426072000000000 .12496609012590630083 .002 .49198491176333333333 .13923020892534555221 .00047169811320754716 9.58335651305145271487 .00924072750119709568 10364 ERR|0+/-0
node-1 node-2 48 44 15 2400 347 19.47878239418000000000 .12515150261288298383 .002 .49219520674333333333 .13898255258384209472 .00047169811320754716 9.58736332761182654735 .00924068699789864379 10352 ERR|0+/-0
node-1 node-2 48 44 15 2400 1122 19.47903068914666666666 .12517554130922202802 .002 .49202603850333333333 .13894865254405968337 .00047169811320754716 9.58419030386568944770 .00924076741605107329 10357 ERR|0+/-0
node-1 node-2 48 44 15 2400 1097 19.47896366186666666666 .12538628117543437690 .002 .49194130787000000000 .13858034343366485069 .00047169811320754716 9.58250685977089244555 .00924071793468459137 10351 ERR|0+/-0
node-1 node-2 48 44 15 2400 922 19.47901571392000000000 .12522771641154063514 .002 .49201557624000000000 .13914987318060373058 .00047169811320754716 9.58397914107236378926 .00924075816419409982 10352 ERR|0+/-0
node-1 node-2 48 44 15 2400 1172 19.47877676626666666666 .12527748756818443918 .002 .49230517519000000000 .13914799021792354806 .00047169811320754716 9.58950260840381301558 .00924070779032461776 10366 ERR|0+/-0
node-1 node-2 48 44 15 2400 1022 19.47895571262666666666 .12529783097658443245 .002 .49188065588333333333 .13867650529809374558 .00047169811320754716 9.58132151184920744988 .00924070129159842067 10338 ERR|0+/-0
node-1 node-2 48 44 15 2400 697 19.47891296523333333333 .12536056054031980867 .002 .49205701775666666666 .13894405414140384218 .00047169811320754716 9.58473582281438285252 .00924071879988857306 10365 ERR|0+/-0
node-1 node-2 48 44 15 2400 822 19.47890591606666666666 .12542696237023010966 .002 .49209503175000000000 .13892776833082195789 .00047169811320754716 9.58547282522208916844 .00924072359082724159 10366 ERR|0+/-0
node-1 node-2 48 44 15 2400 297 19.47896301114000000000 .12537343237183885742 .002 .49230563808000000000 .13882443826187898412 .00047169811320754716 9.58960331433599584821 .00924079524020638983 10348 ERR|0+/-0
node-1 node-2 48 44 15 2400 1197 19.47896336584000000000 .12514227835488330252 .002 .49217987660666666666 .13881332405035723770 .00047169811320754716 9.58715378582491161098 .00924076861005632636 10358 ERR|0+/-0
node-1 node-2 48 44 15 2400 847 19.47887889557333333333 .12520552466195675552 .002 .49224321273666666666 .13849876887917810394 .00047169811320754716 9.58834592806547096782 .00924074248679869013 10381 ERR|0+/-0
node-1 node-2 48 44 15 2400 172 19.47899867793333333333 .12542247126189069736 .002 .49231720867333333333 .13839914304349411689 .00047169811320754716 9.58984625687168898654 .00924081443412081130 10357 ERR|0+/-0
node-1 node-2 48 44 15 2400 322 19.47894745670666666666 .12520307701324265361 .002 .49238694455333333333 .13839136465352651431 .00047169811320754716 9.59117942132271883040 .00924080527289456522 10360 ERR|0+/-0
node-1 node-2 48 44 15 2400 522 19.47878955344000000000 .12534167772604330921 .002 .49226231844666666666 .13861905362654622975 .00047169811320754716 9.58867410611108527432 .00924070465517991869 10393 ERR|0+/-0
node-1 node-2 48 44 15 2400 372 19.47911524088000000000 .12528210950433472143 .002 .49240278359333333333 .13868941014143278636 .00047169811320754716 9.59157056654463574523 .00924088734158120336 10362 ERR|0+/-0
node-1 node-2 48 44 15 2400 1072 19.47884954655333333333 .12522523262850559516 .002 .49227953681333333333 .13864873524999286069 .00047169811320754716 9.58903903243388296371 .00924073646176441014 10370 ERR|0+/-0
node-1 node-2 48 44 15 2400 1447 19.47898324636000000000 .12483470096669474631 .002 .49231248139333333333 .13871586701351564619 .00047169811320754716 9.58974657703465922933 .00924080618911045715 10348 ERR|0+/-0
node-1 node-2 48 44 15 2400 222 19.47862866788000000000 .12567113706362979291 .002 .49226280141666666666 .13880422109379350391 .00047169811320754716 9.58860431580560281003 .00924062930063104738 10348 ERR|0+/-0
node-1 node-2 48 44 15 2400 422 19.47891255709333333333 .12519355836629506234 .002 .49216961278000000000 .13874376248594729716 .00047169811320754716 9.58692885060010550898 .00924074259336905564 10371 ERR|0+/-0
node-1 node-2 48 44 15 2400 1272 19.47891464443333333333 .12529646840451604612 .002 .49214130164666666666 .13875460666104344331 .00047169811320754716 9.58637840777573787770 .00924073754103583065 10368 ERR|0+/-0
node-1 node-2 48 44 15 2400 772 19.47889955986666666666 .12551443198196400430 .002 .49212077070333333333 .13886393324521095438 .00047169811320754716 9.58597106385440445437 .00924072609250908540 10353 ERR|0+/-0
node-1 node-2 48 44 15 2400 647 19.47895218327333333333 .12531533825043386770 .002 .49241368365000000000 .13877967590236643829 .00047169811320754716 9.59170259820783198147 .00924081318892530366 10390 ERR|0+/-0
node-1 node-2 48 44 15 2400 397 19.47899212584000000000 .12507455193639276535 .002 .49243683419333333333 .13886285748641174753 .00047169811320754716 9.59217321572551766815 .00924083685703807455 10363 ERR|0+/-0
node-1 node-2 6 44 15 300 1422 19.47880827910000000000 .12465903309245159418 .002 .49060825508333333333 .13837451812301937844 .00047169811320754716 9.55646414091203799369 .00924036156857706569 1291 ERR|0+/-0
node-1 node-2 6 44 15 300 472 19.47860707148666666666 .12523905652402397861 .002 .49048851364666666666 .13784474628338438611 .00047169811320754716 9.55403303040094573875 .00924024176851776535 1293 ERR|0+/-0
node-1 node-2 6 44 15 300 597 19.47897736250666666666 .12522471295070450617 .002 .49053426498666666666 .13854438496674164419 .00047169811320754716 9.55510584320912659263 .00924042516153701717 1292 ERR|0+/-0
node-1 node-2 6 44 15 300 272 19.47885679040000000000 .12504408411124603019 .002 .49060643842333333333 .13847078794738292215 .00047169811320754716 9.55645255449630596973 .00924038393607498161 1292 ERR|0+/-0
node-1 node-2 6 44 15 300 672 19.47898074800000000000 .12489450508656695389 .002 .49044813301000000000 .13881073089547287392 .00047169811320754716 9.55342974079433329148 .00924040846153385039 1292 ERR|0+/-0
node-1 node-2 6 44 15 300 872 19.47889337504666666666 .12468589136299400602 .002 .49164812422666666666 .13781434301398848104 .00047169811320754716 9.57676138985293791066 .00924062255514697613 1292 ERR|0+/-0
node-1 node-2 6 44 15 300 1347 19.47918075932666666666 .12491284977342917357 .002 .49062276635666666666 .13840128574397224894 .00047169811320754716 9.55692955050240396825 .00924053935526482945 1294 ERR|0+/-0
node-1 node-2 6 44 15 300 897 19.47860352748666666666 .12510482557190766652 .002 .49043780900666666666 .13785203020152121484 .00047169811320754716 9.55304363653008943343 .00924022934084431315 1292 ERR|0+/-0
node-1 node-2 6 44 15 300 997 19.47883630568666666666 .12515321218717021627 .002 .49026682120333333333 .13816142113161117683 .00047169811320754716 9.54982715632908300417 .00924030222653528308 1294 ERR|0+/-0
node-1 node-2 6 44 15 300 722 19.47885736838000000000 .12515959111440535510 .002 .49033467762000000000 .13843236293711946044 .00047169811320754716 9.55115924813056888165 .00924032650779468506 1291 ERR|0+/-0
node-1 node-2 6 44 15 300 1047 19.47890937062666666666 .12489098955422789819 .002 .49141294852333333333 .13809428973366929302 .00047169811320754716 9.57218828783843744463 .00924058001909427436 1290 ERR|0+/-0
node-1 node-2 6 44 15 300 72 19.47899560290000000000 .12502066153114403193 .002 .49014036140333333333 .13801550128278502695 .00047169811320754716 9.54744194457934687333 .00924035010758700960 1293 ERR|0+/-0
node-1 node-2 6 44 15 300 447 19.47876354032000000000 .12522744849528499604 .002 .49028759069333333333 .13806927044979239879 .00047169811320754716 9.55019604586863668335 .00924027250505620965 1293 ERR|0+/-0
node-1 node-2 6 44 15 300 1397 19.47887876103333333333 .12513751960347065825 .002 .49034017012000000000 .13818175611858175360 .00047169811320754716 9.55127672543193949365 .00924033770751463228 1290 ERR|0+/-0
node-1 node-2 6 44 15 300 622 19.47876563382666666666 .12499790178826323795 .002 .49024437107666666666 .13829851265495312867 .00047169811320754716 9.54935520750514255482 .00924026431447629478 1294 ERR|0+/-0
node-1 node-2 6 44 15 300 972 19.47868078931333333333 .12490197328588242448 .002 .49160142147333333333 .13797771316978158545 .00047169811320754716 9.57574716445174518778 .00924051290926389431 1293 ERR|0+/-0
node-1 node-2 6 44 15 300 97 19.47873202150666666666 .12514674700726902685 .002 .49031894444333333333 .13845210656852225850 .00047169811320754716 9.55079132387970528509 .00924026437636593761 1291 ERR|0+/-0
node-1 node-2 6 44 15 300 1147 19.47880251040000000000 .12500921305648791464 .002 .49020284782333333333 .13828885013591711100 .00047169811320754716 9.54856446278637450896 .00924027279916467725 1291 ERR|0+/-0
node-1 node-2 6 44 15 300 247 19.47915822977333333333 .12451031973248066408 .002 .49003282377333333333 .13815640051056837522 .00047169811320754716 9.54542691206339154774 .00924040357147082781 1294 ERR|0+/-0
node-1 node-2 6 44 15 300 197 19.47896076732666666666 .12486508313434663684 .002 .49044894829000000000 .13800757900035458270 .00047169811320754716 9.55343582211753506153 .00924039926302910300 1293 ERR|0+/-0
node-1 node-2 6 44 15 300 122 19.47900919718666666666 .12475582637284909853 .002 .49183389028666666666 .13788719825186072051 .00047169811320754716 9.58043687238207795919 .00924071641999374797 1291 ERR|0+/-0
node-1 node-2 6 44 15 300 147 19.47918721628000000000 .12476161061008621160 .002 .49027267229000000000 .13813700418447627663 .00047169811320754716 9.55011317056280179288 .00924046805760849378 1293 ERR|0+/-0
node-1 node-2 6 44 15 300 797 19.47880405597333333333 .12513561785743205755 .002 .49018290456333333333 .13848647680863370639 .00047169811320754716 9.54817674957704669802 .00924026929216411473 1296 ERR|0+/-0
node-1 node-2 6 44 15 300 947 19.47893849304000000000 .12492315101914752798 .002 .49025297431333333333 .13783005692039295697 .00047169811320754716 9.54960753267933902871 .00924034721730023681 1292 ERR|0+/-0
node-1 node-2 6 44 15 300 1472 19.47884444382000000000 .12475831175317619750 .002 .49043645805666666666 .13806341036102109048 .00047169811320754716 9.55313547606386197457 .00924034205173851775 1291 ERR|0+/-0
node-1 node-2 6 44 15 300 1372 19.47888097157333333333 .12449225023824391933 .002 .49151075498666666666 .13786760353333172328 .00047169811320754716 9.57407949263342419144 .00924058750672067982 1294 ERR|0+/-0
node-1 node-2 6 44 15 300 1247 19.47890894656666666666 .12483295531480480667 .002 .49011607056000000000 .13814092008478554910 .00047169811320754716 9.54692631168728366974 .00924030430884597490 1292 ERR|0+/-0
node-1 node-2 6 44 15 300 747 19.47885908341333333333 .12489773399607960885 .002 .48997077330000000000 .13817756016056700344 .00047169811320754716 9.54407164810176013686 .00924025009873142881 1293 ERR|0+/-0
node-1 node-2 6 44 15 300 1222 19.47920080423333333333 .12458226058014324271 .002 .49018684952666666666 .13825308938384269740 .00047169811320754716 9.54844807352444928419 .00924045621838491749 1292 ERR|0+/-0
node-1 node-2 6 44 15 300 1322 19.47879764000000000000 .12484560201242522267 .002 .49029223312333333333 .13821130758185732395 .00047169811320754716 9.55030319347311516220 .00924028948429596062 1292 ERR|0+/-0
node-1 node-2 6 44 15 300 572 19.47892270944000000000 .12486251363589356501 .002 .49154761031666666666 .13815823631245665546 .00047169811320754716 9.57481790936828196292 .00924061492435170680 1296 ERR|0+/-0
node-1 node-2 6 44 15 300 1297 19.47889569014666666666 .12491260916929455116 .002 .49036598156000000000 .13804589309692052450 .00047169811320754716 9.55178780480362382035 .00924035112673812628 1291 ERR|0+/-0
node-1 node-2 6 44 15 300 547 19.47894131048000000000 .12508464901656920542 .002 .49016189246666666666 .13837238861091111073 .00047169811320754716 9.54783473599200883958 .00924032921091643574 1293 ERR|0+/-0
node-1 node-2 6 44 15 300 497 19.47875597542000000000 .12495451627858361326 .002 .49004311924333333333 .13803171444072128831 .00047169811320754716 9.54543033717453475560 .00924021708314055195 1294 ERR|0+/-0
node-1 node-2 6 44 15 300 347 19.47877212102666666666 .12501928511380026456 .002 .49005821253000000000 .13817993658349101438 .00047169811320754716 9.54573224790952509512 .00924022785789019544 1292 ERR|0+/-0
node-1 node-2 6 44 15 300 1122 19.47899716673333333333 .12453010228024057858 .002 .49157954710666666666 .13800582234732402825 .00047169811320754716 9.57547660531481516745 .00924065664199813616 1291 ERR|0+/-0
node-1 node-2 6 44 15 300 1097 19.47899849651333333333 .12476310205373879453 .002 .49022248098666666666 .13800597966795491550 .00047169811320754716 9.54904297009631613616 .00924036888987233777 1294 ERR|0+/-0
node-1 node-2 6 44 15 300 922 19.47901773763333333333 .12512113160307871236 .002 .49031396029666666666 .13817932909793496616 .00047169811320754716 9.55083432962801595669 .00924039732914779752 1289 ERR|0+/-0
node-1 node-2 6 44 15 300 1172 19.47889973052000000000 .12490041783324544555 .002 .49043227513000000000 .13842172582146410101 .00047169811320754716 9.55308111186806749796 .00924036709498818666 1300 ERR|0+/-0
node-1 node-2 6 44 15 300 1022 19.47911879524666666666 .12472988226508167276 .002 .49021677842333333333 .13811878410113852323 .00047169811320754716 9.54899086233122293849 .00924042410411383174 1293 ERR|0+/-0
node-1 node-2 6 44 15 300 697 19.47878788736666666666 .12461144214852754917 .002 .49155033065000000000 .13795593843933953501 .00047169811320754716 9.57480462669629995778 .00924055226879296917 1291 ERR|0+/-0
node-1 node-2 6 44 15 300 822 19.47878034652666666666 .12524737346342577450 .002 .49033406963333333333 .13813462027091956537 .00047169811320754716 9.55110963880621136973 .00924029025286733457 1291 ERR|0+/-0
node-1 node-2 6 44 15 300 297 19.47876857437333333333 .12501370793083675797 .002 .49010929113666666666 .13814290832223169844 .00047169811320754716 9.54672545820129354100 .00924023703081453316 1293 ERR|0+/-0
node-1 node-2 6 44 15 300 1197 19.47870298322000000000 .12493873988973482471 .002 .49030094282000000000 .13840547150817738455 .00047169811320754716 9.55042643758351263948 .00924024693557620893 1293 ERR|0+/-0
node-1 node-2 6 44 15 300 847 19.47883256164000000000 .12507406688978186552 .002 .49010615676666666666 .13817924967624852405 .00047169811320754716 9.54669576508678508630 .00924026637818698492 1292 ERR|0+/-0
node-1 node-2 6 44 15 300 172 19.47863606390666666666 .12483810778942391547 .002 .49197047615000000000 .13795267525451489927 .00047169811320754716 9.58291385911272462915 .00924057049727444425 1289 ERR|0+/-0
node-1 node-2 6 44 15 300 322 19.47907460801333333333 .12481456880425844647 .002 .49070940026666666666 .13838184113185336355 .00047169811320754716 9.55856501864787788733 .00924050796787602202 1296 ERR|0+/-0
node-1 node-2 6 44 15 300 522 19.47910063540000000000 .12478121552203049452 .002 .49047959240666666666 .13850907214018035136 .00047169811320754716 9.55410134009943368173 .00924047137185889884 1292 ERR|0+/-0
node-1 node-2 6 44 15 300 372 19.47906456064000000000 .12483495744926218642 .002 .49036862296000000000 .13813553895022971629 .00047169811320754716 9.55192206514997421629 .00924043089340116000 1292 ERR|0+/-0
node-1 node-2 6 44 15 300 1072 19.47892196325333333333 .12482155020256245631 .002 .49025625660666666666 .13834709841945972894 .00047169811320754716 9.54966336443796143709 .00924034016083159624 1292 ERR|0+/-0
node-1 node-2 6 44 15 300 1447 19.47891361806666666666 .12445846124975533020 .002 .49146841618000000000 .13758330220175386530 .00047169811320754716 9.57327082477825810031 .00924059381094864433 1292 ERR|0+/-0
node-1 node-2 6 44 15 300 222 19.47887197584000000000 .12510165503771229832 .002 .49021172000000000000 .13835709572308915887 .00047169811320754716 9.54877133493632484480 .00924030726363517686 1293 ERR|0+/-0
node-1 node-2 6 44 15 300 422 19.47871395294666666666 .12496249409159951869 .002 .49036741839333333333 .13815119227654412508 .00047169811320754716 9.55172667472865791313 .00924026619085615682 1293 ERR|0+/-0
node-1 node-2 6 44 15 300 1272 19.47878783004666666666 .12470613346825936239 .002 .49003623946666666666 .13797697640616634051 .00047169811320754716 9.54531193760514071504 .00924023056471848379 1292 ERR|0+/-0
node-1 node-2 6 44 15 300 772 19.47905957341333333333 .12481084514920426845 .002 .49013336272000000000 .13831700647702671446 .00047169811320754716 9.54733697134028577514 .00924037862715452207 1295 ERR|0+/-0
node-1 node-2 6 44 15 300 647 19.47889772400666666666 .12479723701162514170 .002 .49051071710000000000 .13828508705784140420 .00047169811320754716 9.55460809092006795184 .00924038280840869167 1294 ERR|0+/-0
node-1 node-2 6 44 15 300 397 19.47883971071333333333 .12504243869986501474 .002 .48999461501000000000 .13830545869873768503 .00047169811320754716 9.54452656489247953913 .00924024606921873212 1294 ERR|0+/-0
