#TXnode RXnode MCS CHANNEL TXPOWER FPS SIZE Vmu Vsd Verr Imu Isd Ierr Pmu Perr loss status
node-1 node-2 24 44 15 1200 422 19.47711708119333333333 .11600543181717054666 .002 .41155097970666666666 .13668196170555337928 .00047169811320754716 8.01582661662656822551 .00922411698687283724 0 ERR|0+/-0
node-1 node-2 24 44 15 1200 947 19.47724869130000000000 .11615927635088919367 .002 .41177638046000000000 .13688164770053332788 .00047169811320754716 8.02027096742278589199 .00922421905679631287 -1 ERR|0+/-0
node-1 node-2 24 44 15 1200 372 19.47677800638666666666 .11611957296313022094 .002 .41196628381000000000 .13689221628240273168 .00047169811320754716 8.02377585588345551259 .00922403184059861102 -1 ERR|0+/-0
node-1 node-2 24 44 15 1200 672 19.47702108719333333333 .11576289329076259521 .002 .41187643155000000000 .13686479406167366556 .00047169811320754716 8.02212594261729153828 .00922412999292247181 -1 ERR|0+/-0
node-1 node-2 24 44 15 1200 647 19.47701526390666666666 .11585966406933438942 .002 .41333922379666666666 .13643331239595242690 .00047169811320754716 8.05061437105901037129 .00922438898414241202 -1 ERR|0+/-0
node-1 node-2 24 44 15 1200 972 19.47685993006000000000 .11610290520103518120 .002 .41225834187333333333 .13679567644010826572 .00047169811320754716 8.02949797966570263598 .00922412252341193644 -1 ERR|0+/-0
node-1 node-2 24 44 15 1200 597 19.47697223140000000000 .11600307611876973019 .002 .41208711093000000000 .13690785287155664417 .00047169811320754716 8.02620921650146142920 .00922414467853273754 0 ERR|0+/-0
node-1 node-2 24 44 15 1200 1422 19.47700365865333333333 .11612964965209939950 .002 .41199969627666666666 .13693886330077627926 .00047169811320754716 8.02451959174469878148 .00922414382414586324 -1 ERR|0+/-0
node-1 node-2 24 44 15 1200 447 19.47685934564000000000 .11595629641665263422 .002 .41220588424333333333 .13698752466475938059 .00047169811320754716 8.02847602885256685313 .00922411287137640407 -1 ERR|0+/-0
node-1 node-2 24 44 15 1200 1347 19.47692894835333333333 .11607901816023871516 .002 .41360182231000000000 .13662820256472053317 .00047169811320754716 8.05569330604133054042 .00922439551564300011 -1 ERR|0+/-0
node-1 node-2 24 44 15 1200 497 19.47697353178000000000 .11611030769628153233 .002 .41204559281666666666 .13687872291306279849 .00047169811320754716 8.02540110517681596458 .00922413787057853553 -1 ERR|0+/-0
node-1 node-2 24 44 15 1200 172 19.47676479354666666666 .11599990259045757922 .002 .41210028404666666666 .13672340267715490685 .00047169811320754716 8.02638030373069839081 .00922404957594298600 -1 ERR|0+/-0
node-1 node-2 24 44 15 1200 847 19.47686079867333333333 .11587478041049213354 .002 .41229143277666666666 .13676793336593441039 .00047169811320754716 8.03014284467672085371 .00922412884752380234 0 ERR|0+/-0
node-1 node-2 24 44 15 1200 1197 19.47683493013333333333 .11608633074078849030 .002 .41227222318000000000 .13657739608797159199 .00047169811320754716 8.02975803715594930715 .00922411325986062196 -1 ERR|0+/-0
node-1 node-2 24 44 15 1200 1372 19.47689331686666666666 .11583361171379001359 .002 .41352257135000000000 .13653382497523718169 .00047169811320754716 8.05413500630033432510 .00922436456361698878 -1 ERR|0+/-0
node-1 node-2 24 44 15 1200 547 19.47669490886666666666 .11635621432980021651 .002 .41213376011333333333 .13660994128942060529 .00047169811320754716 8.02700350737143542827 .00922402272599608678 -1 ERR|0+/-0
node-1 node-2 24 44 15 1200 722 19.47699427709333333333 .11618312600633637035 .002 .41207045444666666666 .13691851478543694406 .00047169811320754716 8.02589388301697577734 .00922415205941307376 -1 ERR|0+/-0
node-1 node-2 24 44 15 1200 747 19.47688128688000000000 .11610501149787113991 .002 .41217842884333333333 .13692323418427348238 .00047169811320754716 8.02795032759431864317 .00922411827207360779 -1 ERR|0+/-0
node-1 node-2 24 44 15 1200 322 19.47682946129333333333 .11611903789422042937 .002 .41227283350333333333 .13677815935307695256 .00047169811320754716 8.02976766966860387279 .00922411079966005991 0 ERR|0+/-0
node-1 node-2 24 44 15 1200 1147 19.47690949883333333333 .11582440825167489194 .002 .41375029415000000000 .13646779816372406013 .00047169811320754716 8.05857703427522074849 .00922441301168851448 -1 ERR|0+/-0
node-1 node-2 24 44 15 1200 1072 19.47707350786000000000 .11592534400972232663 .002 .41217887913333333333 .13668257400564679861 .00047169811320754716 8.02803832726727562325 .00922420866001937046 -1 ERR|0+/-0
node-1 node-2 24 44 15 1200 97 19.47711137617333333333 .11594482204908453892 .002 .41221840835000000000 .13684596340454590599 .00047169811320754716 8.02882385074184958037 .00922423351664754907 -1 ERR|0+/-0
node-1 node-2 24 44 15 1200 1022 19.47707439578666666666 .11601431708712861940 .002 .41230591077333333333 .13671446904964223164 .00047169811320754716 8.03051289795479263187 .00922423178601289105 -1 ERR|0+/-0
node-1 node-2 24 44 15 1200 122 19.47688406282000000000 .11608271793114440417 .002 .41215055621666666666 .13647598590695258501 .00047169811320754716 8.02740859985879347473 .00922411459446989036 -1 ERR|0+/-0
node-1 node-2 24 44 15 1200 72 19.47706498625333333333 .11560531282371089445 .002 .41365352405333333333 .13664318702174743369 .00047169811320754716 8.05675656977947968928 .00922446869921615051 0 ERR|0+/-0
node-1 node-2 24 44 15 1200 1447 19.47715495252000000000 .11609482385388088950 .002 .41253382956000000000 .13697070201982944334 .00047169811320754716 8.03498532149659557249 .00922431039351208790 -1 ERR|0+/-0
node-1 node-2 24 44 15 1200 1247 19.47701841098000000000 .11616787722674520258 .002 .41227819673333333333 .13704750343720806806 .00047169811320754716 8.02995002822076782673 .00922420052890722557 -1 ERR|0+/-0
node-1 node-2 24 44 15 1200 522 19.47697992203333333333 .11561459868687295789 .002 .41223251398000000000 .13661278083657496586 .00047169811320754716 8.02904439799778539335 .00922417427964492602 -1 ERR|0+/-0
node-1 node-2 24 44 15 1200 472 19.47699234922666666666 .11588530232045526203 .002 .41222392732666666666 .13694546045625671085 .00047169811320754716 8.02888227870965611373 .00922417858311766967 -1 ERR|0+/-0
node-1 node-2 24 44 15 1200 872 19.47683911574000000000 .11585327011740126349 .002 .41247189177333333333 .13673961825066741830 .00047169811320754716 8.03364867583413458044 .00922415093165973840 -1 ERR|0+/-0
node-1 node-2 24 44 15 1200 997 19.47714321397333333333 .11591140986710914250 .002 .41239411211333333333 .13677279524908157487 .00047169811320754716 8.03225918223076835586 .00922427988880898387 0 ERR|0+/-0
node-1 node-2 24 44 15 1200 922 19.47684853119333333333 .11592098539239327385 .002 .41242437093000000000 .13675199810858484575 .00047169811320754716 8.03272700317630498220 .00922414685573811265 -1 ERR|0+/-0
node-1 node-2 24 44 15 1200 772 19.47690941505333333333 .11571893169684011384 .002 .41234852075000000000 .13668949737275279343 .00047169811320754716 8.03127478607898978235 .00922416189529938811 -1 ERR|0+/-0
node-1 node-2 24 44 15 1200 1272 19.47693772798000000000 .11596743590664936168 .002 .41216058531666666666 .13665604127761103105 .00047169811320754716 8.02762605414050461536 .00922414159943799214 -1 ERR|0+/-0
node-1 node-2 24 44 15 1200 822 19.47674262583333333333 .11611450386923401895 .002 .41235611057666666666 .13687643179382315228 .00047169811320754716 8.03135383589140708909 .00922408489339080454 -1 ERR|0+/-0
node-1 node-2 24 44 15 1200 697 19.47709005680666666666 .11595309780229190935 .002 .41216928875333333333 .13678463312335511447 .00047169811320754716 8.02785835569862452971 .00922421472074790657 -1 ERR|0+/-0
node-1 node-2 24 44 15 1200 1472 19.47700291710666666666 .11593660124991670045 .002 .41241679918333333333 .13694102047055780228 .00047169811320754716 8.03264320075757767629 .00922421803338568423 0 ERR|0+/-0
node-1 node-2 24 44 15 1200 397 19.47690795771333333333 .11585284117923117568 .002 .41245043419333333333 .13680316782669873862 .00047169811320754716 8.03325914390245351934 .00922417943624565339 -1 ERR|0+/-0
node-1 node-2 24 44 15 1200 1322 19.47703006146000000000 .11603462375622339858 .002 .41259499250000000000 .13662028902864144006 .00047169811320754716 8.03612507213036323905 .00922426266106669200 -1 ERR|0+/-0
node-1 node-2 24 44 15 1200 347 19.47672716091333333333 .11619699128340371081 .002 .41239997898333333333 .13656938823130251980 .00047169811320754716 8.03220187182477616807 .00922408547267550692 -1 ERR|0+/-0
node-1 node-2 24 44 15 1200 1222 19.47701694178000000000 .11582357583206085845 .002 .41230353761000000000 .13649867080147612455 .00047169811320754716 8.03044298718579741034 .00922420436927121156 -1 ERR|0+/-0
node-1 node-2 24 44 15 1200 1122 19.47685325988000000000 .11623311165758519660 .002 .41231456655000000000 .13692989033322311833 .00047169811320754716 8.03059030960537670501 .00922412944188964046 -1 ERR|0+/-0
node-1 node-2 24 44 15 1200 622 19.47696779406666666666 .11600409292927173524 .002 .41232825965666666666 .13660821306880026402 .00047169811320754716 8.03090423391645471457 .00922418569945555790 0 ERR|0+/-0
node-1 node-2 24 44 15 1200 247 19.47701553444000000000 .11601900451055076726 .002 .41237462701000000000 .13707433805400589374 .00047169811320754716 8.03182701628267080922 .00922421641939496506 -1 ERR|0+/-0
node-1 node-2 24 44 15 1200 1097 19.47707349587333333333 .11584918610838982881 .002 .41231606257333333333 .13678255470727000593 .00047169811320754716 8.03071025426992152171 .00922423317831320925 -1 ERR|0+/-0
node-1 node-2 24 44 15 1200 897 19.47672918463333333333 .11614742281363771766 .002 .41231789701333333333 .13681374389720736061 .00047169811320754716 8.03060401810623043849 .00922407174566384647 -1 ERR|0+/-0
node-1 node-2 24 44 15 1200 1397 19.47681362064000000000 .11632125085706467401 .002 .41246548797333333333 .13681135210722427488 .00047169811320754716 8.03351343420294277570 .00922413780844416536 -1 ERR|0+/-0
node-1 node-2 24 44 15 1200 272 19.47681591195333333333 .11594907888986178776 .002 .41234945455000000000 .13661550847167633164 .00047169811320754716 8.03125441766471782505 .00922411813367083346 -1 ERR|0+/-0
node-1 node-2 24 44 15 1200 1297 19.47687335629333333333 .11596770088789259859 .002 .41217012979000000000 .13679076433713856915 .00047169811320754716 8.02778541916681611331 .00922411306284583818 -1 ERR|0+/-0
node-1 node-2 24 44 15 1200 222 19.47685152376000000000 .11599186009431085324 .002 .41241972386000000000 .13703932153641220709 .00047169811320754716 8.03263772709131942891 .00922414743056805114 -1 ERR|0+/-0
node-1 node-2 24 44 15 1200 572 19.47680632079333333333 .11586780741871700620 .002 .41241318218666666666 .13655205564257764794 .00047169811320754716 8.03249167359176187747 .00922412502390459796 0 ERR|0+/-0
node-1 node-2 24 44 15 1200 1047 19.47680093061333333333 .11627446536290879424 .002 .41237018356666666666 .13677894109397613175 .00047169811320754716 8.03165197504844442945 .00922411480202714844 -1 ERR|0+/-0
node-1 node-2 24 44 15 1200 297 19.47711759689333333333 .11555454533497951901 .002 .41237683073666666666 .13653452950508549102 .00047169811320754716 8.03191202649223394438 .00922426476331621999 -1 ERR|0+/-0
node-1 node-2 24 44 15 1200 197 19.47686475428666666666 .11618193928745442889 .002 .41233991851000000000 .13677287837591958114 .00047169811320754716 8.03108882561285530651 .00922413937509154780 -1 ERR|0+/-0
node-1 node-2 24 44 15 1200 1172 19.47704212732000000000 .11585156349380064715 .002 .41231727088000000000 .13677213406291584375 .00047169811320754716 8.03072085475137188844 .00922421865711400783 -1 ERR|0+/-0
node-1 node-2 24 44 15 1200 797 19.47696210204666666666 .11608189236301061322 .002 .41239393778333333333 .13669064222053302146 .00047169811320754716 8.03218109731977427092 .00922419476967592060 -1 ERR|0+/-0
node-1 node-2 24 44 15 1200 147 19.47690338193333333333 .11592993195480738489 .002 .41245294577666666666 .13675652771004986846 .00047169811320754716 8.03330617448592475350 .00922417773572064145 -1 ERR|0+/-0
node-1 node-2 12 44 15 600 422 19.47661013523333333333 .11483220604131719949 .002 .40469872349666666666 .13525981004800571077 .00047169811320754716 7.88215925977117034073 .00922266598075053296 0 ERR|0+/-0
node-1 node-2 12 44 15 600 947 19.47672213364666666666 .11500645944027982522 .002 .40474110420000000000 .13546959093340825431 .00047169811320754716 7.88303002256873183931 .00922272604550387423 -1 ERR|0+/-0
node-1 node-2 12 44 15 600 372 19.47659822756666666666 .11482768744937417448 .002 .40468813165666666666 .13534619921353005991 .00047169811320754716 7.88194814774149984720 .00922265852650506680 -1 ERR|0+/-0
node-1 node-2 12 44 15 600 672 19.47665512613333333333 .11505371795532210522 .002 .40491066094666666666 .13554387252425496150 .00047169811320754716 7.88630530015293143394 .00922272433057743410 -1 ERR|0+/-0
node-1 node-2 12 44 15 600 647 19.47668785935333333333 .11483233309200176230 .002 .40461726923333333333 .13543254093731460323 .00047169811320754716 7.88060425536156233982 .00922268820595445316 -1 ERR|0+/-0
node-1 node-2 12 44 15 600 972 19.47689457710666666666 .11468403519095404946 .002 .40493392509333333333 .13578354353802364020 .00047169811320754716 7.88685536973686117079 .00922284092847458906 -1 ERR|0+/-0
node-1 node-2 12 44 15 600 597 19.47676328952666666666 .11484531414558926169 .002 .40500934648000000000 .13566642776227058964 .00047169811320754716 7.88827117143685029519 .00922279248657495220 -1 ERR|0+/-0
node-1 node-2 12 44 15 600 1422 19.47689495564000000000 .11466248872267177700 .002 .40486002330000000000 .13557297763061414201 .00047169811320754716 7.88541614555206286641 .00922282812871755840 -1 ERR|0+/-0
node-1 node-2 12 44 15 600 447 19.47670547506666666666 .11475988774060571457 .002 .40468658349666666666 .13551003088710324343 .00047169811320754716 7.88196139647555141635 .00922270864803393482 0 ERR|0+/-0
node-1 node-2 12 44 15 600 1347 19.47660718781333333333 .11504064156852009867 .002 .40463965506666666666 .13558153879507795212 .00047169811320754716 7.88100761434574788345 .00922265422867240534 -1 ERR|0+/-0
node-1 node-2 12 44 15 600 497 19.47660580053333333333 .11509729074107232360 .002 .40475649727666666666 .13557644588533557505 .00047169811320754716 7.88328274266228033641 .00922267408534842729 -1 ERR|0+/-0
node-1 node-2 12 44 15 600 172 19.47665619212666666666 .11481546319758007630 .002 .40474993423666666666 .13540696621260790284 .00047169811320754716 7.88317531291343495164 .00922269661110765694 -1 ERR|0+/-0
node-1 node-2 12 44 15 600 847 19.47676481648000000000 .11511123157817415407 .002 .40459144520333333333 .13541238372710602833 .00047169811320754716 7.88013242498507852621 .00922271983483731169 -1 ERR|0+/-0
node-1 node-2 12 44 15 600 1197 19.47675500739333333333 .11516094651484367675 .002 .40482241318333333333 .13573425412811249997 .00047169811320754716 7.88462696307354045806 .00922275576658470881 -1 ERR|0+/-0
node-1 node-2 12 44 15 600 1372 19.47652315852666666666 .11522740013678076369 .002 .40466464109666666666 .13552880301358124726 .00047169811320754716 7.88146025375611022745 .00922261913026511303 -1 ERR|0+/-0
node-1 node-2 12 44 15 600 547 19.47671937676000000000 .11488512861491877234 .002 .40480633349666666666 .13547358332146559055 .00047169811320754716 7.88429935944969831140 .00922273620142234578 -1 ERR|0+/-0
node-1 node-2 12 44 15 600 722 19.47653361946000000000 .11459473068540097075 .002 .40587697807333333333 .13517226265717706561 .00047169811320754716 7.90507660881010592390 .00922283713861193040 0 ERR|0+/-0
node-1 node-2 12 44 15 600 747 19.47673776772666666666 .11498283022477302641 .002 .40490543305333333333 .13560517406464760388 .00047169811320754716 7.88623694030757873985 .00922276224381054995 -1 ERR|0+/-0
node-1 node-2 12 44 15 600 322 19.47678377356000000000 .11486158638625332637 .002 .40469799891666666666 .13561535437132528600 .00047169811320754716 7.88221541849233579184 .00922274744241422074 -1 ERR|0+/-0
node-1 node-2 12 44 15 600 1147 19.47662618829333333333 .11502623741166883256 .002 .40460603953000000000 .13513154939157206525 .00047169811320754716 7.88036058545164564990 .00922265725737606005 -1 ERR|0+/-0
node-1 node-2 12 44 15 600 1072 19.47671334051333333333 .11517606653166436535 .002 .40488212033666666666 .13540936234496370543 .00047169811320754716 7.88577299449648044610 .00922274667217771898 -1 ERR|0+/-0
node-1 node-2 12 44 15 600 97 19.47667801638000000000 .11482336764808653346 .002 .40576658044666666666 .13516423910878659076 .00047169811320754716 7.90298503716727942758 .00922288555536201424 -1 ERR|0+/-0
node-1 node-2 12 44 15 600 1022 19.47661475106000000000 .11490659160276028925 .002 .40470213915000000000 .13535852934774961775 .00047169811320754716 7.88222765315442672999 .00922266874915612698 -1 ERR|0+/-0
node-1 node-2 12 44 15 600 122 19.47683565254000000000 .11458476324965267741 .002 .40465440877666666666 .13540064807350326729 .00047169811320754716 7.88138741581887641966 .00922276416862618416 -1 ERR|0+/-0
node-1 node-2 12 44 15 600 72 19.47668444723333333333 .11507000334377771334 .002 .40474185871333333333 .13556467958586148187 .00047169811320754716 7.88302946474629053182 .00922270846994685721 0 ERR|0+/-0
node-1 node-2 12 44 15 600 1447 19.47675097346666666666 .11514924503912797942 .002 .40461234313000000000 .13533407073320504338 .00047169811320754716 7.88053384793385645894 .00922271699747604962 -1 ERR|0+/-0
node-1 node-2 12 44 15 600 1247 19.47677630682000000000 .11457454800043821176 .002 .40612784986666666666 .13520655555625675578 .00047169811320754716 7.91006128382284342929 .00922299534380095900 -1 ERR|0+/-0
node-1 node-2 12 44 15 600 522 19.47678030480666666666 .11472063213682831603 .002 .40480361159000000000 .13552719279081610513 .00047169811320754716 7.88427100953071970337 .00922276435223881289 -1 ERR|0+/-0
node-1 node-2 12 44 15 600 472 19.47683179916666666666 .11473138240159065227 .002 .40461277588000000000 .13539676129419585717 .00047169811320754716 7.88057497960867967076 .00922275505170540783 -1 ERR|0+/-0
node-1 node-2 12 44 15 600 872 19.47678842651333333333 .11511566815597514347 .002 .40471586939000000000 .13550417091427202596 .00047169811320754716 7.88256536096143382642 .00922275276545832654 -1 ERR|0+/-0
node-1 node-2 12 44 15 600 997 19.47670016500000000000 .11488930253717662777 .002 .40494717412666666666 .13564912231848409254 .00047169811320754716 7.88703469312913239743 .00922275190577818589 -1 ERR|0+/-0
node-1 node-2 12 44 15 600 922 19.47655528638666666666 .11491333715967135979 .002 .40632679025333333333 .13535512032841236427 .00047169811320754716 7.91384619470908563795 .00922292654366290396 -1 ERR|0+/-0
node-1 node-2 12 44 15 600 772 19.47689362653333333333 .11456545355980027651 .002 .40462880107000000000 .13553908911258758500 .00047169811320754716 7.88091211667210700705 .00922278691529887835 0 ERR|0+/-0
node-1 node-2 12 44 15 600 1272 19.47656734251333333333 .11486363161865229842 .002 .40459582938666666666 .13545850099913857946 .00047169811320754716 7.88013791754944841586 .00922262781529174471 -1 ERR|0+/-0
node-1 node-2 12 44 15 600 822 19.47655213330000000000 .11496390157877639266 .002 .40472123036000000000 .13530237095111488688 .00047169811320754716 7.88257414255985872698 .00922264267751958934 -1 ERR|0+/-0
node-1 node-2 12 44 15 600 697 19.47671364640000000000 .11473570310480658552 .002 .40462792893333333333 .13572563997007283888 .00047169811320754716 7.88082230517042272910 .00922270219341027133 -1 ERR|0+/-0
node-1 node-2 12 44 15 600 1472 19.47666927224666666666 .11459810228904317497 .002 .40602331036333333333 .13522896619380265287 .00047169811320754716 7.90798173276940590531 .00922292664094004382 -1 ERR|0+/-0
node-1 node-2 12 44 15 600 397 19.47684840442000000000 .11482047378946605757 .002 .40474825063666666666 .13571204793885439624 .00047169811320754716 7.88322031960454741568 .00922278663182033719 0 ERR|0+/-0
node-1 node-2 12 44 15 600 1322 19.47676971636000000000 .11489050463273860518 .002 .40452158620333333333 .13566841966822201430 .00047169811320754716 7.87877377977899385588 .00922270987966517463 -1 ERR|0+/-0
node-1 node-2 12 44 15 600 347 19.47654168400666666666 .11497378070959377245 .002 .40451884888000000000 .13548962507240691656 .00047169811320754716 7.87862822217771350624 .00922260225164572409 -1 ERR|0+/-0
node-1 node-2 12 44 15 600 1222 19.47670576534000000000 .11465035833911326668 .002 .40462421726000000000 .13567068140112276140 .00047169811320754716 7.88074682510402673776 .00922269783890115311 -1 ERR|0+/-0
node-1 node-2 12 44 15 600 1122 19.47680920980000000000 .11455009371004233512 .002 .40622179212333333333 .13523795271712823078 .00047169811320754716 7.91190434204919976407 .00922302735235455755 -1 ERR|0+/-0
node-1 node-2 12 44 15 600 622 19.47680030138000000000 .11479984464546226971 .002 .40469241740000000000 .13549774378591234491 .00047169811320754716 7.88211339718252075601 .00922275422880534803 0 ERR|0+/-0
node-1 node-2 12 44 15 600 247 19.47675417852666666666 .11496558823252942004 .002 .40461598959666666666 .13540763390641803918 .00047169811320754716 7.88060616607557978926 .00922271914336930028 -1 ERR|0+/-0
node-1 node-2 12 44 15 600 1097 19.47652785479333333333 .11506537008527716845 .002 .40468004801000000000 .13558749191026915455 .00047169811320754716 7.88176222734586844195 .00922262404105139916 -1 ERR|0+/-0
node-1 node-2 12 44 15 600 897 19.47663876542666666666 .11494315964413102877 .002 .40486269609000000000 .13552016534002241000 .00047169811320754716 7.88536448134164934584 .00922270822024259368 -1 ERR|0+/-0
node-1 node-2 12 44 15 600 1397 19.47668965284666666666 .11496021176226746717 .002 .40612607341666666666 .13537600320355064519 .00047169811320754716 7.90999149186563735969 .00922295431520783312 -1 ERR|0+/-0
node-1 node-2 12 44 15 600 272 19.47674325042000000000 .11482463484793842948 .002 .40467898009333333333 .13545323448537001333 .00047169811320754716 7.88182859411967954157 .00922272506333368695 0 ERR|0+/-0
node-1 node-2 12 44 15 600 1297 19.47675395652666666666 .11498419394588728146 .002 .40467641391666666666 .13546363613236722430 .00047169811320754716 7.88178294586446053219 .00922272964350264254 -1 ERR|0+/-0
node-1 node-2 12 44 15 600 222 19.47682059215333333333 .11484730943689032456 .002 .40463007480333333333 .13574366176408103239 .00047169811320754716 7.88090737313410629497 .00922275282152669697 -1 ERR|0+/-0
node-1 node-2 12 44 15 600 572 19.47655510296666666666 .11477978738042266838 .002 .40445445353000000000 .13539469301081211694 .00047169811320754716 7.87737945081731604846 .00922259725988863616 -1 ERR|0+/-0
node-1 node-2 12 44 15 600 1047 19.47670560748000000000 .11472131165156422190 .002 .40617964014666666666 .13519720272477208660 .00047169811320754716 7.91104127488879119616 .00922297124743373142 -1 ERR|0+/-0
node-1 node-2 12 44 15 600 297 19.47656237247333333333 .11507159862811764370 .002 .40462420032666666666 .13560082048159064693 .00047169811320754716 7.88068847507446822954 .00922263045867097344 0 ERR|0+/-0
node-1 node-2 12 44 15 600 197 19.47671221489333333333 .11492887199036528775 .002 .40461183784666666666 .13526227461473690399 .00047169811320754716 7.88050832447861336753 .00922269869697208583 -1 ERR|0+/-0
node-1 node-2 12 44 15 600 1172 19.47654378522666666666 .11512213710748872759 .002 .40462556550666666666 .13532461679574995910 .00047169811320754716 7.88070754321269417078 .00922262196449797512 -1 ERR|0+/-0
node-1 node-2 12 44 15 600 797 19.47669327350666666666 .11469726998368688199 .002 .40486215189666666666 .13529320241276895382 .00047169811320754716 7.88537595054324201461 .00922273373675756129 -1 ERR|0+/-0
node-1 node-2 12 44 15 600 147 19.47636893185333333333 .11504981423907986553 .002 .40604811537333333333 .13523336607007105204 .00047169811320754716 7.90834289909478719095 .00922278988933536694 -1 ERR|0+/-0
node-1 node-2 48 44 15 2400 422 19.47754168278000000000 .11809464970437969621 .002 .42746867937000000000 .13792864254885417971 .00047169811320754716 8.32603902051209407024 .00922721168182900147 0 ERR|0+/-0
node-1 node-2 48 44 15 2400 947 19.47722700912666666666 .11820934288306301011 .002 .42766051750333333333 .13795179500260325267 .00047169811320754716 8.32964098225301157967 .00922709944695433094 -1 ERR|0+/-0
node-1 node-2 48 44 15 2400 372 19.47744044879333333333 .11814346333567033631 .002 .42753866293333333333 .13782635484862062084 .00047169811320754716 8.32735884684072566666 .00922717710498296331 -1 ERR|0+/-0
node-1 node-2 48 44 15 2400 672 19.47714802009333333333 .11819611372100874658 .002 .42748229516666666666 .13745865283292647430 .00047169811320754716 8.32613593893039558408 .00922702931387167643 -1 ERR|0+/-0
node-1 node-2 48 44 15 2400 647 19.47737925820000000000 .11803377970025459559 .002 .42766705704666666666 .13796229233268841988 .00047169811320754716 8.32983346633618148265 .00922717216573504821 -1 ERR|0+/-0
node-1 node-2 48 44 15 2400 972 19.47733337237333333333 .11791441258272747944 .002 .42767926301000000000 .13769038776677982139 .00047169811320754716 8.33005158209670509457 .00922715287762777885 0 ERR|0+/-0
node-1 node-2 48 44 15 2400 597 19.47726391609333333333 .11796097988133587990 .002 .42749139710666666666 .13777387132032312504 .00047169811320754716 8.32636276330600466663 .00922708543336806652 -1 ERR|0+/-0
node-1 node-2 48 44 15 2400 1422 19.47739193473333333333 .11783163848990178711 .002 .42773152808333333333 .13791765119480415861 .00047169811320754716 8.33109461532148093369 .00922719007295607680 -1 ERR|0+/-0
node-1 node-2 48 44 15 2400 447 19.47746586088000000000 .11810194647430536324 .002 .42765164871000000000 .13799651393813644301 .00047169811320754716 8.32957038809807149146 .00922720998360938895 -1 ERR|0+/-0
node-1 node-2 48 44 15 2400 1347 19.47747749119333333333 .11810936122844365129 .002 .42775757958000000000 .13803479520471975684 .00047169811320754716 8.33163862795679103249 .00922723508661405299 -1 ERR|0+/-0
node-1 node-2 48 44 15 2400 497 19.47724508760000000000 .11802205936048556566 .002 .42760749956666666666 .13763168457618506312 .00047169811320754716 8.32861607035577746191 .00922709810926458394 0 ERR|0+/-0
node-1 node-2 48 44 15 2400 172 19.47721067861333333333 .11820258155769204806 .002 .42777809878666666666 .13762095876074189717 .00047169811320754716 8.33192415376457341115 .00922711357881517301 -1 ERR|0+/-0
node-1 node-2 48 44 15 2400 847 19.47719993517333333333 .11832095854101207250 .002 .42766976866666666666 .13795190990956949128 .00047169811320754716 8.32980959054999446310 .00922708844633149975 -1 ERR|0+/-0
node-1 node-2 48 44 15 2400 1197 19.47711699339333333333 .11832289102139555375 .002 .42772948015000000000 .13780612788397218883 .00047169811320754716 8.33093712640486145114 .00922706056248121306 -1 ERR|0+/-0
node-1 node-2 48 44 15 2400 1372 19.47738297760666666666 .11801049326075989824 .002 .42756214791666666666 .13782601678295766586 .00047169811320754716 8.32779170170102705085 .00922715446539686578 -1 ERR|0+/-0
node-1 node-2 48 44 15 2400 547 19.47731432754000000000 .11803438525315947601 .002 .42779048059666666666 .13782859820545675773 .00047169811320754716 8.33220965691067803450 .00922716455535145856 -1 ERR|0+/-0
node-1 node-2 48 44 15 2400 722 19.47736910283333333333 .11802337009459067403 .002 .42770097859000000000 .13791520669782510712 .00047169811320754716 8.33048982564044700833 .00922717368521576058 -1 ERR|0+/-0
node-1 node-2 48 44 15 2400 747 19.47736704234000000000 .11805605081908239056 .002 .42769252455000000000 .13767627603635127165 .00047169811320754716 8.33032428192536133944 .00922717115002788002 0 ERR|0+/-0
node-1 node-2 48 44 15 2400 322 19.47745209992000000000 .11805586568488275673 .002 .42772171060666666666 .13790562573336975555 .00047169811320754716 8.33092913043719420368 .00922721651017899980 -1 ERR|0+/-0
node-1 node-2 48 44 15 2400 1147 19.47724623006000000000 .11836474441696433072 .002 .42773919905333333333 .13770248268080961738 .00047169811320754716 8.33118170221042058747 .00922712306274103185 -1 ERR|0+/-0
node-1 node-2 48 44 15 2400 1072 19.47747245556000000000 .11812325993858683495 .002 .42773036009333333333 .13789745689021772318 .00047169811320754716 8.33110630712466023072 .00922722767432411792 -1 ERR|0+/-0
node-1 node-2 48 44 15 2400 97 19.47713075956666666666 .11859394676970838771 .002 .42781994322666666666 .13779998363685199596 .00047169811320754716 8.33270497577617434340 .00922708380375849626 -1 ERR|0+/-0
node-1 node-2 48 44 15 2400 1022 19.47721949276666666666 .11815113864240689576 .002 .42781634064333333333 .13764279062246622650 .00047169811320754716 8.33267276930243634761 .00922712481055587326 -1 ERR|0+/-0
node-1 node-2 48 44 15 2400 122 19.47718143074000000000 .11813025399722805366 .002 .42775006567333333333 .13783533703321318661 .00047169811320754716 8.33136563613046349473 .00922709464367179881 -1 ERR|0+/-0
node-1 node-2 48 44 15 2400 72 19.47759844033333333333 .11790816187022943014 .002 .42767802521333333333 .13768525036128830426 .00047169811320754716 8.33014083686006134220 .00922727714182789624 0 ERR|0+/-0
node-1 node-2 48 44 15 2400 1447 19.47735367127333333333 .11819760812915086345 .002 .42784478705333333333 .13750624022630703006 .00047169811320754716 8.33328423384839951451 .00922719310541722270 -1 ERR|0+/-0
node-1 node-2 48 44 15 2400 1247 19.47753404506666666666 .11794687237826945324 .002 .42787216335666666666 .13804711592245116375 .00047169811320754716 8.33389462871580128847 .00922728289839243955 -1 ERR|0+/-0
node-1 node-2 48 44 15 2400 522 19.47730646693333333333 .11812076961880789853 .002 .42774729848333333333 .13754413712759867497 .00047169811320754716 8.33136522296269113841 .00922715285584034637 -1 ERR|0+/-0
node-1 node-2 48 44 15 2400 472 19.47734535555333333333 .11814992596842850459 .002 .42790410055000000000 .13775863417816367541 .00047169811320754716 8.33443594546976904755 .00922720020152052027 -1 ERR|0+/-0
node-1 node-2 48 44 15 2400 872 19.47735094615333333333 .11801283908944580187 .002 .42785534201333333333 .13782381068594860252 .00047169811320754716 8.33348865058015603032 .00922719378318845756 -1 ERR|0+/-0
node-1 node-2 48 44 15 2400 997 19.47745213698666666666 .11792959425647134664 .002 .42770894120666666666 .13787573711233038252 .00047169811320754716 8.33068043091409423929 .00922721415995359132 -1 ERR|0+/-0
node-1 node-2 48 44 15 2400 922 19.47741706512666666666 .11809947263835788767 .002 .42775895077000000000 .13770563714783208067 .00047169811320754716 8.33163948748827569047 .00922720696079151570 0 ERR|0+/-0
node-1 node-2 48 44 15 2400 772 19.47741162548000000000 .11813839618069304308 .002 .42796787237000000000 .13825856234074230264 .00047169811320754716 8.33570641263137887998 .00922724315648363414 -1 ERR|0+/-0
node-1 node-2 48 44 15 2400 1272 19.47756346534666666666 .11808992130370321116 .002 .42784269945666666666 .13779197719894895372 .00047169811320754716 8.33333333185246481969 .00922729125126677953 -1 ERR|0+/-0
node-1 node-2 48 44 15 2400 822 19.47724814342000000000 .11798956339702258924 .002 .42784714610000000000 .13783997618113319610 .00047169811320754716 8.33328503204377049366 .00922714398016993338 -1 ERR|0+/-0
node-1 node-2 48 44 15 2400 697 19.47723012590000000000 .11841581560116071539 .002 .42798211547333333333 .13773558095836352321 .00047169811320754716 8.33590615284362053802 .00922716055511279916 -1 ERR|0+/-0
node-1 node-2 48 44 15 2400 1472 19.47746297397333333333 .11807980229773585139 .002 .42800319491000000000 .13803862191081286968 .00047169811320754716 8.33641638160181684380 .00922727382645460836 -1 ERR|0+/-0
node-1 node-2 48 44 15 2400 397 19.47737420874000000000 .11803411344479483402 .002 .42784723575000000000 .13769406506189400572 .00047169811320754716 8.33334071487775249045 .00922720320531958751 -1 ERR|0+/-0
node-1 node-2 48 44 15 2400 1322 19.47740872546000000000 .11809781949006612433 .002 .42778435153333333333 .13770088555144357948 .00047169811320754716 8.33213066117059459664 .00922720775423134059 0 ERR|0+/-0
node-1 node-2 48 44 15 2400 347 19.47758102666666666666 .11809775629372795552 .002 .42791432561333333333 .13767379159373716932 .00047169811320754716 8.33473594960512336295 .00922731278469136755 -1 ERR|0+/-0
node-1 node-2 48 44 15 2400 1222 19.47738816206666666666 .11822054750452439272 .002 .42794242289666666666 .13783479281406976718 .00047169811320754716 8.33520068177366257732 .00922722741521124751 -1 ERR|0+/-0
node-1 node-2 48 44 15 2400 1122 19.47743528871333333333 .11808949272328882106 .002 .42769406742333333333 .13764301820126366028 .00047169811320754716 8.33038352160457233594 .00922720348914770709 -1 ERR|0+/-0
node-1 node-2 48 44 15 2400 622 19.47727596085333333333 .11824157328012681712 .002 .42770284670000000000 .13765573093185705448 .00047169811320754716 8.33048637441844842784 .00922713028588680490 -1 ERR|0+/-0
node-1 node-2 48 44 15 2400 247 19.47740821704666666666 .11812303334444486056 .002 .42768982608333333333 .13775930464725353461 .00047169811320754716 8.33028933290277645189 .00922718998811624610 -1 ERR|0+/-0
node-1 node-2 48 44 15 2400 1097 19.47754625143333333333 .11829597645354806516 .002 .42789497773333333333 .13792095037092325271 .00047169811320754716 8.33434421955703630135 .00922729286304854149 -1 ERR|0+/-0
node-1 node-2 48 44 15 2400 897 19.47737426572000000000 .11790848121738589695 .002 .42785260180000000000 .13795947117066515143 .00047169811320754716 8.33344525582066655029 .00922720422733997960 0 ERR|0+/-0
node-1 node-2 48 44 15 2400 1397 19.47732227536666666666 .11824550551903988274 .002 .42796611231333333333 .13782174597715064384 .00047169811320754716 8.33563389246256002061 .00922720086539261591 -1 ERR|0+/-0
node-1 node-2 48 44 15 2400 272 19.47744615391333333333 .11810089238768785260 .002 .42768699852333333333 .13759759174646354460 .00047169811320754716 8.33025048446703630598 .00922720728156946954 -1 ERR|0+/-0
node-1 node-2 48 44 15 2400 1297 19.47749408376666666666 .11794791374528859957 .002 .42776006597666666666 .13771086396230554678 .00047169811320754716 8.33169415433216399984 .00922724334064665761 -1 ERR|0+/-0
node-1 node-2 48 44 15 2400 222 19.47744115801333333333 .11801427373888560900 .002 .42778109737333333333 .13761853687980778300 .00047169811320754716 8.33208115259947210621 .00922722238323659618 -1 ERR|0+/-0
node-1 node-2 48 44 15 2400 572 19.47761742729333333333 .11802683292430474913 .002 .42779821395666666666 .13786174448224576814 .00047169811320754716 8.33248994752733276545 .00922730834512688645 -1 ERR|0+/-0
node-1 node-2 48 44 15 2400 1047 19.47728091797333333333 .11801714802811364010 .002 .42777858600666666666 .13780857095313163670 .00047169811320754716 8.33196369034526305836 .00922714665821059007 -1 ERR|0+/-0
node-1 node-2 48 44 15 2400 297 19.47755165798666666666 .11809362976555389776 .002 .42788698402333333333 .13830381079310848497 .00047169811320754716 8.33419083509459051749 .00922729391957029945 0 ERR|0+/-0
node-1 node-2 48 44 15 2400 197 19.47710989836000000000 .11793887934932515946 .002 .42885378749666666666 .13729516040135610369 .00047169811320754716 8.35283234940050233870 .00922726597538475748 -1 ERR|0+/-0
node-1 node-2 48 44 15 2400 1172 19.47719895001333333333 .11839358456566983971 .002 .42786997194000000000 .13789892389877807683 .00047169811320754716 8.33370856821200239595 .00922712510943437463 -1 ERR|0+/-0
node-1 node-2 48 44 15 2400 797 19.47737779124000000000 .11811921108769340455 .002 .42787740373000000000 .13789117650232896392 .00047169811320754716 8.33392984078413313732 .00922721048340978238 -1 ERR|0+/-0
node-1 node-2 48 44 15 2400 147 19.47724778673333333333 .11811006247602690024 .002 .42779293180666666666 .13787977500597333314 .00047169811320754716 8.33222893421156212990 .00922713375797558816 -1 ERR|0+/-0
node-1 node-2 6 44 15 300 422 19.47646119426000000000 .11422143663132224612 .002 .40110965382333333333 .13458296555770999977 .00047169811320754716 7.81219660733321390832 .00922196879781691573 0 ERR|0+/-0
node-1 node-2 6 44 15 300 947 19.47668575229333333333 .11415835855355320209 .002 .40243401923000000000 .13435690509105890025 .00047169811320754716 7.83808092857508232326 .00922230510790321770 -1 ERR|0+/-0
node-1 node-2 6 44 15 300 372 19.47665547872000000000 .11421702019095037142 .002 .40103338997333333333 .13479848675684921768 .00047169811320754716 7.81078917197377698130 .00922204682702390586 -1 ERR|0+/-0
node-1 node-2 6 44 15 300 672 19.47655085948666666666 .11450105784442972114 .002 .40125657799000000000 .13500771331062493075 .00047169811320754716 7.81509414892581319469 .00922203649880713170 -1 ERR|0+/-0
node-1 node-2 6 44 15 300 647 19.47661034716000000000 .11442009268429640430 .002 .40072965032000000000 .13472696798437769133 .00047169811320754716 7.80485525383632060509 .00922197280481007978 -1 ERR|0+/-0
node-1 node-2 6 44 15 300 972 19.47664140590000000000 .11432839184388415602 .002 .40072790444666666666 .13468470422069102301 .00047169811320754716 7.80483369624548672810 .00922198709626975025 -1 ERR|0+/-0
node-1 node-2 6 44 15 300 597 19.47656065164666666666 .11439014333610245459 .002 .40236571975666666666 .13461587006296035659 .00047169811320754716 7.83670034498418379356 .00922223440270965461 -1 ERR|0+/-0
node-1 node-2 6 44 15 300 1422 19.47651781600666666666 .11448632392254452489 .002 .40105076009333333333 .13476353425881502611 .00047169811320754716 7.81107227408082216115 .00922198515938357113 0 ERR|0+/-0
node-1 node-2 6 44 15 300 447 19.47670071942666666666 .11448834426861249918 .002 .40108031288000000000 .13485877390704311085 .00047169811320754716 7.81172121841776856087 .00922207624859997836 -1 ERR|0+/-0
node-1 node-2 6 44 15 300 1347 19.47643446676666666666 .11449890254244480582 .002 .40103122124666666666 .13456130637950001624 .00047169811320754716 7.81065829973810742376 .00922194259390246312 -1 ERR|0+/-0
node-1 node-2 6 44 15 300 497 19.47653405290666666666 .11413897988578943594 .002 .40084972700666666666 .13454217910135343786 .00047169811320754716 7.80716335814368445003 .00922195782745167350 -1 ERR|0+/-0
node-1 node-2 6 44 15 300 172 19.47667432659333333333 .11408753807207283211 .002 .40216447519000000000 .13452010189563214310 .00047169811320754716 7.83282650900095456055 .00922225270618822014 -1 ERR|0+/-0
node-1 node-2 6 44 15 300 847 19.47627899138000000000 .11474153689394343143 .002 .40084462009666666666 .13469842275162670233 .00047169811320754716 7.80696165319640634463 .00922183708297508040 -1 ERR|0+/-0
node-1 node-2 6 44 15 300 1197 19.47640769346666666666 .11436880700836785579 .002 .40098198678666666666 .13448622413131793477 .00047169811320754716 7.80968865239338394352 .00922192144918959500 -1 ERR|0+/-0
node-1 node-2 6 44 15 300 1372 19.47653957517333333333 .11423557385000566639 .002 .40079240345666666666 .13461801134367244518 .00047169811320754716 7.80604910735260581405 .00922195045643952264 0 ERR|0+/-0
node-1 node-2 6 44 15 300 547 19.47644905162000000000 .11440101692020989181 .002 .40089886039000000000 .13455201678960456793 .00047169811320754716 7.80808622923835428333 .00922192642755743253 -1 ERR|0+/-0
node-1 node-2 6 44 15 300 722 19.47674093090000000000 .11431594322337986417 .002 .40163249766666666666 .13488160972323271587 .00047169811320754716 7.82249210648396541110 .00922219127080466760 -1 ERR|0+/-0
node-1 node-2 6 44 15 300 747 19.47682020175333333333 .11437189433165477486 .002 .40079993804333333333 .13466515922889580814 .00047169811320754716 7.80630833014387903330 .00922208363630063159 -1 ERR|0+/-0
node-1 node-2 6 44 15 300 322 19.47667390771333333333 .11435523589106226621 .002 .40091320344666666666 .13458158139014353137 .00047169811320754716 7.80845572882745988445 .00922203458422811055 -1 ERR|0+/-0
node-1 node-2 6 44 15 300 1147 19.47685558750000000000 .11431212129180975233 .002 .40074071559666666666 .13470665632903614080 .00047169811320754716 7.80516904570768556291 .00922208996984922230 -1 ERR|0+/-0
node-1 node-2 6 44 15 300 1072 19.47645516428666666666 .11469372999458664157 .002 .40094271098333333333 .13494857877378681841 .00047169811320754716 7.80894273391443892834 .00922193692553773867 -1 ERR|0+/-0
node-1 node-2 6 44 15 300 97 19.47666264022000000000 .11422411003077770865 .002 .40102511633333333333 .13488563359484817336 .00047169811320754716 7.81063090107931264552 .00922204875314221162 0 ERR|0+/-0
node-1 node-2 6 44 15 300 1022 19.47669091008666666666 .11437070289022625220 .002 .40074223193333333333 .13472790259302734346 .00047169811320754716 7.80513258598379605269 .00922201284930846591 -1 ERR|0+/-0
node-1 node-2 6 44 15 300 122 19.47667643252000000000 .11429550032646605769 .002 .40098872155000000000 .13497485169615313783 .00047169811320754716 7.80992758271920964480 .00922204890400528292 -1 ERR|0+/-0
node-1 node-2 6 44 15 300 72 19.47657756646000000000 .11453360367254166887 .002 .40092387915666666666 .13491489799895914552 .00047169811320754716 7.80862503064085398362 .00922199116881122533 -1 ERR|0+/-0
node-1 node-2 6 44 15 300 1447 19.47626168278666666666 .11424648659839900135 .002 .40094267930000000000 .13460971076282519451 .00047169811320754716 7.80886454184441282364 .00922184600085495789 -1 ERR|0+/-0
node-1 node-2 6 44 15 300 1247 19.47669327622000000000 .11447718250111603419 .002 .40094554801666666666 .13471182031728552705 .00047169811320754716 7.80909345918655482303 .00922204931045083655 -1 ERR|0+/-0
node-1 node-2 6 44 15 300 522 19.47670028938000000000 .11462003456725474749 .002 .40080477734333333333 .13459245226183751419 .00047169811320754716 7.80635452286778680088 .00922202812923388018 -1 ERR|0+/-0
node-1 node-2 6 44 15 300 472 19.47636145700666666666 .11458069733135537183 .002 .40094332866333333333 .13472052694040676175 .00047169811320754716 7.80891719282250161793 .00922189299883305195 0 ERR|0+/-0
node-1 node-2 6 44 15 300 872 19.47637847681333333333 .11434312428027903195 .002 .40072964983333333333 .13455728571875195922 .00047169811320754716 7.80476232703487710246 .00922186384575062678 -1 ERR|0+/-0
node-1 node-2 6 44 15 300 997 19.47640008482666666666 .11437348631330329418 .002 .40091594543666666666 .13467300140469163093 .00047169811320754716 7.80839935371105793144 .00922190638845992786 -1 ERR|0+/-0
node-1 node-2 6 44 15 300 922 19.47663970220000000000 .11414944989070986753 .002 .40088284799000000000 .13474390206545043880 .00047169811320754716 7.80785079309304146857 .00922201323222426362 -1 ERR|0+/-0
node-1 node-2 6 44 15 300 772 19.47666138536000000000 .11444883908749273945 .002 .40092106115333333333 .13482584879657473400 .00047169811320754716 7.80860375034268247931 .00922203006624596187 -1 ERR|0+/-0
node-1 node-2 6 44 15 300 1272 19.47665900489333333333 .11474125424601497360 .002 .40093341219333333333 .13480772008339130571 .00047169811320754716 7.80884335295789623693 .00922203109547990355 -1 ERR|0+/-0
node-1 node-2 6 44 15 300 822 19.47674400319333333333 .11432927838692340570 .002 .40070032474000000000 .13474989019798212247 .00047169811320754716 7.80433764695741626366 .00922203051456059702 -1 ERR|0+/-0
node-1 node-2 6 44 15 300 697 19.47656712386666666666 .11431763345108917727 .002 .40077162837000000000 .13458843000227364540 .00047169811320754716 7.80565552128965149076 .00922195979042259216 0 ERR|0+/-0
node-1 node-2 6 44 15 300 1472 19.47671262848000000000 .11419455809719286382 .002 .40068986655666666666 .13462892311321437692 .00047169811320754716 7.80412138406819568007 .00922201395352830508 -1 ERR|0+/-0
node-1 node-2 6 44 15 300 397 19.47670485211333333333 .11443244112087969933 .002 .40084344041666666666 .13493302705911614928 .00047169811320754716 7.80710938090109349144 .00922203699508807490 -1 ERR|0+/-0
node-1 node-2 6 44 15 300 1322 19.47664129366000000000 .11421540848467029349 .002 .40076304923000000000 .13462855896144605365 .00047169811320754716 7.80551815360611346688 .00922199315245231625 -1 ERR|0+/-0
node-1 node-2 6 44 15 300 347 19.47639551118000000000 .11449078567587805640 .002 .40091969687333333333 .13457800605272353086 .00047169811320754716 7.80847058452743561431 .00922190489161740813 -1 ERR|0+/-0
node-1 node-2 6 44 15 300 1222 19.47657696730000000000 .11426427992547344478 .002 .40083676039000000000 .13473142274628183844 .00047169811320754716 7.80692801505902296524 .00922197573902116216 -1 ERR|0+/-0
node-1 node-2 6 44 15 300 1122 19.47687300720666666666 .11435408745294079797 .002 .40525153181666666666 .13421234344657839916 .00047169811320754716 7.89303262116918865582 .00922288659385785627 -1 ERR|0+/-0
node-1 node-2 6 44 15 300 622 19.47669170374000000000 .11425748873211115653 .002 .40094093977000000000 .13492515983195431419 .00047169811320754716 7.80900307530807802373 .00922204777012094207 0 ERR|0+/-0
node-1 node-2 6 44 15 300 247 19.47639277916000000000 .11473750467855487818 .002 .40071704559000000000 .13480281758784059981 .00047169811320754716 7.80452257321540452190 .00922186837581563674 -1 ERR|0+/-0
node-1 node-2 6 44 15 300 1097 19.47663818228000000000 .11439518751684407016 .002 .40097087319333333333 .13446532395746851689 .00047169811320754716 7.80956461881942811228 .00922202782556061744 -1 ERR|0+/-0
node-1 node-2 6 44 15 300 897 19.47644665767333333333 .11454592238255639460 .002 .40074947469333333333 .13482636387904769020 .00047169811320754716 7.80517576695531607974 .00922189933082134441 -1 ERR|0+/-0
node-1 node-2 6 44 15 300 1397 19.47650411366000000000 .11453098525254964587 .002 .40084524882333333333 .13483609011807872816 .00047169811320754716 7.80706413764871794119 .00922194298002374822 -1 ERR|0+/-0
node-1 node-2 6 44 15 300 272 19.47657090170666666666 .11434824256729929813 .002 .40090799194666666666 .13471043032974440231 .00047169811320754716 7.80831293021009865812 .00922198527424856876 0 ERR|0+/-0
node-1 node-2 6 44 15 300 1297 19.47663995199333333333 .11406286295247566277 .002 .40081811442333333333 .13484592245052501304 .00047169811320754716 7.80659010086012932018 .00922200209458038130 -1 ERR|0+/-0
node-1 node-2 6 44 15 300 222 19.47664462808000000000 .11424718212662353634 .002 .40088101918333333333 .13484906955347200362 .00047169811320754716 7.80781714877630459526 .00922201522896092164 -1 ERR|0+/-0
node-1 node-2 6 44 15 300 572 19.47668629296000000000 .11439358931789248014 .002 .40096107654000000000 .13448991444841216330 .00047169811320754716 7.80939310345710342315 .00922204872951400100 -1 ERR|0+/-0
node-1 node-2 6 44 15 300 1047 19.47635486224000000000 .11437253800877547519 .002 .40089211988666666666 .13474280588657392635 .00047169811320754716 7.80791718838838133094 .00922188099475363702 -1 ERR|0+/-0
node-1 node-2 6 44 15 300 297 19.47649083497333333333 .11439862858984089958 .002 .40073125423666666666 .13465538487122206346 .00047169811320754716 7.80483860042780708737 .00922191692322232319 0 ERR|0+/-0
node-1 node-2 6 44 15 300 197 19.47674267818666666666 .11466209232663792002 .002 .40079461966666666666 .13463525954133406638 .00047169811320754716 7.80617367404935979620 .00922204628242171532 -1 ERR|0+/-0
node-1 node-2 6 44 15 300 1172 19.47673250180000000000 .11446463720886421120 .002 .40100267258666666666 .13465337324696710493 .00047169811320754716 7.81022178647739454385 .00922207767806696150 -1 ERR|0+/-0
node-1 node-2 6 44 15 300 797 19.47641497556666666666 .11439412808007615130 .002 .40086130557666666666 .13472247823528711012 .00047169811320754716 7.80734113505859641694 .00922190388472350702 -1 ERR|0+/-0
node-1 node-2 6 44 15 300 147 19.47639997791333333333 .11454064304591570062 .002 .40066408608333333333 .13438633367507842841 .00047169811320754716 7.80349399734409921863 .00922186255423439717 -1 ERR|0+/-0
