#TXnode RXnode MCS CHANNEL TXPOWER FPS SIZE Vmu Vsd Verr Imu Isd Ierr Pmu Perr loss status
node-1 node-2 24 44 15 1200 997 19.48065535264000000000 .13280791087753225606 .002 .51875766217000000000 .14972245945737634759 .00047169811320754716 10.10573922827502333762 .00924737505369297595 0 OK|1190+/-1
node-1 node-2 24 44 15 1200 1397 19.48088210023333333333 .13482074062974150977 .002 .53049613855000000000 .15170674106091489578 .00047169811320754716 10.33453272972159738732 .00925014473407741820 0 OK|1190+/-1
node-1 node-2 24 44 15 1200 72 19.47926949704666666666 .12735638054737340759 .002 .49395711817666666666 .14202094065933086946 .00047169811320754716 9.62192382494781858918 .00924129149617315664 0 OK|1190+/-1
node-1 node-2 24 44 15 1200 947 19.48039595904000000000 .13221713230870988528 .002 .51782455675000000000 .14920846504321673799 .00047169811320754716 10.08742740280437915552 .00924704427320823418 2 OK|1190+/-9
node-1 node-2 24 44 15 1200 622 19.48007857888666666666 .12968539466145445073 .002 .51022083078333333333 .14661806744380949215 .00047169811320754716 9.93914187624417042932 .00924520462861359223 2 OK|1190+/-2
node-1 node-2 24 44 15 1200 1372 19.48102836946000000000 .13450860385071570654 .002 .53022629639333333333 .15111152292920474345 .00047169811320754716 10.32935352227223314541 .00925015138780899196 2 OK|1190+/-2
node-1 node-2 24 44 15 1200 1147 19.48068900044666666666 .13337474979294531954 .002 .52398557900000000000 .15034056865770919854 .00047169811320754716 10.20760010521797789194 .00924856975816788117 0 OK|1190+/-1
node-1 node-2 24 44 15 1200 1447 19.48088852750000000000 .13486660679681673288 .002 .53256343798333333333 .15147273487332179700 .00047169811320754716 10.37480896917547606947 .00925062289626671248 0 OK|1190+/-1
node-1 node-2 24 44 15 1200 272 19.47957784462666666666 .12816858585678772928 .002 .50009318305666666666 .14421611877507890210 .00047169811320754716 9.74160408891947192440 .00924275606071432948 0 OK|1190+/-1
node-1 node-2 24 44 15 1200 347 19.47952850816000000000 .12842689626166225344 .002 .50352162409666666666 .14419618616843556594 .00047169811320754716 9.80836383106604154083 .00924347744455893936 1 OK|1190+/-2
node-1 node-2 24 44 15 1200 1097 19.48067721687333333333 .13289492851790805598 .002 .52306539864666666666 .14984603141685396477 .00047169811320754716 10.18966819435088701569 .00924835588191144491 0 OK|1190+/-1
node-1 node-2 24 44 15 1200 922 19.48025400125333333333 .13190923112876076634 .002 .51781501234666666666 .14911782703232560527 .00047169811320754716 10.08716796617519753534 .00924697559537980288 1 OK|1190+/-2
node-1 node-2 24 44 15 1200 1472 19.48103488679333333333 .13505826384752284361 .002 .53390173988000000000 .15118511612007293881 .00047169811320754716 10.40095842072193950064 .00925100004140881517 0 OK|1190+/-1
node-1 node-2 24 44 15 1200 397 19.47969309449333333333 .12907830438447890809 .002 .50348646700666666666 .14513083375931680476 .00047169811320754716 9.80776185452061017555 .00924354695736710043 0 OK|1190+/-6
node-1 node-2 24 44 15 1200 722 19.48000653405333333333 .13030456473344074015 .002 .51376603966000000000 .14709101953543164444 .00047169811320754716 10.00816580955150399388 .00924595614783027510 0 OK|1190+/-1
node-1 node-2 24 44 15 1200 1072 19.48057639724666666666 .13239110995116206094 .002 .52246475658333333333 .14943455885640883779 .00047169811320754716 10.17791460549050833680 .00924817282338981055 2 OK|1190+/-7
node-1 node-2 24 44 15 1200 822 19.48015066051333333333 .13109703799115481533 .002 .51559724360333333333 .14834654628370779306 .00047169811320754716 10.04391198553832786318 .00924643143913849555 0 OK|1190+/-1
node-1 node-2 24 44 15 1200 122 19.47922015456000000000 .12716682833256401177 .002 .49605501817666666666 .14224134547925267509 .00047169811320754716 9.66276490783755247592 .00924171783766948383 1 OK|1190+/-2
node-1 node-2 24 44 15 1200 1047 19.48024253750000000000 .13250424334139682686 .002 .52159207230666666666 .14910894175655166790 .00047169811320754716 10.16074007417110374470 .00924781930497751669 0 OK|1190+/-1
node-1 node-2 24 44 15 1200 1322 19.48085576267333333333 .13344854640982565745 .002 .53075560569333333333 .15045028273838987967 .00047169811320754716 10.33957339974214811275 .00925019192893696287 0 OK|1190+/-1
node-1 node-2 24 44 15 1200 172 19.47931936666000000000 .12788141871872548220 .002 .49783424794333333333 .14290009982323598457 .00047169811320754716 9.69747230734918927417 .00924214704573006617 0 OK|1190+/-1
node-1 node-2 24 44 15 1200 1347 19.48072841338000000000 .13399922235515576401 .002 .53020990495666666666 .15047010194724543174 .00047169811320754716 10.32887516054484563085 .00925000707367142125 0 OK|1190+/-1
node-1 node-2 24 44 15 1200 897 19.48013275950000000000 .13167445757925524505 .002 .51756844693333333333 .14875040562844828541 .00047169811320754716 10.08230205838956397913 .00924686354933687609 0 OK|1190+/-1
node-1 node-2 24 44 15 1200 1272 19.48051644191333333333 .13354200804432237145 .002 .52812808877000000000 .14986347061802536591 .00047169811320754716 10.28820791672024945531 .00924943134766070037 3 OK|1190+/-2
node-1 node-2 24 44 15 1200 647 19.47983921410666666666 .12995023635624113454 .002 .51084023384333333333 .14620850686598272357 .00047169811320754716 9.95108561936478422401 .00924522922774096553 1 OK|1190+/-1
node-1 node-2 24 44 15 1200 697 19.47995328865333333333 .13033952432840712611 .002 .51210919184000000000 .14689878503182235928 .00047169811320754716 9.97586313573320877525 .00924556351177604695 2 OK|1190+/-1
node-1 node-2 24 44 15 1200 147 19.47937684801333333333 .12740629055641022205 .002 .49714330557000000000 .14307359364016453847 .00047169811320754716 9.68404179666507602076 .00924202523208412312 0 OK|1190+/-1
node-1 node-2 24 44 15 1200 872 19.48012364356000000000 .13112623501154055807 .002 .51687333604333333333 .14844476965165934956 .00047169811320754716 10.06875649418347080731 .00924670375163062310 2 OK|1190+/-2
node-1 node-2 24 44 15 1200 297 19.47944369030000000000 .12829958333575353560 .002 .50120713964666666666 .14393741175872863207 .00047169811320754716 9.76323625392357197129 .00924293450814759478 0 OK|1190+/-1
node-1 node-2 24 44 15 1200 1422 19.48077956164666666666 .13448303999067142641 .002 .53260327697000000000 .15088514890000936142 .00047169811320754716 10.37552703246321479594 .00925058101372685455 2 OK|1190+/-2
node-1 node-2 24 44 15 1200 247 19.47932383758000000000 .12818232710977902459 .002 .50002146426333333333 .14336353916866941465 .00047169811320754716 9.74008002812640509428 .00924262142875084654 1 OK|1190+/-1
node-1 node-2 24 44 15 1200 322 19.47962182867333333333 .12813774907363096289 .002 .50209662139666666666 .14388909825149260278 .00047169811320754716 9.78065230626163823804 .00924321113956257952 0 OK|1190+/-1
node-1 node-2 24 44 15 1200 547 19.47966832619333333333 .12936720086557812363 .002 .50816966452333333333 .14602139627147141353 .00047169811320754716 9.89897651834746835634 .00924456038937897684 0 OK|1190+/-3
node-1 node-2 24 44 15 1200 572 19.47996348524666666666 .12929545969442410254 .002 .51034517067333333333 .14563098727613268735 .00047169811320754716 9.94150528958851133859 .00924517812242584810 1 OK|1190+/-1
node-1 node-2 24 44 15 1200 522 19.48002341814666666666 .12939168884239646166 .002 .50745369397333333333 .14554979678892162115 .00047169811320754716 9.88520984222556534256 .00924456955626685952 0 OK|1190+/-1
node-1 node-2 24 44 15 1200 672 19.47992057160666666666 .13030928791570738535 .002 .51141337122333333333 .14676459947870235774 .00047169811320754716 9.96229185068812788033 .00924539411214808895 1 OK|1190+/-1
node-1 node-2 24 44 15 1200 1222 19.48015227927333333333 .13338070358937437540 .002 .52716022454000000000 .14978173740980458212 .00047169811320754716 10.26916144961512318803 .00924903983827659485 0 OK|1190+/-1
node-1 node-2 24 44 15 1200 447 19.47968743089333333333 .12888865061453011833 .002 .50517473581333333333 .14476963223255856993 .00047169811320754716 9.84064595162784959032 .00924391274426178743 1 OK|1190+/-2
node-1 node-2 24 44 15 1200 222 19.47939248874666666666 .12733790632179548058 .002 .50068109499666666666 .14239760288196522421 .00047169811320754716 9.75296356113552493583 .00924279645666675059 2 OK|1190+/-0
node-1 node-2 24 44 15 1200 597 19.47980180366000000000 .12984015603617347621 .002 .50921379955666666666 .14591852184848329695 .00047169811320754716 9.91938389105251704158 .00924485278293529182 0 OK|1190+/-1
node-1 node-2 24 44 15 1200 1022 19.48034364040000000000 .13210268877282585878 .002 .52119946448000000000 .14892115614466505299 .00047169811320754716 10.15314467326285369299 .00924777814911877414 0 OK|1190+/-2
node-1 node-2 24 44 15 1200 497 19.47976444020000000000 .12940226570428299610 .002 .50693291284000000000 .14538075503575457432 .00047169811320754716 9.87493372910763799216 .00924433384468586789 2 OK|1190+/-2
node-1 node-2 24 44 15 1200 747 19.47994188018666666666 .13045691568321242769 .002 .51364253810333333333 .14693342631570142841 .00047169811320754716 10.00572678944449870797 .00924589839257608486 0 OK|1190+/-1
node-1 node-2 24 44 15 1200 1172 19.48044079634000000000 .13272570135141864583 .002 .52706999613666666666 .14917287867097900075 .00047169811320754716 10.26755585526748752334 .00924915447546972587 2 OK|1190+/-2
node-1 node-2 24 44 15 1200 972 19.48016049154000000000 .13186579257976559881 .002 .51969626293666666666 .14854889011895110604 .00047169811320754716 10.12376660885983761709 .00924735390977668811 0 OK|1190+/-1
node-1 node-2 24 44 15 1200 422 19.47966853131333333333 .12886205291889476327 .002 .50471477666333333333 .14474222643049007939 .00047169811320754716 9.83167655225757147818 .00924380338185007535 0 OK|1190+/-1
node-1 node-2 24 44 15 1200 1122 19.48080188182000000000 .13280722121759837480 .002 .52445725852333333333 .14958630168700278974 .00047169811320754716 10.21684794877551023431 .00924872960166814964 2 OK|1190+/-2
node-1 node-2 24 44 15 1200 772 19.47983926632000000000 .13084406135311893313 .002 .51471094990333333333 .14775239373867281616 .00047169811320754716 10.02648657273181907485 .00924608795090312127 2 OK|1190+/-2
node-1 node-2 24 44 15 1200 472 19.47953491123333333333 .12866268163454106936 .002 .50745284625333333333 .14443712529333095703 .00047169811320754716 9.88494543439652788084 .00924434033520757337 2 OK|1190+/-2
node-1 node-2 24 44 15 1200 1247 19.48064937740666666666 .13315800837889684477 .002 .52770502896333333333 .14989956686531157488 .00047169811320754716 10.28003664392892650088 .00924939705750382953 0 OK|1190+/-1
node-1 node-2 24 44 15 1200 847 19.48006673342000000000 .13119542665142931448 .002 .51674904541000000000 .14771316556686711671 .00047169811320754716 10.06630588901788194460 .00924664928827849726 1 OK|1190+/-2
node-1 node-2 24 44 15 1200 1197 19.48039046948000000000 .13336241641194203395 .002 .52643349166333333333 .14992298675706030977 .00047169811320754716 10.25512997381347769937 .00924898589043086550 0 OK|1190+/-8
node-1 node-2 24 44 15 1200 797 19.48001333493333333333 .13087809973318499740 .002 .51525850022333333333 .14750363692243056381 .00047169811320754716 10.03724245528828324473 .00924629153529570362 1 OK|1190+/-7
node-1 node-2 24 44 15 1200 97 19.47938788544666666666 .12682663637275061636 .002 .49621599082666666666 .14155070570853312111 .00047169811320754716 9.66598376027388494403 .00924183106528538423 0 OK|1190+/-1
node-1 node-2 24 44 15 1200 372 19.47944713010000000000 .12854717713792671126 .002 .50337670949333333333 .14419595195857442426 .00047169811320754716 9.80549999909909342501 .00924340771569110706 0 OK|1190+/-1
node-1 node-2 24 44 15 1200 197 19.47949901154666666666 .12753808652966380520 .002 .49893228701333333333 .14294155205282022626 .00047169811320754716 9.71895099170494446064 .00924246813278240629 2 OK|1190+/-2
node-1 node-2 24 44 15 1200 1297 19.48039857721333333333 .13374747962497348761 .002 .52892767417333333333 .14997848736427847184 .00047169811320754716 10.30372191141496022177 .00924955887265305966 1 OK|1190+/-6
node-1 node-2 12 44 15 600 997 19.48025013872666666666 .13181857429868974538 .002 .51954627213666666666 .14888296155934089031 .00047169811320754716 10.12089133986522334581 .00924736221557638402 0 OK|590+/-1
node-1 node-2 12 44 15 600 1397 19.48058326786000000000 .13392721042166572648 .002 .53143298545666666666 .15093159840284926217 .00047169811320754716 10.35262452447602738762 .00925021980906713264 0 OK|590+/-4
node-1 node-2 12 44 15 600 72 19.47928073786666666666 .12624269829992729631 .002 .49435613788333333333 .14084134628968442170 .00047169811320754716 9.62970199431697293944 .00924138211423274770 1 OK|590+/-1
node-1 node-2 12 44 15 600 947 19.48042434135333333333 .13136815003588958738 .002 .51860049500666666666 .14840116022183974946 .00047169811320754716 10.10255770636575713204 .00924723151203547839 0 OK|590+/-1
node-1 node-2 12 44 15 600 622 19.47977745959333333333 .12960927327180899203 .002 .50946589422666666666 .14630497176664493239 .00047169811320754716 9.92428224278818266714 .00924489692571951339 0 OK|590+/-1
node-1 node-2 12 44 15 600 1372 19.48070901558000000000 .13378814417204184359 .002 .53036584631333333333 .15009622513773518967 .00047169811320754716 10.33190272383186937216 .00925003374351450298 1 OK|590+/-1
node-1 node-2 12 44 15 600 1147 19.48043014474000000000 .13242148367970275630 .002 .52383392085666666666 .14938341629717480694 .00047169811320754716 10.20451010269355673799 .00924841407800263774 1 OK|590+/-4
node-1 node-2 12 44 15 600 1447 19.48088016008000000000 .13392578291159872603 .002 .53255402821666666666 .15009480869894800725 .00047169811320754716 10.37462120245674617012 .00925061680873696659 0 OK|590+/-1
node-1 node-2 12 44 15 600 272 19.47934609625333333333 .12752650324561372838 .002 .49975598119333333333 .14305428619904400718 .00047169811320754716 9.73491972133761193639 .00924257443158770834 0 OK|590+/-1
node-1 node-2 12 44 15 600 347 19.47952186852666666666 .12835754276066841234 .002 .50199248702666666666 .14371130236893916716 .00047169811320754716 9.77857362887204234218 .00924314164328182087 1 OK|590+/-1
node-1 node-2 12 44 15 600 1097 19.48049043093333333333 .13209446253088381270 .002 .52275992340666666666 .14908873607584650715 .00047169811320754716 10.18361968559901225991 .00924819925222586724 0 OK|590+/-4
node-1 node-2 12 44 15 600 922 19.48017541689333333333 .13109946241261638445 .002 .51793367336333333333 .14827697353230609245 .00047169811320754716 10.08943881143366745061 .00924696534287607730 0 OK|590+/-1
node-1 node-2 12 44 15 600 1472 19.48065082623333333333 .13433713328574469986 .002 .53339643961666666666 .15043854837370127921 .00047169811320754716 10.39090979212833579247 .00925070349453696521 0 OK|590+/-2
node-1 node-2 12 44 15 600 397 19.47971394131333333333 .12819028268732527992 .002 .50329641526333333333 .14401224353563122276 .00047169811320754716 9.80407019701817906284 .00924351533232641097 0 OK|590+/-1
node-1 node-2 12 44 15 600 722 19.47969766488000000000 .13029796225269643586 .002 .51226204472000000000 .14690062496553048245 .00047169811320754716 9.97870975633883813343 .00924547754803038067 0 OK|590+/-1
node-1 node-2 12 44 15 600 1072 19.48041368057333333333 .13194720952538904825 .002 .52215354862000000000 .14895754162860857385 .00047169811320754716 10.17176713189696115614 .00924802625651481971 0 OK|590+/-2
node-1 node-2 12 44 15 600 822 19.48004756556666666666 .13080155608276906091 .002 .51524496533333333333 .14747835210023173279 .00047169811320754716 10.03699643261208156028 .00924630456429063394 1 OK|590+/-4
node-1 node-2 12 44 15 600 122 19.47905969276000000000 .12673283280217523722 .002 .49560638038333333333 .14138297370551691681 .00047169811320754716 9.65394626759966869095 .00924154630415226183 0 OK|590+/-1
node-1 node-2 12 44 15 600 1047 19.48028877192000000000 .13176574092537543280 .002 .52103583656333333333 .14909543362639186673 .00047169811320754716 10.14992855677264653323 .00924771555041735212 0 OK|590+/-2
node-1 node-2 12 44 15 600 1322 19.48068767997333333333 .13336474025156505920 .002 .52877309901666666666 .15002342616984331544 .00047169811320754716 10.30086359551529783189 .00924965899574998224 0 OK|590+/-1
node-1 node-2 12 44 15 600 172 19.47913592078000000000 .12690753729932004625 .002 .49694746649666666666 .14195871707460895625 .00047169811320754716 9.68010724537583525067 .00924187011645808134 0 OK|590+/-1
node-1 node-2 12 44 15 600 1347 19.48068895693333333333 .13342451788439754699 .002 .52966368302666666666 .14983343157036361179 .00047169811320754716 10.31821346082622275751 .00924986341061075452 0 OK|590+/-1
node-1 node-2 12 44 15 600 897 19.47981169212666666666 .13115337899792841116 .002 .51681374939000000000 .14780946688302909727 .00047169811320754716 10.06743451801914294279 .00924654420460496960 0 OK|590+/-1
node-1 node-2 12 44 15 600 1272 19.48028510358000000000 .13325830537619475881 .002 .52774698698000000000 .14989806203426508132 .00047169811320754716 10.28066176892572221138 .00924923592838081139 0 OK|590+/-1
node-1 node-2 12 44 15 600 647 19.47969596168666666666 .12983709793587768515 .002 .51067614316333333333 .14580603088287586439 .00047169811320754716 9.94781600370850638153 .00924512580823337525 1 OK|590+/-1
node-1 node-2 12 44 15 600 697 19.47992654363333333333 .12974035960858607859 .002 .51171095965333333333 .14647385826818558513 .00047169811320754716 9.96809190561905368614 .00924546277573469980 0 OK|590+/-2
node-1 node-2 12 44 15 600 147 19.47909067768000000000 .12690914264367758697 .002 .49657623242666666666 .14136892921071545857 .00047169811320754716 9.67285345981973959077 .00924176908146808654 0 OK|590+/-1
node-1 node-2 12 44 15 600 872 19.48015171044000000000 .13075512590800751877 .002 .51658333766000000000 .14738555578389606272 .00047169811320754716 10.06312178870225306717 .00924665208433104613 1 OK|590+/-1
node-1 node-2 12 44 15 600 297 19.47956462610666666666 .12745986890220364176 .002 .50047543355000000000 .14295921451261165417 .00047169811320754716 9.74904355161597764854 .00924283262242580480 1 OK|590+/-4
node-1 node-2 12 44 15 600 1422 19.48070518874000000000 .13378164005895963533 .002 .53198980625000000000 .15017106733295534291 .00047169811320754716 10.36353657897116228162 .00925040496269289120 0 OK|590+/-1
node-1 node-2 12 44 15 600 247 19.47932732932666666666 .12715122852473069377 .002 .49944388928333333333 .14257034604672429832 .00047169811320754716 9.72883100198203689464 .00924249815135843887 0 OK|590+/-4
node-1 node-2 12 44 15 600 322 19.47940308145333333333 .12785270468040801548 .002 .50164597794000000000 .14368168385256561890 .00047169811320754716 9.77176420848310687647 .00924301069312849761 0 OK|590+/-1
node-1 node-2 12 44 15 600 547 19.47967082869333333333 .12902818059719419848 .002 .50753600814666666666 .14564419524530343989 .00047169811320754716 9.88663437240608464429 .00924442232116676612 1 OK|590+/-5
node-1 node-2 12 44 15 600 572 19.47954161087333333333 .12914261131421886584 .002 .50828505315333333333 .14559604988327206248 .00047169811320754716 9.90115984308532065655 .00924452635478908567 0 OK|590+/-2
node-1 node-2 12 44 15 600 522 19.47962246769333333333 .12881797135489249316 .002 .50690200630000000000 .14492271215263817036 .00047169811320754716 9.87425971084030759979 .00924426050135461078 0 OK|590+/-1
node-1 node-2 12 44 15 600 672 19.47978014728666666666 .12932493104338803868 .002 .51244165883333333333 .14587127581160485270 .00047169811320754716 9.98225085238421379063 .00924555602928615213 1 OK|590+/-4
node-1 node-2 12 44 15 600 1222 19.48044855461333333333 .13291025723051042101 .002 .52656245965333333333 .14923305712491954991 .00047169811320754716 10.25767290606741898313 .00924904247682378848 0 OK|590+/-1
node-1 node-2 12 44 15 600 447 19.47968401932666666666 .12827740772608865578 .002 .50460582666333333333 .14448737477516467237 .00047169811320754716 9.82956205771285632991 .00924378685155646316 1 OK|590+/-1
node-1 node-2 12 44 15 600 222 19.47932795954000000000 .12721042201090162101 .002 .49874589848666666666 .14243399306650381880 .00047169811320754716 9.71523492509722457376 .00924234767965262600 0 OK|590+/-1
node-1 node-2 12 44 15 600 597 19.47952781888000000000 .12962789584612765949 .002 .50881612908333333333 .14548272137517476765 .00047169811320754716 9.91149794117362870036 .00924463674798937083 0 OK|590+/-1
node-1 node-2 12 44 15 600 1022 19.48027351066000000000 .13133614371373308930 .002 .52207808466333333333 .14799218892639332875 .00047169811320754716 10.17022388316324113744 .00924794351952380113 0 OK|590+/-3
node-1 node-2 12 44 15 600 497 19.47952287192666666666 .12866312229953501105 .002 .50622292599333333333 .14456067499396465778 .00047169811320754716 9.86098106518077697154 .00924406495599613741 0 OK|590+/-1
node-1 node-2 12 44 15 600 747 19.47987198410000000000 .13051564000929915617 .002 .51327336311333333333 .14687439836571672918 .00047169811320754716 9.99849940629620835309 .00924578361975188342 1 OK|590+/-1
node-1 node-2 12 44 15 600 1172 19.48052553989333333333 .13250177333135445636 .002 .52505050553666666666 .14903107510369077791 .00047169811320754716 10.22825978284094101907 .00924873473208619493 0 OK|590+/-4
node-1 node-2 12 44 15 600 972 19.48017092196666666666 .13132771559820972637 .002 .51938569531000000000 .14806330101171210082 .00047169811320754716 10.11772211906330091930 .00924728900431880792 0 OK|590+/-1
node-1 node-2 12 44 15 600 422 19.47928663364666666666 .12790514130947399054 .002 .50525185393666666666 .14382854023358694267 .00047169811320754716 9.84194568501370896065 .00924374168108941315 0 OK|590+/-1
node-1 node-2 12 44 15 600 1122 19.48028877388666666666 .13216215226464805434 .002 .52331542256666666666 .14879422453937952379 .00047169811320754716 10.19433555142719385190 .00924823040762560370 0 OK|590+/-4
node-1 node-2 12 44 15 600 772 19.47976571793333333333 .13038784222162446599 .002 .51404446326333333333 .14701169909152506968 .00047169811320754716 10.01346571297052144212 .00924590516046703076 1 OK|590+/-1
node-1 node-2 12 44 15 600 472 19.47962239091333333333 .12884700666455063134 .002 .50592196366666666666 .14482031586099019004 .00047169811320754716 9.85516881149604189001 .00924404571108683613 0 OK|590+/-1
node-1 node-2 12 44 15 600 1247 19.48051430186666666666 .13291100646438355731 .002 .52743327618000000000 .14964130590548839145 .00047169811320754716 10.27467147990488148953 .00924927175696334321 1 OK|590+/-1
node-1 node-2 12 44 15 600 847 19.47974466480666666666 .13054634829835682619 .002 .51738935607000000000 .14687174663575458051 .00047169811320754716 10.07861254853233925770 .00924664154601506762 0 OK|590+/-1
node-1 node-2 12 44 15 600 1197 19.48014147328666666666 .13268416963001047628 .002 .52593245532000000000 .14903901319174021641 .00047169811320754716 10.24523863502661879021 .00924875518314802027 0 OK|590+/-1
node-1 node-2 12 44 15 600 797 19.47996321112666666666 .13037227439686669656 .002 .51464692135666666666 .14714313508206545328 .00047169811320754716 10.02530309474746548616 .00924613179556121620 0 OK|590+/-1
node-1 node-2 12 44 15 600 97 19.47925111331333333333 .12647921020691865191 .002 .49524600213666666666 .14082614077053250165 .00047169811320754716 9.64702123848464162531 .00924155879897109295 0 OK|590+/-1
node-1 node-2 12 44 15 600 372 19.47938151501333333333 .12822469833108911728 .002 .50298374466666666666 .14375677362985029012 .00047169811320754716 9.79781225821205295313 .00924329138185570724 0 OK|590+/-4
node-1 node-2 12 44 15 600 197 19.47926649605333333333 .12667707044960484903 .002 .49945637721333333333 .14173269076487348947 .00047169811320754716 9.72904387489185951786 .00924247232381465019 0 OK|590+/-1
node-1 node-2 12 44 15 600 1297 19.48056508262000000000 .13326876167470267910 .002 .52839849458000000000 .14999420359842827729 .00047169811320754716 10.29350126322412132219 .00924951591574622460 0 OK|590+/-2
node-1 node-2 48 44 15 2400 997 19.48036008550000000000 .13244526588089462780 .002 .52450732703000000000 .14882106068767612005 .00047169811320754716 10.21759159802750726106 .00924853390925572159 188 OK|2388+/-8
node-1 node-2 48 44 15 2400 1397 19.48058135175333333333 .13479944778537722333 .002 .53625054398666666666 .15011251009345079571 .00047169811320754716 10.44647234705423926899 .00925133095382735132 4 OK|2388+/-6
node-1 node-2 48 44 15 2400 72 19.47939361697333333333 .12718178188159305896 .002 .49879547387000000000 .14195435845229183811 .00047169811320754716 9.71623336987846707515 .00924238917069811716 1 OK
node-1 node-2 48 44 15 2400 947 19.48022424396000000000 .13220383835538206426 .002 .52299581685333333333 .14798729120448984500 .00047169811320754716 10.18807579095596795947 .00924812784595239362 1 OK|2388+/-6
node-1 node-2 48 44 15 2400 622 19.47982813628666666666 .13024427637930634930 .002 .51349288117333333333 .14592109291506431137 .00047169811320754716 10.00275307446320465210 .00924581182068398523 1 OK|2391+/-4
node-1 node-2 48 44 15 2400 1372 19.48078496523333333333 .13441621788800100858 .002 .53522239925333333333 .14982740107094058851 .00047169811320754716 10.42655246843044845255 .00925118819389390867 2 OK|2387+/-7
node-1 node-2 48 44 15 2400 1147 19.48076174746000000000 .13327299051761083885 .002 .52820786192666666666 .14910416053560814652 .00047169811320754716 10.28989151132864133557 .00924956452169622686 2 OK|2387+/-7
node-1 node-2 48 44 15 2400 1447 19.48100208746000000000 .13505180830243973427 .002 .53716632637666666666 .15029291221986474645 .00047169811320754716 10.46453832545706299144 .00925174058247966818 1 OK
node-1 node-2 48 44 15 2400 272 19.47962075638000000000 .12834460596613695619 .002 .50441842053000000000 .14390573973806548523 .00047169811320754716 9.82587953445660352048 .00924371627531253146 2 OK|2393+/-1
node-1 node-2 48 44 15 2400 347 19.47974025256000000000 .12855563709476211156 .002 .50654105852666666666 .14408466054597462523 .00047169811320754716 9.86728824735625947469 .00924423658426937221 2 OK|2392+/-3
node-1 node-2 48 44 15 2400 1097 19.48065663180666666666 .13266650099003424304 .002 .52710003928000000000 .14897784045178981808 .00047169811320754716 10.26825487582548649736 .00924926246951463530 3 OK|2391+/-5
node-1 node-2 48 44 15 2400 922 19.48016736072000000000 .13206142829478590267 .002 .52232542299333333333 .14791510077662411936 .00047169811320754716 10.17498665666899980209 .00924794963471785782 1 OK|2388+/-9
node-1 node-2 48 44 15 2400 1472 19.48067018333333333333 .13521851467577246176 .002 .53852151984000000000 .15024457805190153689 .00047169811320754716 10.49076011463043810399 .00925190021616932377 0 OK|2386+/-8
node-1 node-2 48 44 15 2400 397 19.47986178276666666666 .12937982612110655781 .002 .50793902377333333333 .14506236369859799337 .00047169811320754716 9.89458197717796534890 .00924460038829762884 1 OK|2393+/-3
node-1 node-2 48 44 15 2400 722 19.48009299354000000000 .13075280007754051402 .002 .51677380836666666666 .14652241197942740285 .00047169811320754716 10.06680184360848596448 .00924666713314839456 2 OK|2391+/-4
node-1 node-2 48 44 15 2400 1072 19.48038873528000000000 .13300817325762075543 .002 .52647961702000000000 .14867927660201481256 .00047169811320754716 10.25602760075093656246 .00924899557963097363 1 OK
node-1 node-2 48 44 15 2400 822 19.48035487350000000000 .13153058907513442965 .002 .52006931586333333333 .14782473858578458585 .00047169811320754716 10.13113483183609635989 .00924752890874307729 3 OK|2392+/-5
node-1 node-2 48 44 15 2400 122 19.47951869723333333333 .12762208298318522414 .002 .50032174541666666666 .14253453472825040698 .00047169811320754716 9.74602679447637412921 .00924277780299333821 2 OK|2393+/-2
node-1 node-2 48 44 15 2400 1047 19.48060056678666666666 .13254309318069571100 .002 .52608305588333333333 .14860701542189616873 .00047169811320754716 10.24841387661772496719 .00924900459142036916 1 OK|2390+/-6
node-1 node-2 48 44 15 2400 1322 19.48068475954666666666 .13417150000230286767 .002 .53365353372000000000 .14986191304041672148 .00047169811320754716 10.39593626121742717191 .00925077870430862971 0 OK|2385+/-8
node-1 node-2 48 44 15 2400 172 19.47936731142666666666 .12792688595390339720 .002 .50198569403333333333 .14283857548086045327 .00047169811320754716 9.77836371915674164041 .00924306769463385840 1 OK|2392+/-4
node-1 node-2 48 44 15 2400 1347 19.48083257197333333333 .13448429691329371228 .002 .53428015030333333333 .14958058752064526828 .00047169811320754716 10.40822215458798420943 .00925099263579287474 2 OK|2388+/-7
node-1 node-2 48 44 15 2400 897 19.48038715987333333333 .13186261360975435265 .002 .52185121182666666666 .14771778897678531378 .00047169811320754716 10.16586364623253632530 .00924794556514231759 2 OK|2391+/-5
node-1 node-2 48 44 15 2400 1272 19.48072597614000000000 .13368413252539901786 .002 .53193035617333333333 .14981202000100613809 .00047169811320754716 10.36238950700325687497 .00925040102789206701 1 OK|2388+/-7
node-1 node-2 48 44 15 2400 647 19.47989541007333333333 .13043271621616042336 .002 .51454119708333333333 .14659720848816362516 .00047169811320754716 10.02320870335726340855 .00924607647624099581 2 OK|2390+/-6
node-1 node-2 48 44 15 2400 697 19.48003364986666666666 .13036188865267787159 .002 .51606711653000000000 .14668690191436786292 .00047169811320754716 10.05300479559406228562 .00924648144128699422 1 OK|2391+/-5
node-1 node-2 48 44 15 2400 147 19.47929679953333333333 .12794821788361054941 .002 .50069375436000000000 .14239303732092464657 .00047169811320754716 9.75316224685107696263 .00924275432899484513 1 OK|2393+/-1
node-1 node-2 48 44 15 2400 872 19.48026244785333333333 .13164598187616448420 .002 .52089276977333333333 .14758097031237174431 .00047169811320754716 10.14712786237377719881 .00924767097407700540 1 OK|2390+/-6
node-1 node-2 48 44 15 2400 297 19.47942460588000000000 .12867524468418670106 .002 .50480703609000000000 .14390469803277152626 .00047169811320754716 9.83335060003289918620 .00924370916242946168 1 OK|2392+/-3
node-1 node-2 48 44 15 2400 1422 19.48107531069333333333 .13452870385616597863 .002 .53684437916333333333 .15024654478827768107 .00047169811320754716 10.45830578060330356011 .00925170014001280577 1 OK|2388+/-8
node-1 node-2 48 44 15 2400 247 19.47970721718000000000 .12833886209938670038 .002 .50400281286666666666 .14355703549888891415 .00047169811320754716 9.81782723127782763158 .00924366613559104859 1 OK|2392+/-5
node-1 node-2 48 44 15 2400 322 19.47981305319333333333 .12812553727680189529 .002 .50574706317333333333 .14429432459752330574 .00047169811320754716 9.85185824281809203366 .00924409682378408615 1 OK|2391+/-5
node-1 node-2 48 44 15 2400 547 19.47986535276666666666 .12962965085302496717 .002 .51160167710000000000 .14531020375499576956 .00047169811320754716 9.96593178415760979163 .00924540989802145278 1 OK|2393+/-3
node-1 node-2 48 44 15 2400 572 19.47987476280666666666 .13027043444004873913 .002 .51245934307000000000 .14616880571675770009 .00047169811320754716 9.98264382403377646941 .00924560430488933427 2 OK|2390+/-6
node-1 node-2 48 44 15 2400 522 19.47979144633333333333 .12979775658138381353 .002 .51087904168666666666 .14540141180154206178 .00047169811320754716 9.95181718635889975935 .00924521541134785836 1 OK|2393+/-2
node-1 node-2 48 44 15 2400 672 19.47990267548666666666 .13037551230958393073 .002 .51500590177333333333 .14664547888799935935 .00047169811320754716 10.03226484384577944912 .00924618337079372766 1 OK|2392+/-4
node-1 node-2 48 44 15 2400 1222 19.48051352641333333333 .13377860481484509916 .002 .53076517015333333333 .14902200763857772094 .00047169811320754716 10.33957807652108443091 .00925003375842587236 3 OK
node-1 node-2 48 44 15 2400 447 19.47962596726666666666 .12951075521734395739 .002 .50930441189666666666 .14482131917172550714 .00047169811320754716 9.92105944722578623044 .00924479031198358819 3 OK|2390+/-7
node-1 node-2 48 44 15 2400 222 19.47965291840666666666 .12812764935647575221 .002 .50326592817666666666 .14353980915435118980 .00047169811320754716 9.80344560654124473017 .00924348007937938491 1 OK|2392+/-3
node-1 node-2 48 44 15 2400 597 19.47979925343333333333 .13025150129522987732 .002 .51328544381333333333 .14567579405700640806 .00047169811320754716 9.99869740519316783035 .00924575220759529008 1 OK|2390+/-6
node-1 node-2 48 44 15 2400 1022 19.48023510892666666666 .13234068139104381912 .002 .52517115980666666666 .14865167388357166804 .00047169811320754716 10.23045766546156510040 .00924862602392648429 1 OK|2391+/-4
node-1 node-2 48 44 15 2400 497 19.47986023977333333333 .12955548999082335792 .002 .51046374213000000000 .14500669482398163505 .00047169811320754716 9.94376235416409479631 .00924515590374223056 2 OK|2391+/-6
node-1 node-2 48 44 15 2400 747 19.48011853034666666666 .13072538036474461690 .002 .51702292713666666666 .14704751274651475967 .00047169811320754716 10.07166790352905479037 .00924673480708785818 1 OK|2387+/-7
node-1 node-2 48 44 15 2400 1172 19.48068505428000000000 .13351086768127186319 .002 .52943706306333333333 .14927773462357176828 .00047169811320754716 10.31379668159977549967 .00924980968614317869 1 OK|2388+/-11
node-1 node-2 48 44 15 2400 972 19.48039648361333333333 .13204494167327941661 .002 .52399655403666666666 .14807313596061456886 .00047169811320754716 10.20766062868138533938 .00924843515446476869 2 OK|2388+/-7
node-1 node-2 48 44 15 2400 422 19.47958497122000000000 .12910177195067272863 .002 .50862710881333333333 .14482765460029159451 .00047169811320754716 9.90784498479528760828 .00924462193657502091 2 OK|2391+/-5
node-1 node-2 48 44 15 2400 1122 19.48044962234000000000 .13295917532771372830 .002 .52793321318333333333 .14903685979606872329 .00047169811320754716 10.28437636337800854245 .00924935553477246867 3 OK|2385+/-10
node-1 node-2 48 44 15 2400 772 19.48030936206000000000 .13127973850553496395 .002 .51839459156000000000 .14717306000433439910 .00047169811320754716 10.09848701520753786021 .00924713143788096103 3 OK|2390+/-6
node-1 node-2 48 44 15 2400 472 19.47983878489333333333 .12929480040811421210 .002 .50987039679000000000 .14544584449954869133 .00047169811320754716 9.93219313065879532449 .00924501487618497345 2 OK
node-1 node-2 48 44 15 2400 1247 19.48065281432666666666 .13380341295235817365 .002 .53144825765000000000 .14948752938796385834 .00047169811320754716 10.35295899605847595792 .00925025590637285882 1 OK|2388+/-7
node-1 node-2 48 44 15 2400 847 19.48041863428666666666 .13147593737971368169 .002 .52061911560666666666 .14772581395269393373 .00047169811320754716 10.14187832102995369430 .00924768253804632720 2 OK|2387+/-8
node-1 node-2 48 44 15 2400 1197 19.48048045223333333333 .13335283990820939250 .002 .53010393863333333333 .14918744869596100003 .00047169811320754716 10.32667941419854851454 .00924986658815360374 2 OK|2387+/-7
node-1 node-2 48 44 15 2400 797 19.48007704182666666666 .13117982435615370787 .002 .51914702449333333333 .14710253932855345658 .00047169811320754716 10.11302403316520886440 .00924719139243263094 1 OK|2390+/-6
node-1 node-2 48 44 15 2400 97 19.47928058248666666666 .12744013775574742354 .002 .49936430706666666666 .14194928119985657014 .00047169811320754716 9.72725745023062934210 .00924245902965363271 2 OK|2393+/-3
node-1 node-2 48 44 15 2400 372 19.47985937054666666666 .12885302916721544315 .002 .50731673684333333333 .14448131578673917513 .00047169811320754716 9.88245869003276420477 .00924446257536985921 2 OK|2391+/-6
node-1 node-2 48 44 15 2400 197 19.47966939242000000000 .12762264731319595992 .002 .50250761559333333333 .14276468766198062274 .00047169811320754716 9.78868221893141045107 .00924332278017614940 2 OK|2393+/-2
node-1 node-2 48 44 15 2400 1297 19.48069477688000000000 .13399574577756802454 .002 .53277399036000000000 .14963275089058240888 .00047169811320754716 10.37880749126356747087 .00925058060870139707 1 OK|2389+/-6
node-1 node-2 6 44 15 300 997 19.48021987433333333333 .13148573400539833602 .002 .51979997620666666666 .14805452889400981542 .00047169811320754716 10.12581782717910178989 .00924740505977366225 0 OK|290+/-1
node-1 node-2 6 44 15 300 1397 19.48062014614000000000 .13367312336209577159 .002 .53132146255000000000 .15005109652437568258 .00047169811320754716 10.35047158742809953705 .00925021146362888668 0 OK|290+/-1
node-1 node-2 6 44 15 300 72 19.47942670670666666666 .12581675849923789015 .002 .49428216998000000000 .14041062601173997386 .00047169811320754716 9.62833330255733621932 .00924143474627697135 0 OK|290+/-1
node-1 node-2 6 44 15 300 947 19.48005656952666666666 .13106182153838267644 .002 .51852180438666666666 .14754045246263513594 .00047169811320754716 10.10083408198530716619 .00924704147803707539 0 OK|290+/-1
node-1 node-2 6 44 15 300 622 19.47992554338666666666 .12922431165002119031 .002 .50936517363666666666 .14561449464719708376 .00047169811320754716 9.92239565683648773504 .00924494415139235062 0 OK|290+/-1
node-1 node-2 6 44 15 300 1372 19.48050227488666666666 .13315148510799586845 .002 .53044523314666666666 .14994371841585790108 .00047169811320754716 10.33333957101642828210 .00924995507626722639 0 OK|290+/-2
node-1 node-2 6 44 15 300 1147 19.48038022587333333333 .13221540540445101792 .002 .52444684115333333333 .14881566442402363671 .00047169811320754716 10.21642387392512776737 .00924852962770096498 0 OK|290+/-1
node-1 node-2 6 44 15 300 1447 19.48047650134666666666 .13375569155098920795 .002 .53285651826333333333 .15033818738490850818 .00047169811320754716 10.38029888261826592285 .00925049734784484925 0 OK|290+/-1
node-1 node-2 6 44 15 300 272 19.47937281098000000000 .12700493170467350973 .002 .49960807333000000000 .14227177369742265946 .00047169811320754716 9.73205191977050406916 .00924255497354326316 0 OK|290+/-2
node-1 node-2 6 44 15 300 347 19.47953169326000000000 .12750264080510376428 .002 .50182303275333333333 .14306181601155591241 .00047169811320754716 9.77527767092640770651 .00924310944426855198 0 OK|290+/-1
node-1 node-2 6 44 15 300 1097 19.48028692840000000000 .13202692936844438191 .002 .52257872251666666666 .14882427153658336533 .00047169811320754716 10.17998345730139241767 .00924806291249669267 0 OK|290+/-1
node-1 node-2 6 44 15 300 922 19.48005389759333333333 .13067081925584144301 .002 .51794417927666666666 .14760619742652601644 .00047169811320754716 10.08958052825421068740 .00924691073708038343 0 OK|290+/-2
node-1 node-2 6 44 15 300 1472 19.48074656696666666666 .13401143592985195455 .002 .53340251007333333333 .15014028452689723712 .00047169811320754716 10.39107911692249116784 .00925074975405963621 0 OK|290+/-2
node-1 node-2 6 44 15 300 397 19.47974408643333333333 .12771237704473764378 .002 .50305709889000000000 .14334497638791164232 .00047169811320754716 9.79942354724078607405 .00924347735772458470 1 OK|290+/-1
node-1 node-2 6 44 15 300 722 19.47995500546666666666 .12960352925135932219 .002 .51195408700333333333 .14567836338272268165 .00047169811320754716 9.97284257968970052554 .00924552995689742654 0 OK|290+/-1
node-1 node-2 6 44 15 300 1072 19.48019163154666666666 .13167856864362978884 .002 .52194849171333333333 .14823264153989992331 .00047169811320754716 10.16765664037248069318 .00924787588386922016 1 OK|290+/-1
node-1 node-2 6 44 15 300 822 19.47997276936000000000 .13015111468571609959 .002 .51483512773000000000 .14650880707771947055 .00047169811320754716 10.02897426889037743035 .00924617818654028860 0 OK|290+/-2
node-1 node-2 6 44 15 300 122 19.47928610700666666666 .12612527396340186891 .002 .49530273067666666666 .14077118789959073326 .00047169811320754716 9.64814360043245772714 .00924158737112304911 0 OK|290+/-1
node-1 node-2 6 44 15 300 1047 19.48038592926666666666 .13147015996267365472 .002 .52129478835666666666 .14796267468077358346 .00047169811320754716 10.15502366010325431010 .00924781946106004709 0 OK|290+/-1
node-1 node-2 6 44 15 300 1322 19.48045463011333333333 .13288194722396659686 .002 .52876407439666666666 .14924617858483266947 .00047169811320754716 10.30056456131813621819 .00924954772380822196 0 OK|290+/-1
node-1 node-2 6 44 15 300 172 19.47933562048666666666 .12677421222393198641 .002 .49693072359666666666 .14149241894665360165 .00047169811320754716 9.67988034507076313195 .00924196016708074002 1 OK|290+/-1
node-1 node-2 6 44 15 300 1347 19.48054701434000000000 .13323443148685057443 .002 .52971333075666666666 .14952239195238922665 .00047169811320754716 10.31910544392787972625 .00924980826936072388 0 OK|290+/-1
node-1 node-2 6 44 15 300 897 19.48009288184000000000 .13063391239373496816 .002 .51723599605666666666 .14723719435853353589 .00047169811320754716 10.07580524501489464248 .00924677044861475730 1 OK|290+/-1
node-1 node-2 6 44 15 300 1272 19.48034256950666666666 .13258215954580717361 .002 .52758749951000000000 .14896746945270389099 .00047169811320754716 10.27758522584423064093 .00924922646298090378 0 OK|290+/-2
node-1 node-2 6 44 15 300 647 19.47962923565333333333 .12914764291426876525 .002 .51003226286666666666 .14552774166066325633 .00047169811320754716 9.93523937886394598527 .00924495234952442899 1 OK|290+/-1
node-1 node-2 6 44 15 300 697 19.47980365665333333333 .12951618877023597118 .002 .51157755367333333333 .14570998592732442615 .00047169811320754716 9.96543030070756556470 .00924537563540991664 0 OK|290+/-1
node-1 node-2 6 44 15 300 147 19.47950870581333333333 .12649014266630734842 .002 .49601159966333333333 .14100902894699790276 .00047169811320754716 9.66206227382629950364 .00924184383868537079 0 OK|290+/-1
node-1 node-2 6 44 15 300 872 19.47973635030666666666 .13043787063029734663 .002 .51627278438000000000 .14670393067444698085 .00047169811320754716 10.05685772456112186687 .00924638800695349524 0 OK|290+/-2
node-1 node-2 6 44 15 300 297 19.47945623228000000000 .12717752243068501981 .002 .50029477066000000000 .14259881662084837248 .00047169811320754716 9.74547008831003028890 .00924274267101905796 0 OK|290+/-1
node-1 node-2 6 44 15 300 1422 19.48068559156666666666 .13353562417103082294 .002 .53179616306666666666 .14967024508847940040 .00047169811320754716 10.35975385150325086467 .00925035124245375884 0 OK|290+/-2
node-1 node-2 6 44 15 300 247 19.47933491072666666666 .12698323081334344538 .002 .49891674299666666666 .14177591969596276048 .00047169811320754716 9.71856632940101318007 .00924238782280144690 2 OK|290+/-1
node-1 node-2 6 44 15 300 322 19.47935992372666666666 .12723680935739403344 .002 .50094388817000000000 .14253138224886576402 .00047169811320754716 9.75806629925451103631 .00924283814297530204 0 OK|290+/-1
node-1 node-2 6 44 15 300 547 19.47953663292666666666 .12869365388994072554 .002 .50733431723666666666 .14449478136993302745 .00047169811320754716 9.88263741775248714741 .00924431511960202868 0 OK|290+/-1
node-1 node-2 6 44 15 300 572 19.47975482166666666666 .12881304290942335510 .002 .50798835020666666666 .14457261980904375283 .00047169811320754716 9.89548851428881024634 .00924456108192540853 0 OK|290+/-1
node-1 node-2 6 44 15 300 522 19.47950366412666666666 .12864084260965540453 .002 .50642474152000000000 .14432407934183210177 .00047169811320754716 9.86490260804324006320 .00924410016620636310 2 OK|290+/-2
node-1 node-2 6 44 15 300 672 19.47969317514666666666 .12931466468264294884 .002 .51081411866666666666 .14517730562647690022 .00047169811320754716 9.95050230115962617060 .00924515499154392976 0 OK|290+/-2
node-1 node-2 6 44 15 300 1222 19.48037531040666666666 .13249894105839709068 .002 .52631628677666666666 .14882918093361898576 .00047169811320754716 10.25283879838909210725 .00924895210506114579 1 OK|290+/-2
node-1 node-2 6 44 15 300 447 19.47958413083333333333 .12798730325831361054 .002 .50436178542666666666 .14352177226082724637 .00047169811320754716 9.82475783159606276652 .00924368674093451632 0 OK|290+/-2
node-1 node-2 6 44 15 300 222 19.47915708440666666666 .12676500420380283914 .002 .49796024831000000000 .14160568085452166297 .00047169811320754716 9.69984589862063936234 .00924209809499342795 0 OK|290+/-2
node-1 node-2 6 44 15 300 597 19.47960856963333333333 .12901804136031275490 .002 .50858648112333333333 .14513324434502944270 .00047169811320754716 9.90706557608974551715 .00924462405953880041 1 OK|290+/-1
node-1 node-2 6 44 15 300 1022 19.48025297619333333333 .13105880122605350078 .002 .52030347319000000000 .14770516413610818458 .00047169811320754716 10.13564328213322571825 .00924753383580954787 0 OK|290+/-2
node-1 node-2 6 44 15 300 497 19.47952472694000000000 .12838611164412338888 .002 .50576049348666666666 .14461229996274316205 .00047169811320754716 9.85197403878290014840 .00924396457665592420 0 OK|290+/-2
node-1 node-2 6 44 15 300 747 19.48000358449333333333 .12951788245833467084 .002 .51288638832666666666 .14600443566393840060 .00047169811320754716 9.99102868304130638088 .00924575941361398771 0 OK|290+/-1
node-1 node-2 6 44 15 300 1172 19.48029986812000000000 .13195186602783267100 .002 .52619302181666666666 .14808378298832805618 .00047169811320754716 10.25039785350087594935 .00924888869561743509 0 OK|290+/-2
node-1 node-2 6 44 15 300 972 19.48008379786666666666 .13121421923641497951 .002 .51912146332000000000 .14777045424416113521 .00047169811320754716 10.11252960674476709424 .00924718881910891176 0 OK|290+/-2
node-1 node-2 6 44 15 300 422 19.47948558216666666666 .12790841487630150907 .002 .50392467574333333333 .14406046315708267356 .00047169811320754716 9.81619345564027424517 .00924354517391834949 0 OK|290+/-1
node-1 node-2 6 44 15 300 1122 19.48002981684000000000 .13214216614337363971 .002 .52352263715000000000 .14838919805483294588 .00047169811320754716 10.19823658147270827960 .00924815595394823724 1 OK|290+/-1
node-1 node-2 6 44 15 300 772 19.47973421930666666666 .12994289777980170913 .002 .51346334774666666666 .14621088746350036593 .00047169811320754716 10.00212954546050130302 .00924576123361525489 0 OK|290+/-2
node-1 node-2 6 44 15 300 472 19.47958254871333333333 .12798550995038117153 .002 .50645089038000000000 .14363726313942039667 .00047169811320754716 9.86545192602657739004 .00924414288212720346 0 OK|290+/-1
node-1 node-2 6 44 15 300 1247 19.48057274254666666666 .13254804339479300816 .002 .52744780023000000000 .14934377950804960718 .00047169811320754716 10.27498524027673746144 .00924930245638712260 0 OK|290+/-2
node-1 node-2 6 44 15 300 847 19.48017773154666666666 .13041163196078978748 .002 .51591998592333333333 .14676323142970063218 .00047169811320754716 10.05021302104358773219 .00924651613769979693 0 OK|290+/-1
node-1 node-2 6 44 15 300 1197 19.48051426092000000000 .13232360996548830204 .002 .52558594115333333333 .14882895141342883156 .00047169811320754716 10.23868442197656991232 .00924885109416655166 0 OK|290+/-2
node-1 node-2 6 44 15 300 797 19.48008559564666666666 .13004635832182940296 .002 .51430536337666666666 .14613838647011328973 .00047169811320754716 10.01871250087762902730 .00924611314515283389 1 OK|290+/-1
node-1 node-2 6 44 15 300 97 19.47893484788000000000 .12587337350097166022 .002 .49595295912333333333 .14000537216534480638 .00047169811320754716 9.66063537837670284142 .00924156212634238368 0 OK|290+/-1
node-1 node-2 6 44 15 300 372 19.47947234879333333333 .12752472288849430195 .002 .50240162360666666666 .14302688403356350320 .00047169811320754716 9.78651853503493931638 .00924320733951665935 0 OK|290+/-2
node-1 node-2 6 44 15 300 197 19.47913367195333333333 .12677619554893346873 .002 .49775469398666666666 .14151450531809053357 .00047169811320754716 9.69583022000850603318 .00924204282396262704 0 OK|290+/-2
node-1 node-2 6 44 15 300 1297 19.48054390336666666666 .13281502156468436439 .002 .52858217662333333333 .14913797072930026195 .00047169811320754716 10.29706829824795875889 .00924954797112558901 0 OK|290+/-1
