#TXnode RXnode MCS CHANNEL TXPOWER FPS SIZE Vmu Vsd Verr Imu Isd Ierr Pmu Perr loss status
node-1 node-2 24 44 15 1200 1472 19.47886535816666666666 .12498726291358526025 .002 .49010940218333333333 .13843121984883941399 .00047169811320754716 9.54677505590070613192 .00924028244950984168 0 ERR|0+/-0
node-1 node-2 24 44 15 1200 522 19.47894034224666666666 .12526919274059883615 .002 .49025060171666666666 .13816111399892641933 .00047169811320754716 9.54956222358948126872 .00924034758112519379 -1 ERR|0+/-0
node-1 node-2 24 44 15 1200 1397 19.47898344218666666666 .12477763283485948488 .002 .49025322991666666666 .13816911446469001492 .00047169811320754716 9.54963454802528297595 .00924036835426932750 -1 ERR|0+/-0
node-1 node-2 24 44 15 1200 397 19.47882209202666666666 .12501424035847809146 .002 .49000724813666666666 .13819517888318705758 .00047169811320754716 9.54476401025769536172 .00924024048507898142 -1 ERR|0+/-0
node-1 node-2 24 44 15 1200 722 19.47895803485333333333 .12474825938609536943 .002 .49167125327333333333 .13810660583794785617 .00047169811320754716 9.57724370945500460068 .00924065780431766340 -1 ERR|0+/-0
node-1 node-2 24 44 15 1200 197 19.47912686309333333333 .12495055307791931294 .002 .49017886308666666666 .13833848490153024261 .00047169811320754716 9.54825625967203779088 .00924041984269499088 -1 ERR|0+/-0
node-1 node-2 24 44 15 1200 1272 19.47866971231333333333 .12532790821475463104 .002 .49024027818666666666 .13835778915449277263 .00047169811320754716 9.54922845847068690260 .00924021845532627762 0 ERR|0+/-0
node-1 node-2 24 44 15 1200 1097 19.47882488992000000000 .12516957094746118698 .002 .49044865880000000000 .13808494769328449175 .00047169811320754716 9.55336354226132163929 .00924033547059401788 -1 ERR|0+/-0
node-1 node-2 24 44 15 1200 972 19.47890313706000000000 .12490769190564624791 .002 .49054140490333333333 .13817636478244001136 .00047169811320754716 9.55520851082935933265 .00924039186355378599 -1 ERR|0+/-0
node-1 node-2 24 44 15 1200 1447 19.47874992632000000000 .12480211078804220993 .002 .49192462095000000000 .13820734423599018824 .00047169811320754716 9.58207667408480642840 .00924061413574969539 -1 ERR|0+/-0
node-1 node-2 24 44 15 1200 1122 19.47875210725333333333 .12500645561679059257 .002 .49050507933666666666 .13823520405997336740 .00047169811320754716 9.55442684774755928232 .00924031331237210159 -1 ERR|0+/-0
node-1 node-2 24 44 15 1200 247 19.47896274797333333333 .12504358208303979065 .002 .49053241922000000000 .13803609192544446543 .00047169811320754716 9.55506272065961835204 .00924041791491851087 -1 ERR|0+/-0
node-1 node-2 24 44 15 1200 872 19.47899282554000000000 .12483543846799319573 .002 .49028390428000000000 .13825759555205477798 .00047169811320754716 9.55023665394786009931 .00924037926537528707 0 ERR|0+/-0
node-1 node-2 24 44 15 1200 1247 19.47907537908666666666 .12492779815883974299 .002 .49051212460333333333 .13842695474700725991 .00047169811320754716 9.55472264950428152539 .00924046643323017704 -1 ERR|0+/-0
node-1 node-2 24 44 15 1200 797 19.47897898654666666666 .12451570405881863385 .002 .49190897218333333333 .13812730577036023118 .00047169811320754716 9.58188453245291877749 .00924071823672156936 -1 ERR|0+/-0
node-1 node-2 24 44 15 1200 572 19.47888004308000000000 .12520150780943442759 .002 .49044359604000000000 .13835439005133682869 .00047169811320754716 9.55329197515994531740 .00924036026438558725 -1 ERR|0+/-0
node-1 node-2 24 44 15 1200 597 19.47876435724000000000 .12491233339242274910 .002 .49055603589666666666 .13834210445055341422 .00047169811320754716 9.55542542725293665026 .00924032987830196027 -1 ERR|0+/-0
node-1 node-2 24 44 15 1200 1072 19.47899451129333333333 .12459666646941943803 .002 .49056225797333333333 .13830600054686967192 .00047169811320754716 9.55565953051022424664 .00924043914913641644 -1 ERR|0+/-0
node-1 node-2 24 44 15 1200 822 19.47897452388000000000 .12489015142286861347 .002 .49051559431000000000 .13822099419233780305 .00047169811320754716 9.55474076513034748712 .00924041986562193125 0 ERR|0+/-0
node-1 node-2 24 44 15 1200 947 19.47888484022666666666 .12457074038731757746 .002 .49186881601333333333 .13804997843642278729 .00047169811320754716 9.58105602362235816942 .00924066553029101416 -1 ERR|0+/-0
node-1 node-2 24 44 15 1200 272 19.47899297787333333333 .12474146844366913263 .002 .49061029202666666666 .13841633297572328732 .00047169811320754716 9.55659443325982541829 .00924044863065676698 -1 ERR|0+/-0
node-1 node-2 24 44 15 1200 222 19.47890235226000000000 .12508838481990349206 .002 .49057719996000000000 .13839413037598060553 .00047169811320754716 9.55590537426596837790 .00924039909668994599 -1 ERR|0+/-0
node-1 node-2 24 44 15 1200 647 19.47896152253333333333 .12508018918303428033 .002 .49062275543666666666 .13818166277877055246 .00047169811320754716 9.55682177523011177737 .00924043652407677112 -1 ERR|0+/-0
node-1 node-2 24 44 15 1200 97 19.47889402187333333333 .12490681549202398407 .002 .49064497179666666666 .13824589197177009834 .00047169811320754716 9.55722140799230056963 .00924040958262169350 -1 ERR|0+/-0
node-1 node-2 24 44 15 1200 322 19.47870364348000000000 .12497061188329772717 .002 .49197522850333333333 .13807939148241538633 .00047169811320754716 9.58303967594978454726 .00924060320527152437 0 ERR|0+/-0
node-1 node-2 24 44 15 1200 1172 19.47898165530000000000 .12497361397812186878 .002 .49084669514000000000 .13806183159622495530 .00047169811320754716 9.56119377019669166524 .00924049353813917398 -1 ERR|0+/-0
node-1 node-2 24 44 15 1200 847 19.47898973011333333333 .12485312763523799226 .002 .49052058407000000000 .13839079442048399246 .00047169811320754716 9.55484541950872393395 .00924042805733912253 -1 ERR|0+/-0
node-1 node-2 24 44 15 1200 1047 19.47888637876000000000 .12506531509273045312 .002 .49035188429666666666 .13804913493120463440 .00047169811320754716 9.55150863982563987607 .00924034376697587912 -1 ERR|0+/-0
node-1 node-2 24 44 15 1200 1297 19.47880371923333333333 .12530545552043845744 .002 .49062805491333333333 .13854828993551183982 .00047169811320754716 9.55684758080605343543 .00924036363495534898 -1 ERR|0+/-0
node-1 node-2 24 44 15 1200 1372 19.47863450089333333333 .12506972986850491502 .002 .49086983391000000000 .13790192599684624988 .00047169811320754716 9.56147408224710627995 .00924033562944134567 -1 ERR|0+/-0
node-1 node-2 24 44 15 1200 1347 19.47880808431333333333 .12499847081033255984 .002 .49038257532666666666 .13808951558693299047 .00047169811320754716 9.55206807267946681424 .00924031355910235223 0 ERR|0+/-0
node-1 node-2 24 44 15 1200 897 19.47900409468666666666 .12495415289300295384 .002 .49051125414666666666 .13853014016498345848 .00047169811320754716 9.55467072801281220416 .00924043281372052885 -1 ERR|0+/-0
node-1 node-2 24 44 15 1200 72 19.47902181871333333333 .12471457060952216392 .002 .49041197336000000000 .13820590658407488168 .00047169811320754716 9.55274552923770197614 .00924042004844273083 -1 ERR|0+/-0
node-1 node-2 24 44 15 1200 472 19.47878823952000000000 .12504203232928760647 .002 .49038836092000000000 .13796966436970883774 .00047169811320754716 9.55217103748598516755 .00924030547939968595 -1 ERR|0+/-0
node-1 node-2 24 44 15 1200 497 19.47869651395333333333 .12519735965076243188 .002 .49054805453333333333 .13807084053274431645 .00047169811320754716 9.55523667976502965418 .00924029636278041787 -1 ERR|0+/-0
node-1 node-2 24 44 15 1200 672 19.47876062752666666666 .12535984350623165152 .002 .49056733874333333333 .13840985590837701688 .00047169811320754716 9.55564376306417845707 .00924033052918446256 -1 ERR|0+/-0
node-1 node-2 24 44 15 1200 172 19.47898226320000000000 .12524419663269256504 .002 .49049127069333333333 .13814776955489840658 .00047169811320754716 9.55427076208986996642 .00924041833099147627 0 ERR|0+/-0
node-1 node-2 24 44 15 1200 347 19.47898563434000000000 .12478604467019122912 .002 .49051923261333333333 .13822615577859009336 .00047169811320754716 9.55481708544260081587 .00924042584932616782 -1 ERR|0+/-0
node-1 node-2 24 44 15 1200 1197 19.47882570472000000000 .12518052099510061181 .002 .49031099463333333333 .13787052105486494338 .00047169811320754716 9.55068240557060330460 .00924030662965236776 -1 ERR|0+/-0
node-1 node-2 24 44 15 1200 997 19.47895842900666666666 .12504770994797035486 .002 .49058308808000000000 .13852942773251749862 .00047169811320754716 9.55604757868403598023 .00924042664886838869 -1 ERR|0+/-0
node-1 node-2 24 44 15 1200 147 19.47898133247333333333 .12489766237533699689 .002 .49042035223666666666 .13835799947425226865 .00047169811320754716 9.55288888628302674583 .00924040283781645528 -1 ERR|0+/-0
node-1 node-2 24 44 15 1200 1022 19.47868415180000000000 .12488970382024408948 .002 .49052902760333333333 .13830636452225593775 .00047169811320754716 9.55485999597491373678 .00924028652421255117 -1 ERR|0+/-0
node-1 node-2 24 44 15 1200 297 19.47915481072666666666 .12487701060797714691 .002 .49045343154000000000 .13826942219961572042 .00047169811320754716 9.55361832041979286764 .00924049122759397245 0 ERR|0+/-0
node-1 node-2 24 44 15 1200 922 19.47893961911333333333 .12498334602270470279 .002 .49054662913000000000 .13817741340701388889 .00047169811320754716 9.55532816918285178610 .00924041008415144960 -1 ERR|0+/-0
node-1 node-2 24 44 15 1200 697 19.47910052900666666666 .12484181581957522284 .002 .49053653374333333333 .13830428031453729783 .00047169811320754716 9.55521045393686092704 .00924048341232140083 -1 ERR|0+/-0
node-1 node-2 24 44 15 1200 1322 19.47887366330666666666 .12515687483606715573 .002 .49055403107666666666 .13787928095530939274 .00047169811320754716 9.55543999636820243656 .00924038072058605440 -1 ERR|0+/-0
node-1 node-2 24 44 15 1200 372 19.47891831054000000000 .12504218979212396854 .002 .49051361832666666666 .13864939416238422251 .00047169811320754716 9.55467470159253624836 .00924039308018528830 -1 ERR|0+/-0
node-1 node-2 24 44 15 1200 1222 19.47897670994666666666 .12502870632748612427 .002 .49040909957666666666 .13813443783555964376 .00047169811320754716 9.55266742899980570732 .00924039828085298658 -1 ERR|0+/-0
node-1 node-2 24 44 15 1200 547 19.47887674157333333333 .12518229762549915607 .002 .49039531951333333333 .13808235367056753367 .00047169811320754716 9.55234998344469208916 .00924034846702078871 0 ERR|0+/-0
node-1 node-2 24 44 15 1200 422 19.47869502458000000000 .12520895063835330969 .002 .49019090600666666666 .13795608305290294900 .00047169811320754716 9.54827916192642043618 .00924021985042824454 -1 ERR|0+/-0
node-1 node-2 24 44 15 1200 1422 19.47895960773333333333 .12485765056538509614 .002 .49041139390333333333 .13800752496408588661 .00047169811320754716 9.55270373301523108478 .00924039074640680820 -1 ERR|0+/-0
node-1 node-2 24 44 15 1200 622 19.47884295364666666666 .12491854367978394059 .002 .49035335123000000000 .13819135576081069594 .00047169811320754716 9.55151592040351454931 .00924032371050464714 -1 ERR|0+/-0
node-1 node-2 24 44 15 1200 747 19.47888396134000000000 .12481225745751666437 .002 .49027735238333333333 .13851932038045278223 .00047169811320754716 9.55005565594795109012 .00924032681374598081 0 ERR|0+/-0
node-1 node-2 24 44 15 1200 447 19.47866327722000000000 .12498671358697027509 .002 .49029175295000000000 .13819494466884551359 .00047169811320754716 9.55022796331098560279 .00924022636159748036 -1 ERR|0+/-0
node-1 node-2 24 44 15 1200 772 19.47864367714000000000 .12484671864427713327 .002 .49020287835000000000 .13785446347586562157 .00047169811320754716 9.54848719688805609591 .00924019830720417331 -1 ERR|0+/-0
node-1 node-2 24 44 15 1200 122 19.47895395228000000000 .12496492280959188757 .002 .49032109174333333333 .13857511594258746338 .00047169811320754716 9.55094196790004730860 .00924036892527522355 -1 ERR|0+/-0
node-1 node-2 24 44 15 1200 1147 19.47876984915333333333 .12514000554751095814 .002 .49049356341666666666 .13812997298360645748 .00047169811320754716 9.55421123428434510367 .00924031918872018511 0 ERR|0+/-0
node-1 node-2 12 44 15 600 1472 19.47892296229333333333 .12520940825738617562 .002 .49013290348000000000 .13833051380914421934 .00047169811320754716 9.54726106817207402611 .00924031445413892610 0 ERR|0+/-0
node-1 node-2 12 44 15 600 522 19.47868022097333333333 .12484628471672727093 .002 .49010230344000000000 .13820726176156655286 .00047169811320754716 9.54654604427019886547 .00924019410731637985 -1 ERR|0+/-0
node-1 node-2 12 44 15 600 1397 19.47896742302000000000 .12505227855776272247 .002 .49000443255000000000 .13820518929090056761 .00047169811320754716 9.54478037877685090730 .00924030805355495980 -1 ERR|0+/-0
node-1 node-2 12 44 15 600 397 19.47895603586000000000 .12463965523361034193 .002 .48988754997000000000 .13804917566930185371 .00047169811320754716 9.54249804838079886192 .00924027792278464749 -1 ERR|0+/-0
node-1 node-2 12 44 15 600 722 19.47897665214000000000 .12475845201960707712 .002 .49003488722666666666 .13804691498635722743 .00047169811320754716 9.54537812702229791586 .00924031884248173061 0 ERR|0+/-0
node-1 node-2 12 44 15 600 197 19.47861763006666666666 .12511164075513886461 .002 .49012588373666666666 .13790633899575692408 .00047169811320754716 9.54697467990504066954 .00924016975284751952 -1 ERR|0+/-0
node-1 node-2 12 44 15 600 1272 19.47865335474666666666 .12483589860199245063 .002 .48968714200666666666 .13807492464464861278 .00047169811320754716 9.53844609142446502292 .00924009346175786254 -1 ERR|0+/-0
node-1 node-2 12 44 15 600 1097 19.47903273890000000000 .12485934091935002749 .002 .49011314936333333333 .13816055304952148468 .00047169811320754716 9.54693008221375569116 .00924036175220120589 -1 ERR|0+/-0
node-1 node-2 12 44 15 600 972 19.47884202312000000000 .12485814313130884504 .002 .48998983512666666666 .13809263926002262764 .00047169811320754716 9.54443459136695497466 .00924024613995332648 0 ERR|0+/-0
node-1 node-2 12 44 15 600 1447 19.47906787024666666666 .12481565571066256406 .002 .49012643806666666666 .13817901054867855110 .00047169811320754716 9.54720615210284943925 .00924038104947635966 -1 ERR|0+/-0
node-1 node-2 12 44 15 600 1122 19.47899957761333333333 .12471842143483485210 .002 .49009969429333333333 .13796535612867764108 .00047169811320754716 9.54665173812826379302 .00924034334372655981 -1 ERR|0+/-0
node-1 node-2 12 44 15 600 247 19.47900032190666666666 .12467760596164735409 .002 .48989791781333333333 .13805455316296523883 .00047169811320754716 9.54272169878732573016 .00924030089335307197 -1 ERR|0+/-0
node-1 node-2 12 44 15 600 872 19.47899510750666666666 .12473417319800558011 .002 .49028856399333333333 .13847824751480597582 .00047169811320754716 9.55032853929260925297 .00924038132465752032 0 ERR|0+/-0
node-1 node-2 12 44 15 600 1247 19.47871790148666666666 .12482090260473683443 .002 .48986686713666666666 .13810571291224884492 .00047169811320754716 9.54197851424017948867 .00924016184240223413 -1 ERR|0+/-0
node-1 node-2 12 44 15 600 797 19.47909426104000000000 .12490792631042217150 .002 .49015089266666666666 .13827895430963875628 .00047169811320754716 9.54769544038689968824 .00924039861630471329 -1 ERR|0+/-0
node-1 node-2 12 44 15 600 572 19.47879195338666666666 .12512611723376296730 .002 .49010468645000000000 .13836377285327488145 .00047169811320754716 9.54664722273935528227 .00924024701948697419 -1 ERR|0+/-0
node-1 node-2 12 44 15 600 597 19.47870192249333333333 .12501366627656836198 .002 .49011175487666666666 .13844816792346830871 .00047169811320754716 9.54674078195270833856 .00924020629136665974 0 ERR|0+/-0
node-1 node-2 12 44 15 600 1072 19.47897289111333333333 .12487595004060866871 .002 .48993511506666666666 .13809577749793064853 .00047169811320754716 9.54343282478809163730 .00924029591597790660 -1 ERR|0+/-0
node-1 node-2 12 44 15 600 822 19.47899262623333333333 .12478489711631529373 .002 .49019047467333333333 .13811277155519581929 .00047169811320754716 9.54841664161167753619 .00924035934469118576 -1 ERR|0+/-0
node-1 node-2 12 44 15 600 947 19.47903352151333333333 .12464973386141657907 .002 .49021639061000000000 .13852139373116934257 .00047169811320754716 9.54894150548746405165 .00924038402541346871 -1 ERR|0+/-0
node-1 node-2 12 44 15 600 272 19.47911023866000000000 .12484688657301309722 .002 .49015051070333333333 .13841777455296660497 .00047169811320754716 9.54769583152572825105 .00924040602934248771 0 ERR|0+/-0
node-1 node-2 12 44 15 600 222 19.47886703454666666666 .12512265124032391290 .002 .49010938394000000000 .13817233902849216350 .00047169811320754716 9.54677552215084149717 .00924028323192279155 -1 ERR|0+/-0
node-1 node-2 12 44 15 600 647 19.47897169434000000000 .12463414611027563051 .002 .49012486106666666666 .13798849068114062240 .00047169811320754716 9.54712829540992509956 .00924033560488570133 -1 ERR|0+/-0
node-1 node-2 12 44 15 600 97 19.47871176295333333333 .12498322979292339355 .002 .49021731127000000000 .13812914740711489565 .00047169811320754716 9.54880170743830466114 .00924023330463152537 -1 ERR|0+/-0
node-1 node-2 12 44 15 600 322 19.47883254703333333333 .12515909186936792303 .002 .48995731708333333333 .13811089111735338539 .00047169811320754716 9.54379653465996435508 .00924023479809323892 0 ERR|0+/-0
node-1 node-2 12 44 15 600 1172 19.47879994369333333333 .12496456993780261883 .002 .49006457409333333333 .13810761284023732245 .00047169811320754716 9.54586979825531871465 .00924024225730884828 -1 ERR|0+/-0
node-1 node-2 12 44 15 600 847 19.47885874760000000000 .12507839995637381457 .002 .49001490352000000000 .13799542361037997951 .00047169811320754716 9.54493108988492203155 .00924025930178319941 -1 ERR|0+/-0
node-1 node-2 12 44 15 600 1047 19.47888231291333333333 .12496332046463809081 .002 .49009902619666666666 .13814697740584215051 .00047169811320754716 9.54658125295829874382 .00924028820053972180 -1 ERR|0+/-0
node-1 node-2 12 44 15 600 1297 19.47871860994666666666 .12476490838775848838 .002 .48992349989333333333 .13795632562068188535 .00047169811320754716 9.54308199482247576153 .00924017418491836224 0 ERR|0+/-0
node-1 node-2 12 44 15 600 1372 19.47902972320000000000 .12509263829188842865 .002 .49035461772333333333 .13827211841630522892 .00047169811320754716 9.55163217354118351411 .00924041158059669764 -1 ERR|0+/-0
node-1 node-2 12 44 15 600 1347 19.47910713128000000000 .12499433093247894608 .002 .48992211787333333333 .13782309485662867453 .00047169811320754716 9.54324542003824808101 .00924035612330877483 -1 ERR|0+/-0
node-1 node-2 12 44 15 600 897 19.47899023503333333333 .12478947359755347241 .002 .49016956110000000000 .13821657280190157113 .00047169811320754716 9.54800809417747484386 .00924035378546165298 -1 ERR|0+/-0
node-1 node-2 12 44 15 600 72 19.47909920650666666666 .12462351978962338247 .002 .48998663677666666666 .13783048240899833377 .00047169811320754716 9.54449830763523796182 .00924036609030563247 0 ERR|0+/-0
node-1 node-2 12 44 15 600 472 19.47896832890000000000 .12485293943247675047 .002 .49012882393666666666 .13817812202770993916 .00047169811320754716 9.54720383854333421930 .00924033486716775378 -1 ERR|0+/-0
node-1 node-2 12 44 15 600 497 19.47909503004666666666 .12475398254072197393 .002 .48980306399333333333 .13800637033099879567 .00047169811320754716 9.54092042953416876271 .00924032520151439637 -1 ERR|0+/-0
node-1 node-2 12 44 15 600 672 19.47882254189333333333 .12480348140645068631 .002 .48998312415666666666 .13814728448500153942 .00047169811320754716 9.54429432397019853953 .00924023557905765246 -1 ERR|0+/-0
node-1 node-2 12 44 15 600 172 19.47902165559333333333 .12474159712852588757 .002 .49023080733666666666 .13812232916500522892 .00047169811320754716 9.54921651234993315440 .00924038151923963797 -1 ERR|0+/-0
node-1 node-2 12 44 15 600 347 19.47889850569333333333 .12501626685455367203 .002 .49020844471666666666 .13833516666847425698 .00047169811320754716 9.54872054126973133678 .00924031901204605922 -1 ERR|0+/-0
node-1 node-2 12 44 15 600 1197 19.47888253080666666666 .12486492727090672321 .002 .49009487530666666666 .13811082945765053162 .00047169811320754716 9.54650050504890092514 .00924028742210108851 0 ERR|0+/-0
node-1 node-2 12 44 15 600 997 19.47897602344666666666 .12453330913870061334 .002 .49000715810333333333 .13783628292397418557 .00047169811320754716 9.54483768401207002026 .00924031266561435571 -1 ERR|0+/-0
node-1 node-2 12 44 15 600 147 19.47907773323333333333 .12485918251933242118 .002 .49021107330000000000 .13794316785710660421 .00047169811320754716 9.54885960250244341266 .00924040363392057998 -1 ERR|0+/-0
node-1 node-2 12 44 15 600 1022 19.47897597281333333333 .12486269416107550131 .002 .49001212227333333333 .13824211695955817053 .00047169811320754716 9.54493435614952920906 .00924031369485620006 -1 ERR|0+/-0
node-1 node-2 12 44 15 600 297 19.47881556276000000000 .12477023515591811230 .002 .48996213963666666666 .13769933926137650497 .00047169811320754716 9.54388215071789091846 .00924022785467725465 -1 ERR|0+/-0
node-1 node-2 12 44 15 600 922 19.47878680531333333333 .12493382449409201596 .002 .49022889388000000000 .13843715804658128436 .00047169811320754716 9.54906410969309430681 .00924027096011580874 -1 ERR|0+/-0
node-1 node-2 12 44 15 600 697 19.47878734130666666666 .12519333891652215208 .002 .49010524180333333333 .13821673072791034167 .00047169811320754716 9.54665577994681228568 .00924024497407707421 0 ERR|0+/-0
node-1 node-2 12 44 15 600 1322 19.47881206772000000000 .12476232626274507298 .002 .49009029412333333333 .13813106076019897339 .00047169811320754716 9.54637673544202953130 .00924025340040423079 -1 ERR|0+/-0
node-1 node-2 12 44 15 600 372 19.47888651238000000000 .12479314583856065161 .002 .49004404143666666666 .13795248524538853312 .00047169811320754716 9.54551226921287217118 .00924027850546587313 -1 ERR|0+/-0
node-1 node-2 12 44 15 600 1222 19.47879665696666666666 .12474679449490175432 .002 .49022471044000000000 .13815767099884467779 .00047169811320754716 9.54898745088112417539 .00924027469310775901 -1 ERR|0+/-0
node-1 node-2 12 44 15 600 547 19.47894099320666666666 .12496639803648739727 .002 .49011390727333333333 .13797088557790240888 .00047169811320754716 9.54689987972722372985 .00924031888091884846 -1 ERR|0+/-0
node-1 node-2 12 44 15 600 422 19.47863593945333333333 .12488575866954335125 .002 .48999079397000000000 .13780401363701128861 .00047169811320754716 9.54435228942531564776 .00924014968230660914 -1 ERR|0+/-0
node-1 node-2 12 44 15 600 1422 19.47866441766666666666 .12460586331269271732 .002 .49099670991000000000 .13796895822007722748 .00047169811320754716 9.56396014251531941240 .00924037662454545085 0 ERR|0+/-0
node-1 node-2 12 44 15 600 622 19.47883349114666666666 .12497259223575568463 .002 .49026150374000000000 .13788071007539332000 .00047169811320754716 9.54972219847063877688 .00924029977789977601 -1 ERR|0+/-0
node-1 node-2 12 44 15 600 747 19.47896207084000000000 .12490893260343834240 .002 .49016200572333333333 .13805788149133106804 .00047169811320754716 9.54784711805166899870 .00924033897230402798 -1 ERR|0+/-0
node-1 node-2 12 44 15 600 447 19.47856926789333333333 .12517540048924114370 .002 .49008021687333333333 .13805650084190644511 .00047169811320754716 9.54606145119141049218 .00924013738043421733 -1 ERR|0+/-0
node-1 node-2 12 44 15 600 772 19.47896077808666666666 .12499956010955241121 .002 .49024088492666666666 .13815655988926321304 .00047169811320754716 9.54938296930103894950 .00924035510415899763 -1 ERR|0+/-0
node-1 node-2 12 44 15 600 122 19.47883085487333333333 .12464276180615688070 .002 .49131294144333333333 .13768379637073851392 .00047169811320754716 9.57020168318497659473 .00924052192203655994 -1 ERR|0+/-0
node-1 node-2 12 44 15 600 1147 19.47891403163333333333 .12487874300179399103 .002 .49009897174000000000 .13823280739544001650 .00047169811320754716 9.54659573751535449937 .00924030306622919538 0 ERR|0+/-0
node-1 node-2 48 44 15 2400 1472 19.47887023099333333333 .12508083072866239422 .002 .49118956753000000000 .13815174250091125730 .00047169811320754716 9.56781784473460660231 .00924051415481021975 0 ERR|0+/-0
node-1 node-2 48 44 15 2400 522 19.47888576270000000000 .12540187434274225237 .002 .49108431747333333333 .13813694713750881782 .00047169811320754716 9.56577531991655950351 .00924049906323131607 -1 ERR|0+/-0
node-1 node-2 48 44 15 2400 1397 19.47873143033333333333 .12534432310638801542 .002 .49106457083666666666 .13857379542319552654 .00047169811320754716 9.56531489027932858658 .00924042247966240286 -1 ERR|0+/-0
node-1 node-2 48 44 15 2400 397 19.47895882882666666666 .12476878542523048853 .002 .49232670574000000000 .13798245617611498496 .00047169811320754716 9.59001163144132134946 .00924079776828258264 -1 ERR|0+/-0
node-1 node-2 48 44 15 2400 722 19.47906274217333333333 .12501708681458841860 .002 .49120299333333333333 .13856149265938732979 .00047169811320754716 9.56817392628334957211 .00924060730201683984 -1 ERR|0+/-0
node-1 node-2 48 44 15 2400 197 19.47913054412000000000 .12505941020488223432 .002 .49118881730666666666 .13839931203144257584 .00047169811320754716 9.56793109412846913944 .00924063608864589743 -1 ERR|0+/-0
node-1 node-2 48 44 15 2400 1272 19.47894215592666666666 .12494549842861528818 .002 .49108647727333333333 .13861811834151998270 .00047169811320754716 9.56584508436505559290 .00924052597225201191 0 ERR|0+/-0
node-1 node-2 48 44 15 2400 1097 19.47904162494000000000 .12508190179419066603 .002 .49118421274333333333 .13829594613584154379 .00047169811320754716 9.56779772554077438842 .00924059340430211170 -1 ERR|0+/-0
node-1 node-2 48 44 15 2400 972 19.47893365752000000000 .12493778023218241862 .002 .49238594343000000000 .13809486692073824515 .00047169811320754716 9.59115312596836571409 .00924079858753528455 -1 ERR|0+/-0
node-1 node-2 48 44 15 2400 1447 19.47900414011333333333 .12475863986118768315 .002 .49108102671000000000 .13849928798479377341 .00047169811320754716 9.56576935241519642909 .00924055388578233604 -1 ERR|0+/-0
node-1 node-2 48 44 15 2400 1122 19.47877354606666666666 .12484341015717627147 .002 .49121772136000000000 .13837894633095512420 .00047169811320754716 9.56831875618631499064 .00924047479356143365 -1 ERR|0+/-0
node-1 node-2 48 44 15 2400 247 19.47911939249333333333 .12508145942301297069 .002 .49128205773333333333 .13854994214935625692 .00047169811320754716 9.56974185797740271321 .00924065068501874060 -1 ERR|0+/-0
node-1 node-2 48 44 15 2400 872 19.47887959732000000000 .12483169850033210643 .002 .49107291766333333333 .13855710053207209604 .00047169811320754716 9.56555023666870791526 .00924049374817285020 0 ERR|0+/-0
node-1 node-2 48 44 15 2400 1247 19.47905531494000000000 .12460167937471424570 .002 .49260131184000000000 .13810334825277434681 .00047169811320754716 9.59540820154336835088 .00924090155865795704 -1 ERR|0+/-0
node-1 node-2 48 44 15 2400 797 19.47885985155333333333 .12498515186991955941 .002 .49118746024666666666 .13858625347989880983 .00047169811320754716 9.56777169898524428445 .00924050883853533143 -1 ERR|0+/-0
node-1 node-2 48 44 15 2400 572 19.47893365542000000000 .12457722304251705080 .002 .49114997744333333333 .13853789026798152764 .00047169811320754716 9.56707782547971951251 .00924053548499282913 -1 ERR|0+/-0
node-1 node-2 48 44 15 2400 597 19.47870858170666666666 .12504053844325510561 .002 .49106305523666666666 .13844716296727393705 .00047169811320754716 9.56527414819755387807 .00924041144088299566 -1 ERR|0+/-0
node-1 node-2 48 44 15 2400 1072 19.47892276606666666666 .12511438666976730897 .002 .49114847986666666666 .13810728185025893677 .00047169811320754716 9.56704330599384920972 .00924053005921551829 -1 ERR|0+/-0
node-1 node-2 48 44 15 2400 822 19.47901432106666666666 .12517758503209096664 .002 .49145595559666666666 .13903553402457807178 .00047169811320754716 9.57307759724097383010 .00924063839200544249 0 ERR|0+/-0
node-1 node-2 48 44 15 2400 947 19.47879154388000000000 .12514442119444726378 .002 .49113050389000000000 .13838842938126239981 .00047169811320754716 9.56662870611405544569 .00924046469092365343 -1 ERR|0+/-0
node-1 node-2 48 44 15 2400 272 19.47871481076000000000 .12528602135769662028 .002 .49103712528666666666 .13806153562873751090 .00047169811320754716 9.56477212495440771062 .00924040885063814262 -1 ERR|0+/-0
node-1 node-2 48 44 15 2400 222 19.47898426862666666666 .12515834521469919138 .002 .49099786911000000000 .13839247861679393593 .00047169811320754716 9.56413976832290515945 .00924052688965108850 -1 ERR|0+/-0
node-1 node-2 48 44 15 2400 647 19.47884173095333333333 .12555201254981293572 .002 .49093153646333333333 .13805747971518903346 .00047169811320754716 9.56277769950301534626 .00924044593806350073 -1 ERR|0+/-0
node-1 node-2 48 44 15 2400 97 19.47904640144666666666 .12481507889812625407 .002 .49099142094666666666 .13812585096911510807 .00047169811320754716 9.56404467133235284750 .00924055466113585250 -1 ERR|0+/-0
node-1 node-2 48 44 15 2400 322 19.47893241896000000000 .12524755411699293331 .002 .49084392469000000000 .13861175524577000839 .00047169811320754716 9.56111563729360176812 .00924046985623103637 0 ERR|0+/-0
node-1 node-2 48 44 15 2400 1172 19.47872291680000000000 .12501908780825430062 .002 .49072099045000000000 .13812733595843416073 .00047169811320754716 9.55861820243320894456 .00924034547613353307 -1 ERR|0+/-0
node-1 node-2 48 44 15 2400 847 19.47889407590666666666 .12499821704067354148 .002 .49086623261666666666 .13849061917289735978 .00047169811320754716 9.56153135057941213035 .00924045661224960354 -1 ERR|0+/-0
node-1 node-2 48 44 15 2400 1047 19.47908421726000000000 .12492156288526024685 .002 .49087895011666666666 .13860458285999677204 .00047169811320754716 9.56187240980272050221 .00924054849624503999 -1 ERR|0+/-0
node-1 node-2 48 44 15 2400 1297 19.47892964736000000000 .12491175583633110847 .002 .49126302034000000000 .13866136604332942175 .00047169811320754716 9.56927781155244470730 .00924055764152960521 0 ERR|0+/-0
node-1 node-2 48 44 15 2400 1372 19.47901379847333333333 .12487955590018356999 .002 .49072727196333333333 .13835726647777475254 .00047169811320754716 9.55888330186094612540 .00924048324269506697 -1 ERR|0+/-0
node-1 node-2 48 44 15 2400 1347 19.47910668942666666666 .12472607186121744169 .002 .49093527017333333333 .13837441494521995318 .00047169811320754716 9.56298050530886523796 .00924057100439067996 -1 ERR|0+/-0
node-1 node-2 48 44 15 2400 897 19.47886015086000000000 .12493222950281725869 .002 .49107289777333333333 .13895768203530873924 .00047169811320754716 9.56554029960432909135 .00924048462304617711 -1 ERR|0+/-0
node-1 node-2 48 44 15 2400 72 19.47898385240666666666 .12517148666265335737 .002 .49077783445666666666 .13807524782501108561 .00047169811320754716 9.55985351250052217962 .00924047993839153302 0 ERR|0+/-0
node-1 node-2 48 44 15 2400 472 19.47887806797333333333 .12504264564408271720 .002 .49100684173333333333 .13837699801039650950 .00047169811320754716 9.56426240066428025535 .00924047898575659983 -1 ERR|0+/-0
node-1 node-2 48 44 15 2400 497 19.47881641680666666666 .12510948821347615515 .002 .49097618873666666666 .13837434216096193145 .00047169811320754716 9.56363504542495109323 .00924044355470985656 -1 ERR|0+/-0
node-1 node-2 48 44 15 2400 672 19.47902567452000000000 .12496136814420200773 .002 .49090572372666666666 .13828559905290441261 .00047169811320754716 9.56236519624056193464 .00924052672731323633 -1 ERR|0+/-0
node-1 node-2 48 44 15 2400 172 19.47891880783333333333 .12510952310465675957 .002 .49096168565000000000 .13810975407765794504 .00047169811320754716 9.56340281253334175759 .00924048849655504251 0 ERR|0+/-0
node-1 node-2 48 44 15 2400 347 19.47899910268000000000 .12480767809557974270 .002 .49095668326000000000 .13859863607173931680 .00047169811320754716 9.56334479267628897713 .00924052509390768117 -1 ERR|0+/-0
node-1 node-2 48 44 15 2400 1197 19.47892153181333333333 .12520620746413350152 .002 .49106815941666666666 .13839612613347606089 .00047169811320754716 9.56547814404925083644 .00924051240507376030 -1 ERR|0+/-0
node-1 node-2 48 44 15 2400 997 19.47887714302666666666 .12540943544395864666 .002 .49077600377666666666 .13822283094882908702 .00047169811320754716 9.55976548231128137003 .00924042949963511652 -1 ERR|0+/-0
node-1 node-2 48 44 15 2400 147 19.47893484714000000000 .12509780946599855546 .002 .49099355796666666666 .13811094353457037533 .00047169811320754716 9.56403152599815689575 .00924050279334614291 0 ERR|0+/-0
node-1 node-2 48 44 15 2400 1022 19.47886056085333333333 .12516057516831314514 .002 .49121295824000000000 .13828187703636271667 .00047169811320754716 9.56826871924123140542 .00924051459282763537 -1 ERR|0+/-0
node-1 node-2 48 44 15 2400 297 19.47887827123333333333 .12520782836511586175 .002 .49102418574666666666 .13830146739210422253 .00047169811320754716 9.56460034239078555388 .00924048276755697272 -1 ERR|0+/-0
node-1 node-2 48 44 15 2400 922 19.47889592441333333333 .12519322648654806659 .002 .49090171233333333333 .13850722542779576439 .00047169811320754716 9.56222336365729323703 .00924046501845298584 -1 ERR|0+/-0
node-1 node-2 48 44 15 2400 697 19.47900729957333333333 .12488196404530443050 .002 .49110619005666666666 .13854181132111999440 .00047169811320754716 9.56626106097945877244 .00924056071692103703 0 ERR|0+/-0
node-1 node-2 48 44 15 2400 1322 19.47905922244000000000 .12497469550845479807 .002 .49133544078333333333 .13828601482791815564 .00047169811320754716 9.57075214910221166444 .00924063381697164050 -1 ERR|0+/-0
node-1 node-2 48 44 15 2400 372 19.47892564805333333333 .12471957741244152134 .002 .49082797284333333333 .13813054715738138456 .00047169811320754716 9.56080158900003064429 .00924046329115462695 -1 ERR|0+/-0
node-1 node-2 48 44 15 2400 1222 19.47894696891333333333 .12514496925409458495 .002 .49087539274666666666 .13808605326027474444 .00047169811320754716 9.56173574365682471735 .00924048336698176520 -1 ERR|0+/-0
node-1 node-2 48 44 15 2400 547 19.47862384662000000000 .12522129917837702916 .002 .49113512037000000000 .13851523054899988578 .00047169811320754716 9.56663626755166611764 .00924038701810861166 0 ERR|0+/-0
node-1 node-2 48 44 15 2400 422 19.47899233148000000000 .12493180088833818755 .002 .49094299104000000000 .13832347445984636099 .00047169811320754716 9.56307475766201434993 .00924051900815255506 -1 ERR|0+/-0
node-1 node-2 48 44 15 2400 1422 19.47897365898000000000 .12492067052289789746 .002 .49097922280333333333 .13855045453863708472 .00047169811320754716 9.56377134809260255287 .00924051795040657988 -1 ERR|0+/-0
node-1 node-2 48 44 15 2400 622 19.47886659291333333333 .12512313584721109138 .002 .49115046160666666666 .13817976778718006302 .00047169811320754716 9.56705431868406206594 .00924050413391446895 -1 ERR|0+/-0
node-1 node-2 48 44 15 2400 747 19.47919155022666666666 .12485979314651486018 .002 .49125463981666666666 .13860735439335848740 .00047169811320754716 9.56924322892645793405 .00924067869818053083 0 ERR|0+/-0
node-1 node-2 48 44 15 2400 447 19.47883698913333333333 .12508632292548197949 .002 .49108674163666666666 .13854080994614981497 .00047169811320754716 9.56579858786526729741 .00924047670248754861 -1 ERR|0+/-0
node-1 node-2 48 44 15 2400 772 19.47910726394000000000 .12504099918599539266 .002 .49133117463333333333 .13858716107477736247 .00047169811320754716 9.57069265280033599932 .00924065544221996570 -1 ERR|0+/-0
node-1 node-2 48 44 15 2400 122 19.47889770625333333333 .12507155559229332812 .002 .49129930161000000000 .13822342487163139628 .00047169811320754716 9.56996883921489359639 .00924055037607272340 -1 ERR|0+/-0
node-1 node-2 48 44 15 2400 1147 19.47887713648000000000 .12538481826451035942 .002 .49097234185333333333 .13797150169088489130 .00047169811320754716 9.56358992437093725607 .00924047121630210858 0 ERR|0+/-0
node-1 node-2 6 44 15 300 1472 19.47873576882666666666 .12456119797478604022 .002 .49114311120333333333 .13744326691286922677 .00047169811320754716 9.56684688780918215935 .00924044121135588254 0 ERR|0+/-0
node-1 node-2 6 44 15 300 522 19.47890300094666666666 .12471561450312462273 .002 .49003907084666666666 .13821183647614295813 .00047169811320754716 9.54542352769625152693 .00924028518479365116 -1 ERR|0+/-0
node-1 node-2 6 44 15 300 1397 19.47881325258000000000 .12495322417390928688 .002 .49004261833000000000 .13802088578482481768 .00047169811320754716 9.54544864825540682779 .00924024384200089819 -1 ERR|0+/-0
node-1 node-2 6 44 15 300 397 19.47909810073333333333 .12480775060185493319 .002 .48989538416000000000 .13797044951078889795 .00047169811320754716 9.54272024714908271104 .00924034621811605065 -1 ERR|0+/-0
node-1 node-2 6 44 15 300 722 19.47879495786000000000 .12502566561536221671 .002 .48984771822333333333 .13781605924424935206 .00047169811320754716 9.54164326384789137067 .00924019392423511531 0 ERR|0+/-0
node-1 node-2 6 44 15 300 197 19.47878579096666666666 .12498750983471143357 .002 .49121800374333333333 .13778720297180081480 .00047169811320754716 9.56833027158265221078 .00924048059676574073 -1 ERR|0+/-0
node-1 node-2 6 44 15 300 1272 19.47893266052000000000 .12489619652909421072 .002 .48994309030333333333 .13824755720075731316 .00047169811320754716 9.54356846350569938042 .00924027873773848447 -1 ERR|0+/-0
node-1 node-2 6 44 15 300 1097 19.47885300124000000000 .12460662928920796860 .002 .48992525085666666666 .13847317199526452806 .00047169811320754716 9.54318194303264138093 .00924023759096272264 -1 ERR|0+/-0
node-1 node-2 6 44 15 300 972 19.47867828532666666666 .12511837955346649353 .002 .48977080723000000000 .13821604680424348987 .00047169811320754716 9.54008798757791379757 .00924012289235660220 -1 ERR|0+/-0
node-1 node-2 6 44 15 300 1447 19.47909236374000000000 .12478098423637963599 .002 .49007328298000000000 .13817364712223784190 .00047169811320754716 9.54618274416871011114 .00924038126066982368 -1 ERR|0+/-0
node-1 node-2 6 44 15 300 1122 19.47910827076666666666 .12449939542010884259 .002 .49138337408333333333 .13761814819877963268 .00047169811320754716 9.57170994622388925589 .00924066701693163706 -1 ERR|0+/-0
node-1 node-2 6 44 15 300 247 19.47907530377333333333 .12489279851880489678 .002 .48999105558666666666 .13810276643250534280 .00047169811320754716 9.54457266994806525894 .00924035581628295902 0 ERR|0+/-0
node-1 node-2 6 44 15 300 872 19.47935286416666666666 .12440793808942986757 .002 .49002445062666666666 .13813748213735025132 .00047169811320754716 9.54535918582625666974 .00924049308616549639 -1 ERR|0+/-0
node-1 node-2 6 44 15 300 1247 19.47882879000666666666 .12491180432855169048 .002 .49006104521000000000 .13802616706658072311 .00047169811320754716 9.54581519629730666953 .00924025503867140887 -1 ERR|0+/-0
node-1 node-2 6 44 15 300 797 19.47865453971333333333 .12494514130654083401 .002 .49008263341333333333 .13799613715523066564 .00047169811320754716 9.54615031217129067488 .00924017788873019154 -1 ERR|0+/-0
node-1 node-2 6 44 15 300 572 19.47870946192000000000 .12473134805637820536 .002 .49108311271666666666 .13720354445331103322 .00047169811320754716 9.56566527426326087595 .00924041611746954607 -1 ERR|0+/-0
node-1 node-2 6 44 15 300 597 19.47899995132000000000 .12512783817103709600 .002 .48990625929666666666 .13792249896469493029 .00047169811320754716 9.54288400099113329730 .00924030248852777546 -1 ERR|0+/-0
node-1 node-2 6 44 15 300 1072 19.47893353508666666666 .12506850625354417028 .002 .49012916680333333333 .13817576125044594969 .00047169811320754716 9.54719346376953627750 .00924031862034996983 -1 ERR|0+/-0
node-1 node-2 6 44 15 300 822 19.47902315054666666666 .12497745822705684503 .002 .48956342359666666666 .13782359058152727991 .00047169811320754716 9.53621726190035426759 .00924024068867270578 0 ERR|0+/-0
node-1 node-2 6 44 15 300 947 19.47906122992666666666 .12487966261265227016 .002 .48994551055333333333 .13830467738262803113 .00047169811320754716 9.54367859939606184309 .00924033955503346803 -1 ERR|0+/-0
node-1 node-2 6 44 15 300 272 19.47888676916000000000 .12462656031558973641 .002 .49130647957666666666 .13769427837918107950 .00047169811320754716 9.57010328462851009105 .00924054677287374375 -1 ERR|0+/-0
node-1 node-2 6 44 15 300 222 19.47886725824000000000 .12484817088204000087 .002 .48996089671000000000 .13807372237193461222 .00047169811320754716 9.54388326874232953639 .00924025183820529320 -1 ERR|0+/-0
node-1 node-2 6 44 15 300 647 19.47864268846666666666 .12519564361656285494 .002 .49000159556000000000 .13824868701360503300 .00047169811320754716 9.54456599669179467653 .00924015513903913466 -1 ERR|0+/-0
node-1 node-2 6 44 15 300 97 19.47876819482000000000 .12478571709287282490 .002 .48992391140000000000 .13790301016532957548 .00047169811320754716 9.54311430326013161894 .00924019752940776098 -1 ERR|0+/-0
node-1 node-2 6 44 15 300 322 19.47888342596000000000 .12520811698017714302 .002 .48995684368666666666 .13820885944912764610 .00047169811320754716 9.54381224192388579664 .00924025856184684639 -1 ERR|0+/-0
node-1 node-2 6 44 15 300 1172 19.47902841215333333333 .12463887792079901747 .002 .49123404596333333333 .13789511534751029646 .00047169811320754716 9.56876193833680646387 .00924059780326262116 0 ERR|0+/-0
node-1 node-2 6 44 15 300 847 19.47897532582000000000 .12479113868801939696 .002 .48989295395666666666 .13808251565476482088 .00047169811320754716 9.54261276241498334136 .00924028811653534264 -1 ERR|0+/-0
node-1 node-2 6 44 15 300 1047 19.47891535363333333333 .12502812357371797067 .002 .48991268007333333333 .13820957018111314233 .00047169811320754716 9.54296762582010786319 .00924026417062595023 -1 ERR|0+/-0
node-1 node-2 6 44 15 300 1297 19.47878950290666666666 .12502942222096539213 .002 .48973898187333333333 .13802825636925242467 .00047169811320754716 9.53952253927848363724 .00924016831053714681 -1 ERR|0+/-0
node-1 node-2 6 44 15 300 1372 19.47895020490000000000 .12491139483291031203 .002 .48993215539666666666 .13806320511468103317 .00047169811320754716 9.54336405875099880731 .00924028464756709483 -1 ERR|0+/-0
node-1 node-2 6 44 15 300 1347 19.47897592413333333333 .12440086139519706103 .002 .49122627046000000000 .13757683940710394470 .00047169811320754716 9.56858469559214924109 .00924057153170973294 -1 ERR|0+/-0
node-1 node-2 6 44 15 300 897 19.47894690972666666666 .12512834761537504575 .002 .49002003906000000000 .13784489887922306085 .00047169811320754716 9.54507432555192749392 .00924030174249388838 -1 ERR|0+/-0
node-1 node-2 6 44 15 300 72 19.47886290687333333333 .12503207615470058225 .002 .49008501222333333333 .13817569393998546722 .00047169811320754716 9.54629876581165183161 .00924027612526552152 0 ERR|0+/-0
node-1 node-2 6 44 15 300 472 19.47877337504666666666 .12502695623567134776 .002 .49028157694666666666 .13796413085905499778 .00047169811320754716 9.55008372730462426845 .00924027584153743323 -1 ERR|0+/-0
node-1 node-2 6 44 15 300 497 19.47899090200000000000 .12465649458424486528 .002 .48996832706333333333 .13794198510507692900 .00047169811320754716 9.54408858513483037772 .00924031140781657423 -1 ERR|0+/-0
node-1 node-2 6 44 15 300 672 19.47891493209333333333 .12477256216283617540 .002 .49119224585000000000 .13778162715963172627 .00047169811320754716 9.56789197221602464181 .00924053569021603205 -1 ERR|0+/-0
node-1 node-2 6 44 15 300 172 19.47881122694000000000 .12499709847483357479 .002 .49010485259333333333 .13776594439840756432 .00047169811320754716 9.54665990507279510746 .00924025609473767561 -1 ERR|0+/-0
node-1 node-2 6 44 15 300 347 19.47888865984666666666 .12466591844700110265 .002 .48994182354333333333 .13830868495509481103 .00047169811320754716 9.54352223060283227225 .00924025783106749732 -1 ERR|0+/-0
node-1 node-2 6 44 15 300 1197 19.47881946516000000000 .12493159148203219891 .002 .48979324271000000000 .13780016102519967817 .00047169811320754716 9.54059415000338426898 .00924019386819440222 -1 ERR|0+/-0
node-1 node-2 6 44 15 300 997 19.47907620234666666666 .12480057976245433279 .002 .49014702994666666666 .13799460661984693577 .00047169811320754716 9.54761134668501363280 .00924038932654510991 0 ERR|0+/-0
node-1 node-2 6 44 15 300 147 19.47884710078000000000 .12471674417979910026 .002 .49123972222000000000 .13757242384936712879 .00047169811320754716 9.56878343895301954533 .00924051397082306780 -1 ERR|0+/-0
node-1 node-2 6 44 15 300 1022 19.47895888981333333333 .12491506076005100562 .002 .48983279007666666666 .13786966536983508186 .00047169811320754716 9.54143278078595449395 .00924026764932342043 -1 ERR|0+/-0
node-1 node-2 6 44 15 300 297 19.47870732750666666666 .12530274852274498515 .002 .48998563915333333333 .13795879584957214278 .00047169811320754716 9.54428685974907146690 .00924018207260226934 -1 ERR|0+/-0
node-1 node-2 6 44 15 300 922 19.47902641494666666666 .12504017900991591014 .002 .49000458146000000000 .13806813669674643881 .00047169811320754716 9.54481218570422568821 .00924033575457964838 -1 ERR|0+/-0
node-1 node-2 6 44 15 300 697 19.47891736842000000000 .12468807364532109880 .002 .48978310921666666666 .13776858188037146279 .00047169811320754716 9.54044471287927811414 .00924023764019092692 -1 ERR|0+/-0
node-1 node-2 6 44 15 300 1322 19.47883335502000000000 .12450120213123143924 .002 .49157782277333333333 .13765775300705911885 .00047169811320754716 9.57536249082531549425 .00924057944398916306 -1 ERR|0+/-0
node-1 node-2 6 44 15 300 372 19.47882888901333333333 .12483316881872261316 .002 .49004477819333333333 .13776089161656486524 .00047169811320754716 9.54549838238243249084 .00924025163425192928 0 ERR|0+/-0
node-1 node-2 6 44 15 300 1222 19.47883761902666666666 .12525213780690365250 .002 .49007947343000000000 .13814825767646964493 .00047169811320754716 9.54617848336106374912 .00924026308927539140 -1 ERR|0+/-0
node-1 node-2 6 44 15 300 547 19.47890952651333333333 .12496054139299824516 .002 .48973050159000000000 .13776871422715103067 .00047169811320754716 9.53941613284560413715 .00924022280864304916 -1 ERR|0+/-0
node-1 node-2 6 44 15 300 422 19.47900321429333333333 .12490374172325919528 .002 .48955928807000000000 .13836529062921425223 .00047169811320754716 9.53612694590268591481 .00924023046129752058 -1 ERR|0+/-0
node-1 node-2 6 44 15 300 1422 19.47876815510000000000 .12458446003856695954 .002 .49132484455666666666 .13789909874701425386 .00047169811320754716 9.57040273595985624394 .00924049504592953504 -1 ERR|0+/-0
node-1 node-2 6 44 15 300 622 19.47895704682000000000 .12450585267564263988 .002 .48979479300333333333 .13774110816624346412 .00047169811320754716 9.54069173466802306501 .00924025872819343787 -1 ERR|0+/-0
node-1 node-2 6 44 15 300 747 19.47891462040666666666 .12500775973463282759 .002 .48980569538333333333 .13819013871630181115 .00047169811320754716 9.54088332096086582038 .00924024114013361125 -1 ERR|0+/-0
node-1 node-2 6 44 15 300 447 19.47869783787333333333 .12473326494305285942 .002 .48991182975000000000 .13781186712825599835 .00047169811320754716 9.54284449889989358206 .00924016196699076752 0 ERR|0+/-0
node-1 node-2 6 44 15 300 772 19.47876145382000000000 .12500458790240459106 .002 .48992013918666666666 .13785679996881360175 .00047169811320754716 9.54303752263937195222 .00924019356759675570 -1 ERR|0+/-0
node-1 node-2 6 44 15 300 122 19.47871126674666666666 .12488934889586586222 .002 .49019957553333333333 .13805943918581707167 .00047169811320754716 9.54845599489557364153 .00924022930826087995 -1 ERR|0+/-0
node-1 node-2 6 44 15 300 1147 19.47884428243333333333 .12532914475713347254 .002 .48992025480666666666 .13825158284267369851 .00047169811320754716 9.54308035418912079243 .00924023244193207349 -1 ERR|0+/-0
