#TXnode RXnode MCS CHANNEL TXPOWER FPS SIZE Vmu Vsd Verr Imu Isd Ierr Pmu Perr loss status
192-168-0-110 node-2 24 44 15 500 522 11.97235003037333333333 .00624120870932583298 .002 .38086710931000000000 .05361519925490483953 .00047169811320754716 4.55987434771578216677 .00569847617511247650 -7762 OK|491+/-3
192-168-0-110 node-2 24 44 15 500 822 11.97237901676000000000 .00618118884567989719 .002 .39670006517000000000 .04550766313427259110 .00047169811320754716 4.74944353618863252224 .00570280894783878324 -7121 OK|490+/-1
192-168-0-110 node-2 24 44 15 500 1147 11.97236716162000000000 .00711908130794939930 .002 .39616168825000000000 .06999219639313370183 .00047169811320754716 4.74299318709623980496 .00570265370693563769 -8787 OK|491+/-7
192-168-0-110 node-2 24 44 15 500 247 11.97228541683333333333 .00798370334053356030 .002 .37967376838000000000 .06884706263782712531 .00047169811320754716 4.54556272033003075306 .00569812742408538280 -8280 OK|490+/-2
192-168-0-110 node-2 24 44 15 500 572 11.97230246326666666666 .00797940084269761134 .002 .38530271603333333333 .07316858435245473163 .00047169811320754716 4.61296065626921364766 .00569964656876924255 -8453 ERR|0+/-0
192-168-0-110 node-2 24 44 15 500 497 11.97230969384666666666 .00803400877223361264 .002 .38416190294000000000 .07268777795861947993 .00047169811320754716 4.59930527457514427523 .00569934191549069987 -8457 ERR|0+/-0
192-168-0-110 node-2 24 44 15 500 772 11.97231685875333333333 .00802093106616806238 .002 .38802267541333333333 .07492550623464111910 .00047169811320754716 4.64553041842962320007 .00570039133373314730 -8490 ERR|0+/-0
192-168-0-110 node-2 24 44 15 500 622 11.97231402520666666666 .00807258902904700457 .002 .38657376502666666666 .07405605163727981616 .00047169811320754716 4.62818250880570774368 .00569999622615816123 -8465 ERR|0+/-0
192-168-0-110 node-2 24 44 15 500 1472 11.97237472948666666666 .00785801384318970642 .002 .39782118513333333333 .07746599926664773172 .00047169811320754716 4.76286430374475680558 .00570311932795047696 -8769 ERR|0+/-0
192-168-0-110 node-2 24 44 15 500 447 11.97230471018000000000 .00794279246105410713 .002 .38262028695666666666 .07246164158709347229 .00047169811320754716 4.58084666374172355080 .00569892475680210047 -8337 ERR|0+/-0
192-168-0-110 node-2 24 44 15 500 397 11.97229295720000000000 .00787688555818362832 .002 .38252135824666666666 .07200726247130536040 .00047169811320754716 4.57965776331514547362 .00569889269858668597 -8427 ERR|0+/-0
192-168-0-110 node-2 24 44 15 500 947 11.97233729456666666666 .00774454526544769896 .002 .39058432803666666666 .07578669771728238397 .00047169811320754716 4.67620731722664525191 .00570110062317300096 -8610 ERR|0+/-0
192-168-0-110 node-2 24 44 15 500 72 11.97225941415333333333 .00787504964672647698 .002 .37752068848000000000 .06912700307932236968 .00047169811320754716 4.51977561669232785628 .00569754301497902251 -8219 ERR|0+/-0
192-168-0-110 node-2 24 44 15 500 197 11.97228310690666666666 .00781193279586072220 .002 .37954332120333333333 .07008848315708922010 .00047169811320754716 4.54400009278191853540 .00569809158260386158 -8346 ERR|0+/-0
192-168-0-110 node-2 24 44 15 500 372 11.97229154442666666666 .00769040767548641207 .002 .38208889583333333333 .07148534312275783264 .00047169811320754716 4.57447965680473809551 .00569877599160219843 -8383 ERR|0+/-0
192-168-0-110 node-2 24 44 15 500 1322 11.97233447719333333333 .00737070477802289948 .002 .39526709280666666666 .07611686471093602742 .00047169811320754716 4.73226984290923233330 .00570239012475517234 -8602 ERR|0+/-0
192-168-0-110 node-2 24 44 15 500 1172 11.97236782363333333333 .00628383806789271663 .002 .39850728760000000000 .05560752818052774587 .00047169811320754716 4.77107582754563484361 .00570330770065549856 -8566 ERR|0+/-0
192-168-0-110 node-2 24 44 15 500 997 11.97234876228666666666 .00623189958006173427 .002 .39790949188666666666 .05345874795223443661 .00047169811320754716 4.76391121269145009856 .00570313184114564723 -8530 ERR|0+/-0
192-168-0-110 node-2 24 44 15 500 172 11.97229862485333333333 .00599423735098216727 .002 .38576183212666666666 .04552139491420960751 .00047169811320754716 4.61845585229099375704 .00569976899459294841 -8339 ERR|0+/-0
192-168-0-110 node-2 24 44 15 500 122 11.97231448963333333333 .00579093839722178360 .002 .38788757510000000000 .03934859036967406943 .00047169811320754716 4.64391203571846775479 .00570035344807357011 -8290 ERR|0+/-0
192-168-0-110 node-2 24 44 15 500 347 11.97232177517333333333 .00610626520327622766 .002 .38912831152666666666 .04232323021609815889 .00047169811320754716 4.65876935742714373375 .00570069509231152442 -8271 ERR|0+/-0
192-168-0-110 node-2 24 44 15 500 1122 11.97238197475333333333 .00595273967106865593 .002 .40080189408333333333 .04632653504963738025 .00047169811320754716 4.79855337217029468066 .00570395744384504765 -8585 ERR|0+/-0
192-168-0-110 node-2 24 44 15 500 597 11.97232011665333333333 .00584854442858777554 .002 .39413332482333333333 .04220231459477082970 .00047169811320754716 4.71869033342585625168 .00570206950493330535 -8555 ERR|0+/-0
192-168-0-110 node-2 24 44 15 500 1097 11.97235883069333333333 .00662362380182954004 .002 .39553144752000000000 .06764756938263904667 .00047169811320754716 4.73544441853298873854 .00570247482130997488 -8667 ERR|0+/-0
192-168-0-110 node-2 24 44 15 500 1047 11.97236601251333333333 .00598558170473384817 .002 .40011712600333333333 .04801657180047219270 .00047169811320754716 4.79034868038682285668 .00570375768281651057 -8603 ERR|0+/-0
192-168-0-110 node-2 24 44 15 500 272 11.97230739313333333333 .00573827599147026214 .002 .39000796472666666666 .03870647767150232749 .00047169811320754716 4.66929523947795561946 .00570092881833995889 -8341 ERR|0+/-0
192-168-0-110 node-2 24 44 15 500 1247 11.97236861364666666666 .00606591769732188173 .002 .39886558038000000000 .05480205375418039905 .00047169811320754716 4.77536575560547368824 .00570340825376044863 -8574 ERR|0+/-0
192-168-0-110 node-2 24 44 15 500 1347 11.97238690928666666666 .00613784165383551663 .002 .40226922325666666666 .05354798603527585424 .00047169811320754716 4.81612278252703152422 .00570437290940669481 -8744 ERR|0+/-0
192-168-0-110 node-2 24 44 15 500 922 11.97233441168666666666 .00635098215977146325 .002 .39361061029666666666 .05875160018575964369 .00047169811320754716 4.71243785445977253758 .00570193175489120441 -8484 ERR|0+/-0
192-168-0-110 node-2 24 44 15 500 1222 11.97236247321333333333 .00623451864062960918 .002 .39938029656000000000 .05754117374774958820 .00047169811320754716 4.78152567507575612281 .00570354946284018387 -8698 ERR|0+/-0
192-168-0-110 node-2 24 44 15 500 147 11.97227390296000000000 .00654006591480879495 .002 .38217753632333333333 .05946303929896878538 .00047169811320754716 4.57553414442139113514 .00569879152055967739 -8315 ERR|0+/-0
192-168-0-110 node-2 24 44 15 500 322 11.97229212200000000000 .00647743518642510077 .002 .38448171616666666666 .05842966241804134298 .00047169811320754716 4.60312742151522337225 .00569941996544899909 -8261 OK|490+/-2
192-168-0-110 node-2 24 44 15 500 1072 11.97235851615666666666 .00625688032760046801 .002 .39770251419333333333 .05721688774778221323 .00047169811320754716 4.76143708269947193094 .00570307864816870555 -8700 ERR|0+/-0
192-168-0-110 node-2 24 44 15 500 97 11.97227513086666666666 .00651070550482007902 .002 .38187759426666666666 .05883600266294279479 .00047169811320754716 4.57194362487400450294 .00569871166559420603 -8270 ERR|0+/-0
192-168-0-110 node-2 24 44 15 500 1297 11.97236570674666666666 .00596250855153571834 .002 .40327531379000000000 .04615697562808572491 .00047169811320754716 4.82815953719689712003 .00570464715228084812 -8618 ERR|0+/-0
192-168-0-110 node-2 24 44 15 500 747 11.97231616875333333333 .00630390751599742855 .002 .39233812589666666666 .05806797336618903862 .00047169811320754716 4.69719608829104321873 .00570157242479683318 -8486 ERR|0+/-0
192-168-0-110 node-2 24 44 15 500 647 11.97231248052000000000 .00620690664745767623 .002 .39047743982333333333 .05696195810565737740 .00047169811320754716 4.67491792615839093053 .00570105974091407324 -8560 ERR|0+/-0
192-168-0-110 node-2 24 44 15 500 1447 11.97234226468666666666 .00775846299104538553 .002 .39640562463333333333 .08104130661603846562 .00047169811320754716 4.74590381375717469873 .00570270988236598092 -8639 ERR|0+/-0
192-168-0-110 node-2 24 44 15 500 1397 11.97233662285333333333 .00781032723462886860 .002 .39524470440333333333 .08105045133561684837 .00047169811320754716 4.73200264951686780658 .00570238491975784023 -8620 ERR|0+/-0
192-168-0-110 node-2 24 44 15 500 1272 11.97232678039333333333 .00793387020452109803 .002 .39361659160333333333 .08092827012767366912 .00047169811320754716 4.71250646085973332992 .00570192984129455945 -8664 ERR|0+/-0
192-168-0-110 node-2 24 44 15 500 472 11.97228208623333333333 .00815691679136602079 .002 .38315414444666666666 .07638867130737761110 .00047169811320754716 4.58722949982488634936 .00569905765095447775 -8414 ERR|0+/-0
192-168-0-110 node-2 24 44 15 500 222 11.97226491488000000000 .00814910515001925840 .002 .37912623435000000000 .07375787082294273934 .00047169811320754716 4.53899971381907768212 .00569797201105534564 -8322 ERR|0+/-0
192-168-0-110 node-2 24 44 15 500 972 11.97232074981333333333 .00816176907817753135 .002 .39043204614000000000 .08065378697687267802 .00047169811320754716 4.67437768739399875638 .00570105116904062175 -8570 ERR|0+/-0
192-168-0-110 node-2 24 44 15 500 297 11.97226813823333333333 .00823902720145946356 .002 .38021249747000000000 .07489479455693888663 .00047169811320754716 4.55200596921820286026 .00569826303168495109 -8342 ERR|0+/-0
192-168-0-110 node-2 24 44 15 500 797 11.97231184572000000000 .00807065670718622252 .002 .38761928595333333333 .07913765913220443772 .00047169811320754716 4.64069896884862066974 .00570027921305633413 -8501 ERR|0+/-0
192-168-0-110 node-2 24 44 15 500 422 11.97228165391333333333 .00827195815012439905 .002 .38217445456000000000 .07607332753515104021 .00047169811320754716 4.57550021092302285617 .00569879431695003096 -8328 ERR|0+/-0
192-168-0-110 node-2 24 44 15 500 1197 11.97233772025333333333 .00798944670516575759 .002 .39280310865000000000 .08101089157706805253 .00047169811320754716 4.70277147432316339885 .00570171055411358022 -8542 ERR|0+/-0
192-168-0-110 node-2 24 44 15 500 1372 11.97234845692000000000 .00791838057711764634 .002 .39479724298666666666 .08172162093476020963 .00047169811320754716 4.72665016286768895872 .00570226645886886015 -8734 ERR|0+/-0
192-168-0-110 node-2 24 44 15 500 722 11.97230467936000000000 .00805798058352258193 .002 .38720292532000000000 .07847564224048070668 .00047169811320754716 4.63571139467051662539 .00570016267355904764 -8487 ERR|0+/-0
192-168-0-110 node-2 24 44 15 500 1422 11.97234461042000000000 .00786227129372467469 .002 .39594631863000000000 .08162979330343199386 .00047169811320754716 4.74040577386552053812 .00570258334193496202 -8708 ERR|0+/-0
192-168-0-110 node-2 24 44 15 500 547 11.97229776738000000000 .00814615015820045266 .002 .38346623656000000000 .07709758345954411540 .00047169811320754716 4.59097196783289893141 .00569914894323943599 -8426 ERR|0+/-0
192-168-0-110 node-2 24 44 15 500 872 11.97233260587333333333 .00806701013357483951 .002 .38987113001333333333 .07969596717285730129 .00047169811320754716 4.66766684194731220490 .00570090316165635635 -8763 ERR|0+/-0
192-168-0-110 node-2 24 44 15 500 897 11.97233092098666666666 .00806026983297805979 .002 .38972456813333333333 .07956606344718623893 .00047169811320754716 4.66591149773088158984 .00570086228969134545 -8559 ERR|0+/-0
192-168-0-110 node-2 24 44 15 500 1022 11.97233611523333333333 .00807629104466759976 .002 .39089859933000000000 .08038175688094233922 .00047169811320754716 4.67996941815268347612 .00570118622946555921 -8619 ERR|0+/-0
192-168-0-110 node-2 24 44 15 500 672 11.97231400126000000000 .00788433051338394996 .002 .38688232703000000000 .07779778293864741361 .00047169811320754716 4.63187670074131915205 .00570007995446402927 -8581 ERR|0+/-0
192-168-0-110 node-2 24 44 15 500 697 11.97231229072000000000 .00800613213855737457 .002 .38627965785333333333 .07829994954224894039 .00047169811320754716 4.62466069537257903774 .00569991565994822681 -8412 ERR|0+/-0
192-168-0-110 node-2 24 44 15 500 847 11.97232284651333333333 .00798071010925351992 .002 .38816655469000000000 .07938879720736618163 .00047169811320754716 4.64725531096745427914 .00570043331411178601 -8486 ERR|0+/-0
192-168-0-110 node-2 24 44 15 600 522 11.97235427128000000000 .00792715541705496272 .002 .39703185858333333333 .07708593817294791152 .00047169811320754716 4.75340606794440776311 .00570288974815422413 -11196 ERR|0+/-0
192-168-0-110 node-2 24 44 15 600 822 11.97235948873333333333 .00788776463729593670 .002 .40200905694000000000 .07959779748361792435 .00047169811320754716 4.81299694741234788847 .00570428674042933171 -11590 OK|590+/-3
192-168-0-110 node-2 24 44 15 600 1147 11.97239237530000000000 .00779797566372397766 .002 .40636696834000000000 .08143123896257320798 .00047169811320754716 4.86518479332759249800 .00570553711325430254 -11404 OK|590+/-4
192-168-0-110 node-2 24 44 15 600 247 11.97231702548666666666 .00793778508919485486 .002 .39253057059333333333 .07398759128091030833 .00047169811320754716 4.69950043333856056247 .00570162580803581584 -10959 OK|590+/-4
192-168-0-110 node-2 24 44 15 600 572 11.97236018518000000000 .00781348195222691737 .002 .39791441426333333333 .07732824721273851898 .00047169811320754716 4.76397469043555269991 .00570313855033778834 -11162 OK|591+/-4
192-168-0-110 node-2 24 44 15 600 497 11.97234292066666666666 .00789530855652246753 .002 .39731810267666666666 .07663248632623307557 .00047169811320754716 4.75682857383370195090 .00570296418708507321 -11314 OK|590+/-3
192-168-0-110 node-2 24 44 15 600 772 11.97236592402000000000 .00784435847248113209 .002 .40122397186333333333 .07868425932963544456 .00047169811320754716 4.80360020863653126445 .00570406864239295072 -11308 OK|590+/-3
192-168-0-110 node-2 24 44 15 600 622 11.97235407261333333333 .00772640782785983346 .002 .39882100970000000000 .07750550885078328824 .00047169811320754716 4.77482633972555671768 .00570338899474363487 -11184 OK|590+/-3
192-168-0-110 node-2 24 44 15 600 1472 11.97243387002000000000 .00750111717112466121 .002 .41398261574666666666 .08182276530870944140 .00047169811320754716 4.95637949036486699183 .00570774603455491351 -11566 OK|591+/-4
192-168-0-110 node-2 24 44 15 600 447 11.97233913025333333333 .00774123943223783060 .002 .39518501588666666666 .07557141740622206670 .00047169811320754716 4.73128902938972451587 .00570236954373958913 -11093 OK|590+/-3
192-168-0-110 node-2 24 44 15 600 397 11.97234812600000000000 .00772831180643409275 .002 .39633508403333333333 .07483444504329421109 .00047169811320754716 4.74506160059453085482 .00570269300839264711 -11298 OK|591+/-4
192-168-0-110 node-2 24 44 15 600 947 11.97238526762666666666 .00772974935638879561 .002 .40365249772666666666 .07968431987741466931 .00047169811320754716 4.83268321702345055817 .00570476299131545341 -11451 OK|591+/-4
192-168-0-110 node-2 24 44 15 600 72 11.97230311622000000000 .00773835739360040671 .002 .38855241160000000000 .07133659801386363237 .00047169811320754716 4.65186724821347607615 .00570052924401779733 -10797 OK|590+/-3
192-168-0-110 node-2 24 44 15 600 197 11.97232209002000000000 .00774136414990360274 .002 .39144138451000000000 .07281417320302686915 .00047169811320754716 4.68646233471708565359 .00570132864090497417 -10924 OK|591+/-3
192-168-0-110 node-2 24 44 15 600 372 11.97233418996000000000 .00765237261856243968 .002 .39533500101333333333 .07411408339026342947 .00047169811320754716 4.73308274911980191245 .00570240882067421837 -11163 OK|590+/-3
192-168-0-110 node-2 24 44 15 600 1322 11.97243340063333333333 .00606275173065455072 .002 .41671747394333333333 .06202957052228693538 .00047169811320754716 4.98912220366671477412 .00570854181748873413 -11600 OK|590+/-4
192-168-0-110 node-2 24 44 15 600 1172 11.97241870834666666666 .00591634324653523039 .002 .41652049245333333333 .05626159629495726074 .00047169811320754716 4.98675773625805458763 .00570847745690351395 -11667 OK|591+/-4
192-168-0-110 node-2 24 44 15 600 997 11.97239802110666666666 .00702639303431317810 .002 .40677544285666666666 .07508219382704626485 .00047169811320754716 4.87007750709194396714 .00570565617801048628 -11417 OK|591+/-4
192-168-0-110 node-2 24 44 15 600 172 11.97232509966000000000 .00722353688318159624 .002 .39073303107000000000 .06886715922558792943 .00047169811320754716 4.67798287514559162643 .00570113568354571438 -10807 OK|590+/-2
192-168-0-110 node-2 24 44 15 600 122 11.97232308782666666666 .00710696214374535063 .002 .39048328016333333333 .06806068559557816392 .00047169811320754716 4.67499199050976430910 .00570106629727284437 -10682 OK|590+/-3
192-168-0-110 node-2 24 44 15 600 347 11.97234195457333333333 .00716342591865182340 .002 .39537129122666666666 .07042806051187285989 .00047169811320754716 4.73352029758685299712 .00570242251196752519 -11049 OK|590+/-3
192-168-0-110 node-2 24 44 15 600 1122 11.97241585877333333333 .00697809155618599274 .002 .40891619431000000000 .07616725299756070978 .00047169811320754716 4.89571472966628189157 .00570627656424335167 -11549 OK|591+/-4
192-168-0-110 node-2 24 44 15 600 597 11.97236374753333333333 .00701979419382759824 .002 .39994512542333333333 .07271888510033004555 .00047169811320754716 4.78828852062098809474 .00570370837197276417 -11214 OK|591+/-4
192-168-0-110 node-2 24 44 15 600 1097 11.97241511500000000000 .00693698997713524161 .002 .40871781589000000000 .07535231589460118093 .00047169811320754716 4.89333935673122317735 .00570621936673106968 -11560 OK|590+/-3
192-168-0-110 node-2 24 44 15 600 1047 11.97240958932666666666 .00697887344483782783 .002 .40739596400000000000 .07545743442006715126 .00047169811320754716 4.87751134604658147757 .00570583866718515096 -11406 OK|590+/-4
192-168-0-110 node-2 24 44 15 600 272 11.97233813904666666666 .00713607350090155601 .002 .39414695087333333333 .06932713560667711583 .00047169811320754716 4.71886057232976154905 .00570208169188701206 -10914 OK|591+/-3
192-168-0-110 node-2 24 44 15 600 1247 11.97242962126666666666 .00684230072593703455 .002 .41183663399333333333 .07603324920426467155 .00047169811320754716 4.93068511594454261888 .00570712303938528120 -11568 OK|590+/-4
192-168-0-110 node-2 24 44 15 600 1347 11.97243834272000000000 .00681429057899719888 .002 .41279990474000000000 .07648534240845716878 .00047169811320754716 4.94222140738033947249 .00570740547403895249 -11551 OK|591+/-6
192-168-0-110 node-2 24 44 15 600 922 11.97240984436000000000 .00695511488086186898 .002 .40566328213333333333 .07442841156063831320 .00047169811320754716 4.85676707250850810206 .00570534496438535870 -11450 OK|591+/-3
192-168-0-110 node-2 24 44 15 600 1222 11.97243071453333333333 .00677975432748153345 .002 .41056129719666666666 .07539405426425708630 .00047169811320754716 4.91541668475602012351 .00570675598513880388 -12005 OK|591+/-3
192-168-0-110 node-2 24 44 15 600 147 11.97233197058000000000 .00704830548969386754 .002 .39147304365666666666 .06754852026156841860 .00047169811320754716 4.68684523619097040220 .00570134195234070747 -10865 OK|590+/-4
192-168-0-110 node-2 24 44 15 600 322 11.97235306526000000000 .00711046562080048383 .002 .39551047279666666666 .06970218018687511606 .00047169811320754716 4.73519102132960401129 .00570246630886719750 -10977 OK|590+/-4
192-168-0-110 node-2 24 44 15 600 1072 11.97241310273333333333 .00692627141944580309 .002 .40831962920333333333 .07508677345132674962 .00047169811320754716 4.88857127877720421678 .00570610439851612511 -11500 OK|590+/-3
192-168-0-110 node-2 24 44 15 600 97 11.97234218442000000000 .00711755198139523811 .002 .38996806422333333333 .06710583325277336767 .00047169811320754716 4.66883110587762145069 .00570093415698627675 -10893 OK|590+/-3
192-168-0-110 node-2 24 44 15 600 1297 11.97243443124000000000 .00678944837669032726 .002 .41191530986666666666 .07563428869192465949 .00047169811320754716 4.93162903860257369348 .00570714799619251244 -11408 OK|590+/-3
192-168-0-110 node-2 24 44 15 600 747 11.97238437234666666666 .00693264616514219554 .002 .40227437452666666666 .07309109494463957700 .00047169811320754716 4.81618343497859401367 .00570437317776699984 -11263 OK|591+/-4
192-168-0-110 node-2 24 44 15 600 647 11.97240727096000000000 .00582341198659038376 .002 .40691363517333333333 .05010679177841385785 .00047169811320754716 4.87173576440198079985 .00570569991187830171 -11171 OK|590+/-3
192-168-0-110 node-2 24 44 15 600 1447 11.97243968786000000000 .00679036830931193819 .002 .41400603855666666666 .07695626731791309016 .00047169811320754716 4.95666232702953339150 .00570775554539989037 -11708 OK|591+/-4
192-168-0-110 node-2 24 44 15 600 1397 11.97243609452666666666 .00690919562470374043 .002 .41371597977333333333 .07795657174103050729 .00047169811320754716 4.95318812912072035466 .00570766974076340632 -11806 OK|590+/-4
192-168-0-110 node-2 24 44 15 600 1272 11.97241674193666666666 .00690804629992462123 .002 .41033258389000000000 .07720393010060340011 .00047169811320754716 4.91267269712676775606 .00570668366344211863 -11601 OK|591+/-3
192-168-0-110 node-2 24 44 15 600 472 11.97235110230000000000 .00723783811617368864 .002 .39700583255000000000 .07245534204278289293 .00047169811320754716 4.75309321694952171986 .00570288102047547016 -11290 OK|590+/-3
192-168-0-110 node-2 24 44 15 600 222 11.97233959537333333333 .00724671725257584339 .002 .39292295335333333333 .07008350564685994594 .00047169811320754716 4.70420703236314192777 .00570174446054335462 -11071 OK|591+/-3
192-168-0-110 node-2 24 44 15 600 972 11.97239575986000000000 .00716619476949733902 .002 .40551107643666666666 .07568542196565692993 .00047169811320754716 4.85493909210661235775 .00570529510746309511 -11458 OK|590+/-4
192-168-0-110 node-2 24 44 15 600 297 11.97234677175333333333 .00722606358430415003 .002 .39410197493000000000 .07096610951881176366 .00047169811320754716 4.71832550729479860547 .00570207328997257277 -10946 OK|590+/-3
192-168-0-110 node-2 24 44 15 600 797 11.97237685830000000000 .00707490962035616607 .002 .40397729826000000000 .07489216852698300129 .00047169811320754716 4.83656845696658085655 .00570485102865669490 -11456 OK|590+/-3
192-168-0-110 node-2 24 44 15 600 422 11.97235685684666666666 .00718547692974628789 .002 .39706515292000000000 .07207921652364060165 .00047169811320754716 4.75380570617663224898 .00570290022798920970 -11160 OK|591+/-3
192-168-0-110 node-2 24 44 15 600 1197 11.97241064004000000000 .00697344002343424905 .002 .40930916227000000000 .07693287917003019853 .00047169811320754716 4.90041736942720691929 .00570638682260242676 -11478 OK|590+/-3
192-168-0-110 node-2 24 44 15 600 1372 11.97243471492666666666 .00693424490758544307 .002 .41319640370333333333 .07793055969176937625 .00047169811320754716 4.94696696778064149156 .00570751854521458037 -11579 OK|591+/-4
192-168-0-110 node-2 24 44 15 600 722 11.97237031250000000000 .00713569092982316324 .002 .40104778879666666666 .07485517153561668627 .00047169811320754716 4.80149264048298209887 .00570402113168966967 -11264 OK|591+/-4
192-168-0-110 node-2 24 44 15 600 1422 11.97242501573333333333 .00697711413313732098 .002 .41341678594000000000 .07839931986026026839 .00047169811320754716 4.94960146991212859878 .00570757785342728461 -11630 OK|591+/-4
192-168-0-110 node-2 24 44 15 600 547 11.97237004656666666666 .00724642313885449971 .002 .39810896577666666666 .07377230878008806028 .00047169811320754716 4.76630785713419820625 .00570319746571043864 -11153 OK|590+/-4
192-168-0-110 node-2 24 44 15 600 872 11.97240444304666666666 .00711022772395258308 .002 .40471920208333333333 .07599051000106546021 .00047169811320754716 4.84546197320880175230 .00570507424336582757 -11555 OK|591+/-3
192-168-0-110 node-2 24 44 15 600 897 11.97238640239333333333 .00711329922613357661 .002 .40451240162333333333 .07595898352936055495 .00047169811320754716 4.84297877679466693717 .00570500715243655939 -11420 OK|591+/-4
192-168-0-110 node-2 24 44 15 600 1022 11.97238847548666666666 .00711498508733281885 .002 .40698367572000000000 .07641681448391884327 .00047169811320754716 4.87256666890133071584 .00570571111879099080 -11415 OK|591+/-4
192-168-0-110 node-2 24 44 15 600 672 11.97237219170000000000 .00717790918580882437 .002 .40087702206000000000 .07451479275388257113 .00047169811320754716 4.79944891120265144890 .00570397399312215220 -11276 OK|591+/-4
192-168-0-110 node-2 24 44 15 600 697 11.97236642030000000000 .00714443861385144802 .002 .40128585737000000000 .07442661819467326610 .00047169811320754716 4.80434132371788327261 .00570408628757156425 -11279 OK|591+/-3
192-168-0-110 node-2 24 44 15 600 847 11.97239137585333333333 .00711130119106972574 .002 .40379954906333333333 .07534388536516326027 .00047169811320754716 4.83444623877931694390 .00570480747067250202 -11469 OK|590+/-3
192-168-0-110 node-2 12 44 15 300 522 11.97215996449333333333 .00717906619629907786 .002 .35754683627000000000 .07341255645091395405 .00047169811320754716 4.28060791862294686683 .00569234029709391144 -4045 OK|289+/-2
192-168-0-110 node-2 12 44 15 300 822 11.97219260429333333333 .00718692605958046920 .002 .36156928452333333333 .07575204930469806115 .00047169811320754716 4.32877711410988332217 .00569337179351219956 -4039 OK|290+/-1
192-168-0-110 node-2 12 44 15 300 1147 11.97221152582666666666 .00713659999963928831 .002 .36644736729333333333 .07620711304638903909 .00047169811320754716 4.38718539431808321258 .00569462803768834404 -4073 OK|290+/-1
192-168-0-110 node-2 12 44 15 300 247 11.97216330682000000000 .00723498887025782922 .002 .35306440477000000000 .06945146175152878659 .00047169811320754716 4.22694471173163818153 .00569122261026776389 -4030 OK|290+/-2
192-168-0-110 node-2 12 44 15 300 572 11.97217721777333333333 .00713550551016611996 .002 .35817551057333333333 .07326358422873691442 .00047169811320754716 4.28814068765039300254 .00569250646037194937 -4054 OK|290+/-1
192-168-0-110 node-2 12 44 15 300 497 11.97217412962666666666 .00725116403742989253 .002 .35665770067000000000 .07254321770170383474 .00047169811320754716 4.26996809709350545884 .00569212380621388540 -4012 OK|290+/-1
192-168-0-110 node-2 12 44 15 300 772 11.97217630290000000000 .00724983067992633949 .002 .36145196923666666666 .07582541752769263703 .00047169811320754716 4.32736670073176046837 .00569333436977506354 -4097 OK|290+/-2
192-168-0-110 node-2 12 44 15 300 622 11.97217378984000000000 .00712727980779279915 .002 .35912806659333333333 .07426517263150490569 .00047169811320754716 4.29954362606461943137 .00569274491138432708 -4017 OK|290+/-1
192-168-0-110 node-2 12 44 15 300 1472 11.97223838920000000000 .00713942964768024519 .002 .37117019972333333333 .07475649418246051009 .00047169811320754716 4.44373811405472255228 .00569586395396735665 -4072 OK|290+/-2
192-168-0-110 node-2 12 44 15 300 447 11.97216094418000000000 .00728608843444407419 .002 .35598985635000000000 .07232087262288175536 .00047169811320754716 4.26196785471771856854 .00569195040632627174 -4002 OK|290+/-2
192-168-0-110 node-2 12 44 15 300 397 11.97215985102000000000 .00724430647966568225 .002 .35490080407000000000 .07117993305052369196 .00047169811320754716 4.24892915758156940965 .00569167785593942500 -4001 OK|290+/-2
192-168-0-110 node-2 12 44 15 300 947 11.97220328369333333333 .00715553631153466441 .002 .36448074148333333333 .07632145673165614617 .00047169811320754716 4.36363753002974427050 .00569411931104452798 -4067 OK|290+/-1
192-168-0-110 node-2 12 44 15 300 72 11.97213928446000000000 .00724664161148123289 .002 .35112807511000000000 .06639819630040993545 .00047169811320754716 4.20375422190125253579 .00569073216935160725 -4010 OK|290+/-1
192-168-0-110 node-2 12 44 15 300 197 11.97215138835333333333 .00727783937096910995 .002 .35250602463000000000 .06860108825607797710 .00047169811320754716 4.22025549217696881514 .00569107857939722881 -4004 OK|290+/-1
192-168-0-110 node-2 12 44 15 300 372 11.97215945930666666666 .00722901224914195175 .002 .35530234867000000000 .07126068301102808367 .00047169811320754716 4.25373637454341595645 .00569177788058062047 -4024 OK|290+/-1
192-168-0-110 node-2 12 44 15 300 1322 11.97224116538000000000 .00711261174513100848 .002 .36919973386333333333 .07555021915716649276 .00047169811320754716 4.42014825200593971627 .00569535297219058232 -4085 OK|290+/-1
192-168-0-110 node-2 12 44 15 300 1172 11.97222074256666666666 .00712914365134822837 .002 .36739710247333333333 .07626104296004994796 .00047169811320754716 4.39855921099013252657 .00569487712093119793 -4081 OK|290+/-2
192-168-0-110 node-2 12 44 15 300 997 11.97221675876666666666 .00715997701029659521 .002 .36460672113333333333 .07628344196664236977 .00047169811320754716 4.36515069711145790522 .00569415787620154153 -4117 OK|290+/-1
192-168-0-110 node-2 12 44 15 300 172 11.97215073528666666666 .00724563983310023628 .002 .35187466050333333333 .06811816653883615341 .00047169811320754716 4.21269647547372837258 .00569092198460150831 -3991 OK|290+/-2
192-168-0-110 node-2 12 44 15 300 122 11.97214402343333333333 .00730739745127104606 .002 .35117348794333333333 .06725962951062143376 .00047169811320754716 4.20429957486901590743 .00569074559654324294 -3980 OK|289+/-0
192-168-0-110 node-2 12 44 15 300 347 11.97215720872666666666 .00718762475713815627 .002 .35552569809333333333 .07101174161695250197 .00047169811320754716 4.25640954931568119731 .00569183261382821762 -4073 OK|290+/-2
192-168-0-110 node-2 12 44 15 300 1122 11.97222850122666666666 .00625192606359646898 .002 .36990585739333333333 .06515505938432937933 .00047169811320754716 4.42859744865515222836 .00569553031836366138 -4082 OK|290+/-2
192-168-0-110 node-2 12 44 15 300 597 11.97218672316666666666 .00717016084173744041 .002 .35839951791000000000 .07358187217550686967 .00047169811320754716 4.29082594991143596191 .00569256730435058975 -4004 OK|290+/-2
192-168-0-110 node-2 12 44 15 300 1097 11.97220958745333333333 .00731881450119422824 .002 .36588823622333333333 .07670308006366625718 .00047169811320754716 4.38049064964938134014 .00569448331935093475 -4054 OK|290+/-1
192-168-0-110 node-2 12 44 15 300 1047 11.97221103584666666666 .00723257807783922371 .002 .36515701023000000000 .07664397926486376777 .00047169811320754716 4.37173678769238015670 .00569429624744780028 -4052 OK|290+/-1
192-168-0-110 node-2 12 44 15 300 272 11.97215525374000000000 .00734437373202333637 .002 .35343870126000000000 .07037274704071333842 .00047169811320754716 4.23142300416495135771 .00569131176993925188 -4005 OK|290+/-1
192-168-0-110 node-2 12 44 15 300 1247 11.97220961155333333333 .00726544556599066537 .002 .36798043276333333333 .07646345034616677582 .00047169811320754716 4.40553887399273446115 .00569502256296862795 -4092 OK|290+/-2
192-168-0-110 node-2 12 44 15 300 1347 11.97221720846666666666 .00721252715885135298 .002 .36912439507333333333 .07598831690350003935 .00047169811320754716 4.41923743476180980624 .00569532223379039721 -4057 OK|290+/-1
192-168-0-110 node-2 12 44 15 300 922 11.97219100534666666666 .00725694278478249268 .002 .36340697342000000000 .07657309495624633187 .00047169811320754716 4.35077769845917917121 .00569383903740559476 -4073 OK|290+/-1
192-168-0-110 node-2 12 44 15 300 1222 11.97221051578666666666 .00727225183665417557 .002 .36756795672333333333 .07642413014918336196 .00047169811320754716 4.40060095674930973842 .00569491643711991352 -4070 OK|290+/-1
192-168-0-110 node-2 12 44 15 300 147 11.97215095652000000000 .00734674398387204112 .002 .35178810322666666666 .06834949536777264568 .00047169811320754716 4.21166027653749383162 .00569090068310195165 -4023 OK|290+/-2
192-168-0-110 node-2 12 44 15 300 322 11.97215820712000000000 .00731031741419734455 .002 .35390846327000000000 .07102129858441458841 .00047169811320754716 4.23704811310715757248 .00569142992018221199 -4010 OK|290+/-2
192-168-0-110 node-2 12 44 15 300 1072 11.97221999993333333333 .00725336829805106546 .002 .36584850374333333333 .07684027687477045582 .00047169811320754716 4.38001877346162029970 .00569447797898820221 -4041 OK|290+/-2
192-168-0-110 node-2 12 44 15 300 97 11.97212948368000000000 .00725497683241716354 .002 .35106537451666666666 .06704086117482974382 .00047169811320754716 4.20300012095014632947 .00569071210808320719 -4004 OK|290+/-2
192-168-0-110 node-2 12 44 15 300 1297 11.97222963253333333333 .00716042421964077907 .002 .36824015524333333333 .07614617848039009363 .00047169811320754716 4.40865569849291025320 .00569509907806452038 -4121 OK|290+/-1
192-168-0-110 node-2 12 44 15 300 747 11.97219963954666666666 .00724195761871336554 .002 .36043264640333333333 .07564855245828994823 .00047169811320754716 4.31517159935083849505 .00569308679369534291 -4045 OK|290+/-1
192-168-0-110 node-2 12 44 15 300 647 11.97218780184000000000 .00713399839888799386 .002 .35898597740000000000 .07446254080005572775 .00047169811320754716 4.29784753965988991841 .00569271562010877371 -4033 OK|290+/-2
192-168-0-110 node-2 12 44 15 300 1447 11.97224681822000000000 .00706184989824592490 .002 .37165195962000000000 .07501293548725795712 .00047169811320754716 4.44950899104577292027 .00569599355130280409 -4091 OK|290+/-2
192-168-0-110 node-2 12 44 15 300 1397 11.97222783223333333333 .00710165818561301146 .002 .37067246952666666666 .07567503159807993063 .00047169811320754716 4.43777525630982077566 .00569572936405704497 -4111 OK|290+/-2
192-168-0-110 node-2 12 44 15 300 1272 11.97222443623333333333 .00719090859866739788 .002 .36875880436000000000 .07654660666282481891 .00047169811320754716 4.41486316863497906197 .00569523088210640763 -4086 OK|290+/-2
192-168-0-110 node-2 12 44 15 300 472 11.97218380002666666666 .00730783805639676583 .002 .35664914062666666666 .07325981229109950353 .00047169811320754716 4.26986906370401115833 .00569212618636690449 -4057 OK|290+/-2
192-168-0-110 node-2 12 44 15 300 222 11.97215542581333333333 .00734894199095200505 .002 .35249672039000000000 .06957156060465829071 .00047169811320754716 4.22014552359854394833 .00569107816399794758 -3991 OK|290+/-1
192-168-0-110 node-2 12 44 15 300 972 11.97220743809333333333 .00722724291189717242 .002 .36399963507000000000 .07681812450405828861 .00047169811320754716 4.35787913844831294993 .00569399815201137205 -4046 OK|290+/-2
192-168-0-110 node-2 12 44 15 300 297 11.97216252513333333333 .00734119331976072538 .002 .35413714217000000000 .07067124174947856680 .00047169811320754716 4.23978742224548946487 .00569148883872321935 -4025 OK|290+/-2
192-168-0-110 node-2 12 44 15 300 797 11.97218529135333333333 .00730040961551576775 .002 .36104954056666666666 .07583093674551400845 .00047169811320754716 4.32255199902212530915 .00569323643560072516 -4056 OK|290+/-2
192-168-0-110 node-2 12 44 15 300 422 11.97216806176666666666 .00724669482531205463 .002 .35605202725000000000 .07203737712079934951 .00047169811320754716 4.26271470896972488313 .00569196929197740753 -4040 OK|290+/-1
192-168-0-110 node-2 12 44 15 300 1197 11.97220545931333333333 .00728507206037211000 .002 .36695729427333333333 .07649101240784767603 .00047169811320754716 4.39328812183405072362 .00569475654430432609 -4065 OK|289+/-2
192-168-0-110 node-2 12 44 15 300 1372 11.97223534946000000000 .00722751002637480330 .002 .36987375585000000000 .07619476930138197097 .00047169811320754716 4.42821565462490746934 .00569552518209939003 -4107 OK|290+/-2
192-168-0-110 node-2 12 44 15 300 722 11.97219557628000000000 .00709736731758878955 .002 .36003913231000000000 .07419301531011786166 .00047169811320754716 4.31045890712947161760 .00569298529155546123 -4040 OK|290+/-1
192-168-0-110 node-2 12 44 15 300 1422 11.97223254414666666666 .00715387629375416443 .002 .37112329866000000000 .07563854102913896712 .00047169811320754716 4.44317443410831500817 .00569584899593061543 -4063 OK|290+/-2
192-168-0-110 node-2 12 44 15 300 547 11.97217452516666666666 .00718165339969507369 .002 .35790074653666666666 .07349097498950488607 .00047169811320754716 4.28485020022441276942 .00569243607326788080 -4059 OK|290+/-2
192-168-0-110 node-2 12 44 15 300 872 11.97219916704000000000 .00724942907482495065 .002 .36307898382666666666 .07671121927136211768 .00047169811320754716 4.34685390773934829832 .00569375915778244522 -4085 OK|290+/-2
192-168-0-110 node-2 12 44 15 300 897 11.97219512824000000000 .00725390688805039528 .002 .36286206597666666666 .07648222883073097785 .00047169811320754716 4.34425545850895012410 .00569370195491541776 -4063 OK|290+/-2
192-168-0-110 node-2 12 44 15 300 1022 11.97221982762000000000 .00724577032077636311 .002 .36566489941000000000 .07712085516617572829 .00047169811320754716 4.37782055898107483970 .00569443072651159309 -4062 OK|290+/-1
192-168-0-110 node-2 12 44 15 300 672 11.97219097542666666666 .00723040661897211213 .002 .35949310376000000000 .07488167343584095563 .00047169811320754716 4.30392009256359429026 .00569284511275028718 -4042 OK|290+/-2
192-168-0-110 node-2 12 44 15 300 697 11.97218241826000000000 .00730781254221574432 .002 .35969639307000000000 .07520591365619828822 .00047169811320754716 4.30635083302419210545 .00569289247243743661 -4018 OK|290+/-2
192-168-0-110 node-2 12 44 15 300 847 11.97219542574000000000 .00727535680610930380 .002 .36241958081333333333 .07650813097138607384 .00047169811320754716 4.33895804761199760209 .00569358936268664795 -4075 OK|290+/-1
192-168-0-110 node-2 12 44 15 400 522 11.97224405234666666666 .00740880711272036896 .002 .37338068985333333333 .07711658287644807313 .00047169811320754716 4.47020474335766539148 .00569644447377511352 -5969 OK|390+/-2
192-168-0-110 node-2 12 44 15 400 822 11.97229100287333333333 .00733961677934390727 .002 .38042539168000000000 .07952780815974260471 .00047169811320754716 4.55456349407502783875 .00569833055679634120 -5998 OK|390+/-1
192-168-0-110 node-2 12 44 15 400 1147 11.97231325722000000000 .00726164972114739984 .002 .38640633461333333333 .07813231514265339974 .00047169811320754716 4.62617768256499802920 .00569995045637560344 -6073 OK|390+/-1
192-168-0-110 node-2 12 44 15 400 247 11.97223446006000000000 .00735430092708150473 .002 .36853498813000000000 .07318246440414816551 .00047169811320754716 4.41218728462778905908 .00569517762061709274 -5987 OK|390+/-1
192-168-0-110 node-2 12 44 15 400 572 11.97226474792000000000 .00732799320349509467 .002 .37443286498666666666 .07752843987901010877 .00047169811320754716 4.48280938994255819408 .00569673039773752589 -5936 OK|390+/-1
192-168-0-110 node-2 12 44 15 400 497 11.97225761884666666666 .00738991610096998327 .002 .37401024091000000000 .07711839371122337957 .00047169811320754716 4.47774695626142475634 .00569661601331004844 -6033 OK|390+/-2
192-168-0-110 node-2 12 44 15 400 772 11.97227402758000000000 .00736805408454651953 .002 .37860203205666666666 .07891567772952374974 .00047169811320754716 4.53272727518104090404 .00569783685062695525 -5957 OK|390+/-1
192-168-0-110 node-2 12 44 15 400 622 11.97226653243333333333 .00723103042597098605 .002 .37510459606333333333 .07753150187252583590 .00047169811320754716 4.49085220161096994394 .00569690799312826185 -5903 OK|390+/-2
192-168-0-110 node-2 12 44 15 400 1472 11.97235130483333333333 .00719158382951928190 .002 .39251937355666666666 .07483686821706342095 .00047169811320754716 4.69937983417352076244 .00570163874012423817 -6086 OK|390+/-2
192-168-0-110 node-2 12 44 15 400 447 11.97224995699333333333 .00735596493753318742 .002 .37263844354666666666 .07615883038104775838 .00047169811320754716 4.46132058972564267112 .00569625281924719700 -5983 OK|390+/-1
192-168-0-110 node-2 12 44 15 400 397 11.97224616721333333333 .00737417296455469642 .002 .37107531854333333333 .07559438759812233084 .00047169811320754716 4.44260506017788925798 .00569584286299509319 -5932 OK|390+/-2
192-168-0-110 node-2 12 44 15 400 947 11.97229204736666666666 .00715294937429581560 .002 .38294617996666666666 .07887678397830915532 .00047169811320754716 4.58474350498436765767 .00569900639512510812 -6021 OK|390+/-1
192-168-0-110 node-2 12 44 15 400 72 11.97220968689333333333 .00736629497380487811 .002 .36542116091666666666 .06998098924311604763 .00047169811320754716 4.37489876252232420917 .00569436339707082796 -5897 OK|390+/-2
192-168-0-110 node-2 12 44 15 400 197 11.97223109040000000000 .00725626247721086092 .002 .36815955652000000000 .07124593052429249491 .00047169811320754716 4.40769128879662002940 .00569507891643532802 -5895 OK|390+/-2
192-168-0-110 node-2 12 44 15 400 372 11.97224456378000000000 .00735375757668693005 .002 .37112203374666666666 .07541668405151112343 .00047169811320754716 4.44316375102250770561 .00569585428755308925 -5955 OK|390+/-2
192-168-0-110 node-2 12 44 15 400 1322 11.97233509524666666666 .00721774586062105888 .002 .39063340193666666666 .07678149498878751722 .00047169811320754716 4.67679398738195153971 .00570111304465182395 -6091 OK|390+/-1
192-168-0-110 node-2 12 44 15 400 1172 11.97231608136666666666 .00718075745637173571 .002 .38759988239000000000 .07765692495361555790 .00047169811320754716 4.64046830507362567046 .00570027591479778985 -6017 OK|389+/-2
192-168-0-110 node-2 12 44 15 400 997 11.97229073514000000000 .00718900339807973870 .002 .38321489952333333333 .07832427498735654061 .00047169811320754716 4.58796019113080966887 .00569907803337145840 -5990 OK|390+/-2
192-168-0-110 node-2 12 44 15 400 172 11.97222792299333333333 .00736373294040819285 .002 .36721792284333333333 .07201199660510187305 .00047169811320754716 4.39641666968856676820 .00569483425262631853 -5899 OK|390+/-2
192-168-0-110 node-2 12 44 15 400 122 11.97221966109333333333 .00722122778465301286 .002 .36598541464333333333 .06975380209702116445 .00047169811320754716 4.38165777686631127456 .00569451301097237374 -5856 OK|390+/-1
192-168-0-110 node-2 12 44 15 400 347 11.97223665680000000000 .00731717041136507357 .002 .37029485837333333333 .07474681577985717767 .00047169811320754716 4.43325767724178575289 .00569563524222087364 -5903 OK|390+/-2
192-168-0-110 node-2 12 44 15 400 1122 11.97231739467333333333 .00725452877555109088 .002 .38605883305666666666 .07818713331713109361 .00047169811320754716 4.62201888237161880183 .00569985820145414143 -5982 OK|390+/-2
192-168-0-110 node-2 12 44 15 400 597 11.97227116553333333333 .00713468257639050540 .002 .37552945701666666666 .07693363849480890494 .00047169811320754716 4.49594049004902763474 .00569702211914675560 -5934 OK|390+/-2
192-168-0-110 node-2 12 44 15 400 1097 11.97232088306000000000 .00722455553898052264 .002 .38539801364666666666 .07819889396549752473 .00047169811320754716 4.61410868707183019741 .00569968094957879988 -6040 OK|390+/-2
192-168-0-110 node-2 12 44 15 400 1047 11.97230418666666666666 .00716660693815459436 .002 .38455167185666666666 .07880538668055922635 .00047169811320754716 4.60396959095923650649 .00569944448274932317 -6000 OK|390+/-2
192-168-0-110 node-2 12 44 15 400 272 11.97223223837333333333 .00732937355056171427 .002 .36884468441333333333 .07366178733616399454 .00047169811320754716 4.41589422168594746584 .00569525677639259738 -5865 OK|390+/-2
192-168-0-110 node-2 12 44 15 400 1247 11.97232850480000000000 .00713703135207013224 .002 .38940160958000000000 .07743698916837411770 .00047169811320754716 4.66204399018963475598 .00570077288370075571 -6090 OK|390+/-2
192-168-0-110 node-2 12 44 15 400 1347 11.97234078298000000000 .00708990230747867286 .002 .39095631586000000000 .07599335665576365689 .00047169811320754716 4.68066224473428859206 .00570120424077834629 -6043 OK|390+/-2
192-168-0-110 node-2 12 44 15 400 922 11.97231309063333333333 .00705881712080591729 .002 .38250932963666666666 .07776195837714253766 .00047169811320754716 4.57952145449844518598 .00569889888004154535 -5994 OK|390+/-2
192-168-0-110 node-2 12 44 15 400 1222 11.97235890016000000000 .00685351414998218122 .002 .38940528551000000000 .07524092610318704463 .00047169811320754716 4.66209983574499438468 .00570078809107948863 -6018 OK|390+/-1
192-168-0-110 node-2 12 44 15 400 147 11.97223937192000000000 .00712151161320458003 .002 .36732276054333333333 .06971776102289626734 .00047169811320754716 4.39767601597923762456 .00569486665258022876 -5866 OK|390+/-2
192-168-0-110 node-2 12 44 15 400 322 11.97225965763333333333 .00707666651591564331 .002 .37089600068000000000 .07224770233036074151 .00047169811320754716 4.44046322611870936718 .00569580245418225859 -5966 OK|390+/-1
192-168-0-110 node-2 12 44 15 400 1072 11.97232872838666666666 .00699127386300238420 .002 .38509140769000000000 .07666489038896664352 .00047169811320754716 4.61044092334184912929 .00569960172096834850 -5988 OK|390+/-2
192-168-0-110 node-2 12 44 15 400 97 11.97223143341333333333 .00684467159331185735 .002 .36630098674333333333 .06663210167517042802 .00047169811320754716 4.38544018757885604434 .00569459967927509194 -5848 OK|390+/-2
192-168-0-110 node-2 12 44 15 400 1297 11.97232383444666666666 .00688790788813282113 .002 .39002430090000000000 .07467240880915598975 .00047169811320754716 4.66949723367846850499 .00570094097114339888 -6061 OK|390+/-1
192-168-0-110 node-2 12 44 15 400 747 11.97228194657333333333 .00738348083826884594 .002 .37865834937333333333 .07987949784295853396 .00047169811320754716 4.53340452012161653410 .00569785552233626752 -6009 OK|390+/-2
192-168-0-110 node-2 12 44 15 400 647 11.97227311445333333333 .00727759835111645605 .002 .37629606026000000000 .07837562237028629701 .00047169811320754716 4.50511920532550939695 .00569722536123602977 -5998 OK|390+/-2
192-168-0-110 node-2 12 44 15 400 1447 11.97234420995333333333 .00717791371519914134 .002 .39220824695333333333 .07536773933706784143 .00047169811320754716 4.69565213450768742196 .00570154978274550541 -6056 OK|390+/-2
192-168-0-110 node-2 12 44 15 400 1397 11.97233922415333333333 .00673593973672140270 .002 .39230092886666666666 .07128141017929333775 .00047169811320754716 4.69675979834218000847 .00570157295855014469 -6283 OK|390+/-1
192-168-0-110 node-2 12 44 15 400 1272 11.97234770145333333333 .00646600967498144175 .002 .39144873429333333333 .07673556121274652377 .00047169811320754716 4.68656035425360595246 .00570134262582954489 -6033 OK|390+/-2
192-168-0-110 node-2 12 44 15 400 472 11.97227553286666666666 .00644299882664633425 .002 .37503554390333333333 .07543065770457443764 .00047169811320754716 4.49002886622922024458 .00569689401674659469 -5941 OK|390+/-1
192-168-0-110 node-2 12 44 15 400 222 11.97224966821333333333 .00676255263715643842 .002 .36837912833333333333 .06888810882108261483 .00047169811320754716 4.41032689696546694066 .00569514439962672676 -5966 OK|390+/-2
192-168-0-110 node-2 12 44 15 400 972 11.97233173534666666666 .00645831583613329257 .002 .38542041340000000000 .07133741784409999220 .00047169811320754716 4.61438104679925165897 .00569969208018274352 -5970 OK|390+/-2
192-168-0-110 node-2 12 44 15 400 297 11.97224928165333333333 .00735065629844062223 .002 .36882599645666666666 .07371236119395138504 .00047169811320754716 4.41567677113340236526 .00569525990689043444 -5910 OK|390+/-2
192-168-0-110 node-2 12 44 15 400 797 11.97228764546666666666 .00703015321992964104 .002 .37912201175000000000 .07688215746313737012 .00047169811320754716 4.53895777739899343423 .00569798151384100315 -5956 OK|390+/-2
192-168-0-110 node-2 12 44 15 400 422 11.97225312790666666666 .00689347861651561228 .002 .37189523589666666666 .07171953013649301244 .00047169811320754716 4.45242390121745516267 .00569606001563639162 -6052 OK|389+/-2
192-168-0-110 node-2 12 44 15 400 1197 11.97232456745333333333 .00713104079785783514 .002 .38730544618333333333 .07731797337591764820 .00047169811320754716 4.63694650844919652151 .00570019982764436601 -6067 OK|390+/-2
192-168-0-110 node-2 12 44 15 400 1372 11.97234702240666666666 .00725168271361517857 .002 .39036533531666666666 .07692133598302117009 .00047169811320754716 4.67358925992927416324 .00570104517199349333 -6033 OK|390+/-2
192-168-0-110 node-2 12 44 15 400 722 11.97227188069333333333 .00752645413681848990 .002 .37659628160666666666 .08052699815604489400 .00047169811320754716 4.50871307265316330903 .00569730413275375531 -5989 OK|390+/-1
192-168-0-110 node-2 12 44 15 400 1422 11.97232722210666666666 .00754984858569721118 .002 .39074602459000000000 .07753184051987133963 .00047169811320754716 4.67813926712881796493 .00570114023740300217 -6067 OK|390+/-1
192-168-0-110 node-2 12 44 15 400 547 11.97224004298000000000 .00761070776323255234 .002 .37369022175333333333 .07938966531193519643 .00047169811320754716 4.47390903654533319758 .00569652378661848036 -5938 OK|390+/-1
192-168-0-110 node-2 12 44 15 400 872 11.97228265471333333333 .00757174735651491147 .002 .38018517245333333333 .08124541356913599082 .00047169811320754716 4.55168434574224004745 .00569826252513420883 -5978 OK|390+/-2
192-168-0-110 node-2 12 44 15 400 897 11.97229394574000000000 .00754396317460991123 .002 .38031879748666666666 .08108902704063509522 .00047169811320754716 4.55328843660073646162 .00569830347115932129 -5985 OK|390+/-2
192-168-0-110 node-2 12 44 15 400 1022 11.97229891181333333333 .00746491877771560016 .002 .38381489984666666666 .08095894146743303195 .00047169811320754716 4.59514670777199085210 .00569924335902761393 -6128 OK|390+/-1
192-168-0-110 node-2 12 44 15 400 672 11.97226426354666666666 .00748536751449069266 .002 .37632403959000000000 .08006914788830292335 .00047169811320754716 4.50545085069687798047 .00569722861516953697 -5996 OK|390+/-2
192-168-0-110 node-2 12 44 15 400 697 11.97227178197333333333 .00741477972220565228 .002 .37616522554000000000 .07986389337645526945 .00047169811320754716 4.50355231509217663959 .00569719017810453647 -6005 OK|390+/-2
192-168-0-110 node-2 12 44 15 400 847 11.97225723569333333333 .00757165810053715711 .002 .37935350140000000000 .08087367913851899627 .00047169811320754716 4.54171770202175105663 .00569802892557378651 -5932 OK|390+/-2
192-168-0-110 node-2 48 44 15 700 522 11.97238780026666666666 .00747552286898027889 .002 .40275281454000000000 .07302922582318975740 .00047169811320754716 4.82191288332175936254 .00570450981618935160 -13055 OK|691+/-4
192-168-0-110 node-2 48 44 15 700 822 11.97239472754000000000 .00746409950709195596 .002 .40670593333333333333 .07426220488498262202 .00047169811320754716 4.86924397189923473729 .00570563481969706242 -12850 OK|691+/-4
192-168-0-110 node-2 48 44 15 700 1147 11.97241302437333333333 .00730562981641254390 .002 .41071045661666666666 .07510252490447080814 .00047169811320754716 4.91719522004369887918 .00570679065917196493 -12446 OK|691+/-4
192-168-0-110 node-2 48 44 15 700 247 11.97235444210666666666 .00748177554837349688 .002 .39723381486000000000 .07217094297976121871 .00047169811320754716 4.75582402789409821503 .00570294608228625198 -13815 OK|691+/-4
192-168-0-110 node-2 48 44 15 700 572 11.97238554856000000000 .00745649473047451029 .002 .40319182804666666666 .07299869925156762764 .00047169811320754716 4.82716801540340049319 .00570463281280563753 -13150 OK|691+/-4
192-168-0-110 node-2 48 44 15 700 497 11.97238179934666666666 .00743770061265708516 .002 .40118219139000000000 .07288515568347101047 .00047169811320754716 4.80310636641964700362 .00570406430155148321 -13368 OK|691+/-4
192-168-0-110 node-2 48 44 15 700 772 11.97239922432666666666 .00741478425132850308 .002 .40545653551000000000 .07374773888957373844 .00047169811320754716 4.85428751123810157917 .00570528121981430815 -13012 OK|690+/-4
192-168-0-110 node-2 48 44 15 700 622 11.97238832856666666666 .00743768479130619382 .002 .40457827756333333333 .07281221893302317448 .00047169811320754716 4.84376824829085730468 .00570502673699649807 -12913 OK|691+/-4
192-168-0-110 node-2 48 44 15 700 1472 11.97243921154666666666 .00716633246635576697 .002 .41477906421000000000 .07523278208100749593 .00047169811320754716 4.96591713247643662674 .00570797981049022544 -12426 OK|690+/-5
192-168-0-110 node-2 48 44 15 700 447 11.97238065892666666666 .00729481958124106383 .002 .40093843833333333333 .07189566491416555068 .00047169811320754716 4.80018760452226204281 .00570399521414687286 -13336 OK|690+/-4
192-168-0-110 node-2 48 44 15 700 397 11.97238403188666666666 .00728276677911605446 .002 .40038576223000000000 .07128418879120725106 .00047169811320754716 4.79357210631722365830 .00570384150219350502 -13239 OK|691+/-4
192-168-0-110 node-2 48 44 15 700 947 11.97242777360000000000 .00720622007568246350 .002 .40861203732000000000 .07362187085233902516 .00047169811320754716 4.89207810423724771075 .00570619497376548464 -12612 OK|690+/-4
192-168-0-110 node-2 48 44 15 700 72 11.97237224960000000000 .00737245497413227000 .002 .39682715209666666666 .07027241815172927126 .00047169811320754716 4.75096238364993045658 .00570284115419574175 -13538 OK|691+/-5
192-168-0-110 node-2 48 44 15 700 197 11.97237654434000000000 .00719384249928925744 .002 .39801920659000000000 .06976368935227986758 .00047169811320754716 4.76523581317493275520 .00570317544107712856 -13613 OK|691+/-4
192-168-0-110 node-2 48 44 15 700 372 11.97238450952666666666 .00704159838845287455 .002 .40010743374666666666 .06963365132468687743 .00047169811320754716 4.79024004193505907874 .00570376360192409709 -13632 OK|691+/-3
192-168-0-110 node-2 48 44 15 700 1322 11.97244824332000000000 .00721473150486172492 .002 .41297090047666666666 .07456974984301418407 .00047169811320754716 4.94427273195414638390 .00570745957548741645 -12398 OK|691+/-4
192-168-0-110 node-2 48 44 15 700 1172 11.97244574854000000000 .00728869811622683615 .002 .41015495796333333333 .07482821717531797309 .00047169811320754716 4.91055798271071258383 .00570664612657428233 -12597 OK|690+/-4
192-168-0-110 node-2 48 44 15 700 997 11.97243159260666666666 .00738423403057112823 .002 .40851957802666666666 .07448865363784792177 .00047169811320754716 4.89097270216480822904 .00570617027607301953 -12682 OK|690+/-4
192-168-0-110 node-2 48 44 15 700 172 11.97238605157333333333 .00749224928856869991 .002 .39715746545000000000 .07147570393674273194 .00047169811320754716 4.75492249963179805147 .00570293957687386602 -13609 OK|691+/-3
192-168-0-110 node-2 48 44 15 700 122 11.97237032929333333333 .00745482295044288560 .002 .39718955973666666666 .07088098661305756443 .00047169811320754716 4.75530050009634999080 .00570294117364823429 -13477 OK|691+/-3
192-168-0-110 node-2 48 44 15 700 347 11.97237527284666666666 .00743671437663325617 .002 .39862457977000000000 .07205645277812064181 .00047169811320754716 4.77248306198724159164 .00570334396689496626 -13656 OK|691+/-4
192-168-0-110 node-2 48 44 15 700 1122 11.97244714914666666666 .00729955848887330856 .002 .41055965772666666666 .07422593193975779722 .00047169811320754716 4.91540380370426157099 .00570676318485572432 -12433 OK|691+/-4
192-168-0-110 node-2 48 44 15 700 597 11.97239304895333333333 .00733809830491338334 .002 .40406998296000000000 .07213741678256605807 .00047169811320754716 4.83768465528099584583 .00570488484479980454 -13159 OK|691+/-4
192-168-0-110 node-2 48 44 15 700 1097 11.97243579092666666666 .00718370170456259966 .002 .41048525676666666666 .07330967042777961479 .00047169811320754716 4.91450837976096268352 .00570673647442604274 -12568 OK|691+/-4
192-168-0-110 node-2 48 44 15 700 1047 11.97241967832666666666 .00713474499035622085 .002 .40977141045666666666 .07299710346498500792 .00047169811320754716 4.90595529816706962695 .00570652374011704695 -12649 OK|691+/-4
192-168-0-110 node-2 48 44 15 700 272 11.97238200590666666666 .00677730492404455341 .002 .40073454151666666666 .06704519542036095475 .00047169811320754716 4.79774701399939805847 .00570393852921169987 -13588 OK|691+/-6
192-168-0-110 node-2 48 44 15 700 1247 11.97243796646666666666 .00740867737650095477 .002 .41162494190333333333 .07548945804065431896 .00047169811320754716 4.92815408238810394146 .00570706584562453160 -12513 OK|691+/-4
192-168-0-110 node-2 48 44 15 700 1347 11.97243715404000000000 .00735982652482153209 .002 .41263892700333333333 .07587305576162317828 .00047169811320754716 4.94029362085790743888 .00570735835593348387 -12360 OK|691+/-4
192-168-0-110 node-2 48 44 15 700 922 11.97243705476000000000 .00747151362008711391 .002 .40845922897666666666 .07432788065434440261 .00047169811320754716 4.89025240835894351534 .00570615554508807619 -12606 OK|690+/-5
192-168-0-110 node-2 48 44 15 700 1222 11.97243390475333333333 .00736371307601916412 .002 .41198248631666666666 .07502563436024338794 .00047169811320754716 4.93243308734223621987 .00570716714593075239 -12351 OK|690+/-4
192-168-0-110 node-2 48 44 15 700 147 11.97237424488000000000 .00752989174650115139 .002 .39809033546333333333 .07112313975793973460 .00047169811320754716 4.76608647943685130155 .00570319422485366002 -13400 OK|690+/-5
192-168-0-110 node-2 48 44 15 700 322 11.97237033521333333333 .00746061342287666718 .002 .39846920580666666666 .07183975986161595501 .00047169811320754716 4.77062089909575250905 .00570329823068036220 -13758 OK|691+/-4
192-168-0-110 node-2 48 44 15 700 1072 11.97242909840666666666 .00725469462481891445 .002 .41022476373333333333 .07395520329567415278 .00047169811320754716 4.91138689820795984974 .00570665842466152866 -12511 OK|690+/-3
192-168-0-110 node-2 48 44 15 700 97 11.97237065504666666666 .00735833504265939157 .002 .39793643991000000000 .06984556738332960367 .00047169811320754716 4.76424255575222520824 .00570314958781380203 -13293 OK|691+/-4
192-168-0-110 node-2 48 44 15 700 1297 11.97243765856000000000 .00732835497872119319 .002 .41257941680666666666 .07526790038473846847 .00047169811320754716 4.93958134692285857878 .00570734138240897238 -12489 OK|691+/-4
192-168-0-110 node-2 48 44 15 700 747 11.97241790656000000000 .00739425793328468965 .002 .40593638715000000000 .07339020510040376273 .00047169811320754716 4.86004007043893268470 .00570542642783238595 -12934 OK|691+/-4
192-168-0-110 node-2 48 44 15 700 647 11.97239771016000000000 .00725522072138804678 .002 .40443825602666666666 .07180945636963029780 .00047169811320754716 4.84209565035476781981 .00570499140517727861 -13048 OK|690+/-4
192-168-0-110 node-2 48 44 15 700 1447 11.97244080617333333333 .00730680004666709693 .002 .41391963709333333333 .07581872998665493368 .00047169811320754716 4.95562835361268130094 .00570773100173246076 -12152 OK|691+/-4
192-168-0-110 node-2 48 44 15 700 1397 11.97243568439333333333 .00729061078690196230 .002 .41300622475333333333 .07577379866348476514 .00047169811320754716 4.94469046311338121297 .00570746393800385041 -12351 OK|691+/-4
192-168-0-110 node-2 48 44 15 700 1272 11.97244015626000000000 .00728020441778278778 .002 .41197078289333333333 .07486323717687883526 .00047169811320754716 4.93229554431801426820 .00570716668457563976 -12363 OK|691+/-4
192-168-0-110 node-2 48 44 15 700 472 11.97239166126666666666 .00736353152077958989 .002 .39989380511000000000 .07225149181093472460 .00047169811320754716 4.78768525769116153573 .00570370701528416429 -13630 OK|691+/-4
192-168-0-110 node-2 48 44 15 700 222 11.97236729495333333333 .00698736177308748985 .002 .39899941097666666666 .06838841539464793601 .00047169811320754716 4.77696749868268803552 .00570344508156911422 -13654 OK|691+/-4
192-168-0-110 node-2 48 44 15 700 972 11.97243236380666666666 .00703517256534584089 .002 .40948188109666666666 .07178513249426721919 .00047169811320754716 4.90249412563416531542 .00570644652910472911 -12727 OK|691+/-4
192-168-0-110 node-2 48 44 15 700 297 11.97239082180000000000 .00738456188453263488 .002 .39907619817666666666 .07127814123162816308 .00047169811320754716 4.77789621224916189483 .00570347755936011639 -13653 OK|690+/-5
192-168-0-110 node-2 48 44 15 700 797 11.97242498216666666666 .00732420737268277788 .002 .40692764967000000000 .07324193513272722213 .00047169811320754716 4.87191075884347333088 .00570571217875351472 -12904 OK|690+/-4
192-168-0-110 node-2 48 44 15 700 422 11.97238894762666666666 .00734926845857463217 .002 .40012669683666666666 .07161695726949128393 .00047169811320754716 4.79047244285767392759 .00570377107985470609 -13615 OK|691+/-4
192-168-0-110 node-2 48 44 15 700 1197 11.97245604090000000000 .00686831306386619217 .002 .41362998218333333333 .07187309230966303059 .00047169811320754716 4.95216677888820853792 .00570765411874501904 -12460 OK|691+/-4
192-168-0-110 node-2 48 44 15 700 1372 11.97245711558000000000 .00731261759388808119 .002 .41312723722666666666 .07588721197293138301 .00047169811320754716 4.94614813097431199857 .00570750897263712849 -12434 OK|690+/-4
192-168-0-110 node-2 48 44 15 700 722 11.97240138228666666666 .00758723525845085351 .002 .40449462328666666666 .07435541373208448471 .00047169811320754716 4.84277198696481250743 .00570500910485186517 -12868 OK|691+/-4
192-168-0-110 node-2 48 44 15 700 1422 11.97243556155333333333 .00741697713526815451 .002 .41337240769333333333 .07677736500446731859 .00047169811320754716 4.94907451403258671484 .00570756991829157884 -12414 OK|691+/-4
192-168-0-110 node-2 48 44 15 700 547 11.97241014606666666666 .00764574618957804405 .002 .40284596158666666666 .07368645788492937078 .00047169811320754716 4.82303707780219065567 .00570454655965067130 -13126 OK|691+/-4
192-168-0-110 node-2 48 44 15 700 872 11.97242283508000000000 .00762840474478890573 .002 .40709217846666666666 .07501270477470160987 .00047169811320754716 4.87387969345678266053 .00570575812197975581 -12649 OK|691+/-4
192-168-0-110 node-2 48 44 15 700 897 11.97241694214666666666 .00753318781278738596 .002 .40698114916000000000 .07522443900838728341 .00047169811320754716 4.87254800533750363726 .00570572368825689104 -13096 OK|691+/-5
192-168-0-110 node-2 48 44 15 700 1022 11.97242960715333333333 .00753513553569962668 .002 .40897457827000000000 .07554608251200667102 .00047169811320754716 4.89641934945279627522 .00570629971888781881 -12538 OK|691+/-4
192-168-0-110 node-2 48 44 15 700 672 11.97241906376666666666 .00760190606291517127 .002 .40463276600333333333 .07420155961566120302 .00047169811320754716 4.84443304152294477543 .00570505654558377975 -12893 OK|690+/-4
192-168-0-110 node-2 48 44 15 700 697 11.97239866473333333333 .00770694164288886710 .002 .40443885191666666666 .07443221189450928637 .00047169811320754716 4.84210317065338233065 .00570499201987436262 -12953 OK|691+/-4
192-168-0-110 node-2 48 44 15 700 847 11.97242407505333333333 .00762525172157306882 .002 .40719549010000000000 .07482022805215102991 .00047169811320754716 4.87511708892638125030 .00570578818870004058 -12686 OK|691+/-5
192-168-0-110 node-2 48 44 15 800 522 11.97247358644000000000 .00767937257200906485 .002 .41738048418333333333 .06819633735537167482 .00047169811320754716 4.99707682238049652776 .00570875431619831665 -13889 OK|790+/-4
192-168-0-110 node-2 48 44 15 800 822 11.97248614098666666666 .00759532100423806643 .002 .42105071191000000000 .06943730967725805309 .00047169811320754716 5.04102381299504462981 .00570983814688884329 -13755 OK|790+/-4
192-168-0-110 node-2 48 44 15 800 1147 11.97250788983333333333 .00749202102362640397 .002 .42526090660333333333 .07032352792325578165 .00047169811320754716 5.09143955954608461582 .00571109622424670936 -13570 OK|790+/-4
192-168-0-110 node-2 48 44 15 800 247 11.97244037237333333333 .00766620055709310934 .002 .41110317592666666666 .06872364352587898144 .00047169811320754716 4.92190826067532103031 .00570691653155337816 -14396 OK|790+/-5
192-168-0-110 node-2 48 44 15 800 572 11.97246760753333333333 .00764303276070887844 .002 .41719599754333333333 .06894568528086489416 .00047169811320754716 4.99486556658011444411 .00570869758490323955 -13846 OK|790+/-4
192-168-0-110 node-2 48 44 15 800 497 11.97246934500000000000 .00764839178720804220 .002 .41601552603666666666 .06883962308206811855 .00047169811320754716 4.98073313251804101257 .00570835379446456349 -13955 OK|790+/-4
192-168-0-110 node-2 48 44 15 800 772 11.97248501935333333333 .00760998180372127762 .002 .41915815076666666666 .06991433951094177060 .00047169811320754716 5.01836468079376257775 .00570928061154108626 -13832 OK|790+/-4
192-168-0-110 node-2 48 44 15 800 622 11.97246534140666666666 .00761486174763794382 .002 .41869871285666666666 .06881134978216499263 .00047169811320754716 5.01285582816802357726 .00570913658005342520 -13820 OK|791+/-4
192-168-0-110 node-2 48 44 15 800 1472 11.97251280866000000000 .00741299548629989386 .002 .42905049607333333333 .07137289580922227482 .00047169811320754716 5.13681255979991036795 .00571223215974682177 -13765 OK|790+/-4
192-168-0-110 node-2 48 44 15 800 447 11.97244396779333333333 .00769133925577862024 .002 .41439503361000000000 .06909926037997503219 .00047169811320754716 4.96132132042756012419 .00570787045613217381 -13845 OK|791+/-4
192-168-0-110 node-2 48 44 15 800 397 11.97244415510666666666 .00775023929320372146 .002 .41375935655666666666 .06868676892037211274 .00047169811320754716 4.95371079002755909090 .00570768607992494800 -13979 OK|791+/-4
192-168-0-110 node-2 48 44 15 800 947 11.97250188988000000000 .00759552053086515131 .002 .42210974684333333333 .07028125445692807089 .00047169811320754716 5.05370974181857669757 .00571015825657868084 -13584 OK|790+/-3
192-168-0-110 node-2 48 44 15 800 72 11.97244416546000000000 .00769697323295329382 .002 .41021371358000000000 .06734192184185010389 .00047169811320754716 4.91126078174255056894 .00570666228059907799 -14042 OK|790+/-4
192-168-0-110 node-2 48 44 15 800 197 11.97244053810666666666 .00771953617695846412 .002 .41021937447000000000 .06826273164846505452 .00047169811320754716 4.91132706842138699813 .00570666221506332281 -14359 OK|790+/-4
192-168-0-110 node-2 48 44 15 800 372 11.97243486464666666666 .00773380300960935841 .002 .41202341471333333333 .06919644989780998663 .00047169811320754716 4.93292349536468437379 .00570717941251088496 -14215 OK|790+/-4
192-168-0-110 node-2 48 44 15 800 1322 11.97251340798666666666 .00739486658248360691 .002 .42756653254333333333 .07099559761083977233 .00047169811320754716 5.11904604368142578720 .00571178734602297059 -13111 OK|790+/-3
192-168-0-110 node-2 48 44 15 800 1172 11.97250778882000000000 .00744727126584724520 .002 .42586013688000000000 .07020338316822315422 .00047169811320754716 5.09861380574375133368 .00571127478015418375 -13824 OK|791+/-4
192-168-0-110 node-2 48 44 15 800 997 11.97249710160000000000 .00745129259514628777 .002 .42394951564333333333 .06945649340748965207 .00047169811320754716 5.07573434726453219265 .00571070118446014123 -13574 OK|790+/-4
192-168-0-110 node-2 48 44 15 800 172 11.97244157252000000000 .00770841204323572793 .002 .41057015178333333333 .06793390470152088791 .00047169811320754716 4.91552715364662641562 .00570676360166339289 -14561 OK|790+/-4
192-168-0-110 node-2 48 44 15 800 122 11.97243691792000000000 .00769629566919954225 .002 .41081385493333333333 .06733115333752661577 .00047169811320754716 4.91844296319687132036 .00570683158174227444 -13837 OK|791+/-4
192-168-0-110 node-2 48 44 15 800 347 11.97244743732000000000 .00764483079665366040 .002 .41161057476666666666 .06900093081992317101 .00047169811320754716 4.92798597103899059021 .00570706612141118091 -13995 OK|790+/-4
192-168-0-110 node-2 48 44 15 800 1122 11.97250432920666666666 .00754104439158162494 .002 .42344344827666666666 .07095825950384183951 .00047169811320754716 5.06967851766659090225 .00571055436654895791 -13699 OK|791+/-4
192-168-0-110 node-2 48 44 15 800 597 11.97247332652666666666 .00764189497579078222 .002 .41862026671666666666 .06851977756288024057 .00047169811320754716 5.01191997720877060668 .00570911729556157306 -13560 OK|790+/-4
192-168-0-110 node-2 48 44 15 800 1097 11.97249369975333333333 .00749448334651300029 .002 .42396526418000000000 .07050090789043916163 .00047169811320754716 5.07592145430930756750 .00571070427423017764 -13710 OK|790+/-3
192-168-0-110 node-2 48 44 15 800 1047 11.97248558662666666666 .00746826391949443562 .002 .42440240728333333333 .06979879811538577961 .00047169811320754716 5.08115170412936859322 .00571083037004390281 -13480 OK|791+/-4
192-168-0-110 node-2 48 44 15 800 272 11.97242820290000000000 .00774114425827859637 .002 .41002207656000000000 .06944509782673076327 .00047169811320754716 4.90895987321856701402 .00570659973983694601 -14106 OK|790+/-3
192-168-0-110 node-2 48 44 15 800 1247 11.97251772016000000000 .00741016854270236352 .002 .42711097602000000000 .07036939410057286090 .00047169811320754716 5.11359372887428283056 .00571165302208598714 -12978 OK|790+/-4
192-168-0-110 node-2 48 44 15 800 1347 11.97251131945333333333 .00748350420231681168 .002 .42667639428333333333 .07136754836149273532 .00047169811320754716 5.10838796030074185841 .00571152011129800364 -13460 OK|791+/-4
192-168-0-110 node-2 48 44 15 800 922 11.97248915554000000000 .00751735849883121976 .002 .42287564986000000000 .06973846855929663515 .00047169811320754716 5.06287413209078011922 .00571037898719417746 -13751 OK|790+/-4
192-168-0-110 node-2 48 44 15 800 1222 11.97251174712000000000 .00744357339999556731 .002 .42580864136333333333 .07073103109603336915 .00047169811320754716 5.09799896074771546533 .00571126126829663781 -13738 OK|791+/-4
192-168-0-110 node-2 48 44 15 800 147 11.97242479214000000000 .00767774649905590657 .002 .41053871510666666666 .06774301052963890716 .00047169811320754716 4.91514389087635634451 .00570674672230260890 -14052 OK|790+/-3
192-168-0-110 node-2 48 44 15 800 322 11.97244005438000000000 .00761231987727936456 .002 .41219153196666666666 .06873079611581352234 .00047169811320754716 4.93493840739397417493 .00570723039266960642 -13960 OK|791+/-4
192-168-0-110 node-2 48 44 15 800 1072 11.97250137626000000000 .00748657504483379101 .002 .42396453775333333333 .07036323387170791697 .00047169811320754716 5.07591601173721806169 .00571070763936553575 -13690 OK|790+/-4
192-168-0-110 node-2 48 44 15 800 97 11.97243745968666666666 .00766822822745180557 .002 .41170957045333333333 .06685486047431146288 .00047169811320754716 4.92916708380699484974 .00570709002703998003 -14057 OK|791+/-4
192-168-0-110 node-2 48 44 15 800 1297 11.97251238102000000000 .00740002355929848915 .002 .42779722091666666666 .07048370160884006877 .00047169811320754716 5.12180752399073978025 .00571185595972633136 -12948 OK|790+/-5
192-168-0-110 node-2 48 44 15 800 747 11.97246367864000000000 .00761126768220162192 .002 .41925801217333333333 .06965803877471452038 .00047169811320754716 5.01955132272404030127 .00570929998383643701 -13824 OK|790+/-4
192-168-0-110 node-2 48 44 15 800 647 11.97246045494666666666 .00759883723976996693 .002 .41926175551666666666 .06875668493091104657 .00047169811320754716 5.01959478819480913303 .00570929957927896178 -13676 OK|790+/-4
192-168-0-110 node-2 48 44 15 800 1447 11.97252581347333333333 .00733572814433708141 .002 .42961311466000000000 .07098019063625124513 .00047169811320754716 5.14355410507352892618 .00571240736762230744 -13063 OK|790+/-4
192-168-0-110 node-2 48 44 15 800 1397 11.97252128061333333333 .00741416802042690019 .002 .42819238142333333333 .07124079265783346097 .00047169811320754716 5.12654239878735968243 .00571197854798122294 -13942 OK|790+/-4
192-168-0-110 node-2 48 44 15 800 1272 11.97248373906000000000 .00741387665802360850 .002 .42654841503333333333 .07055010805763307836 .00047169811320754716 5.10684396290839938116 .00571146901071078210 -13698 OK|790+/-3
192-168-0-110 node-2 48 44 15 800 472 11.97243553579333333333 .00763839517283101948 .002 .41403628942666666666 .06926942799900758939 .00047169811320754716 4.95702278463983756613 .00570776238477261244 -13980 OK|790+/-5
192-168-0-110 node-2 48 44 15 800 222 11.97243652561333333333 .00764201136721847659 .002 .41031441377333333333 .06838700324223294842 .00047169811320754716 4.91246327444547857807 .00570668767248160866 -14267 OK|791+/-4
192-168-0-110 node-2 48 44 15 800 972 11.97247516578666666666 .00757681834429435954 .002 .42254497828000000000 .06998686324988249843 .00047169811320754716 5.05890925888516646577 .00571027454833962602 -13922 OK|790+/-4
192-168-0-110 node-2 48 44 15 800 297 11.97243241219333333333 .00769649054060434222 .002 .41191232221333333333 .06865313282238385703 .00047169811320754716 4.93159243744873596081 .00570714619125009448 -14063 OK|791+/-4
192-168-0-110 node-2 48 44 15 800 797 11.97247131221333333333 .00759814941397867945 .002 .41994653759666666666 .06979913844003033050 .00047169811320754716 5.02779787403940968809 .00570950595320636915 -13802 OK|791+/-4
192-168-0-110 node-2 48 44 15 800 422 11.97245024357333333333 .00771520420420559769 .002 .41341675102666666666 .06875936263560722622 .00047169811320754716 4.94961148152651143665 .00570758961770777892 -14395 OK|791+/-4
192-168-0-110 node-2 48 44 15 800 1197 11.97249959595333333333 .00741757489602480589 .002 .42603719931333333333 .07027174056221196468 .00047169811320754716 5.10073019663997307473 .00571132378008809355 -13801 OK|790+/-4
192-168-0-110 node-2 48 44 15 800 1372 11.97250449710666666666 .00738334944467583966 .002 .42716828080000000000 .07164766050842045777 .00047169811320754716 5.11427416289932337421 .00571166399683771839 -12988 OK|790+/-3
192-168-0-110 node-2 48 44 15 800 722 11.97247246588666666666 .00755762193846500170 .002 .41955246200000000000 .06897637705915842525 .00047169811320754716 5.02308029928996201297 .00570939060424847881 -13665 OK|790+/-5
192-168-0-110 node-2 48 44 15 800 1422 11.97250111814000000000 .00738550121985798808 .002 .42800705801666666666 .07178990159173481712 .00047169811320754716 5.12431498067635351734 .00571191358625722908 -12969 OK|790+/-3
192-168-0-110 node-2 48 44 15 800 547 11.97244285564000000000 .00771282371644474057 .002 .41635098650666666666 .06900627008571884165 .00047169811320754716 4.98473839384040737448 .00570843926297610352 -13944 OK|790+/-4
192-168-0-110 node-2 48 44 15 800 872 11.97246990935333333333 .00761676171588118542 .002 .42140818131333333333 .07007590834919812404 .00047169811320754716 5.04529677032919699117 .00570993605909872164 -13957 OK|790+/-5
192-168-0-110 node-2 48 44 15 800 897 11.97247550289333333333 .00755463076088112992 .002 .42136353747666666666 .07008062623005710663 .00047169811320754716 5.04476463025186865668 .00570992549002257296 -13877 OK|790+/-4
192-168-0-110 node-2 48 44 15 800 1022 11.97248940020000000000 .00754940672874673510 .002 .42349734510333333333 .07000176370100442826 .00047169811320754716 5.07031747526249970698 .00571056338946806718 -13714 OK|790+/-3
192-168-0-110 node-2 48 44 15 800 672 11.97245731036666666666 .00774491861638458018 .002 .41826318855666666666 .06906128454699046488 .00047169811320754716 5.00763816949253535162 .00570900513518377998 -13827 OK|790+/-4
192-168-0-110 node-2 48 44 15 800 697 11.97246867206000000000 .00762326344645086563 .002 .41898044778000000000 .06929093210645676066 .00047169811320754716 5.01623028525172077502 .00570922080921823954 -13827 OK|790+/-4
192-168-0-110 node-2 48 44 15 800 847 11.97248380690666666666 .00761925791404247123 .002 .42044577381333333333 .07003716582303047476 .00047169811320754716 5.03378021866247636842 .00570965874769926858 -13759 OK|790+/-3
192-168-0-110 node-2 6 44 15 100 522 11.97204714241333333333 .00774064720366427370 .002 .32558950934000000000 .05746668854625574299 .00047169811320754716 3.89797295489370630347 .00568461187284080987 -1150 OK|90+/-2
192-168-0-110 node-2 6 44 15 100 822 11.97205566055333333333 .00769740240099314477 .002 .32857794203000000000 .05836912589585484181 .00047169811320754716 3.93375341081322651772 .00568530362137091408 -1149 OK|90+/-1
192-168-0-110 node-2 6 44 15 100 1147 11.97205253364666666666 .00777625912612578452 .002 .33122914965333333333 .05954259106720902962 .00047169811320754716 3.96549278032482025529 .00568591749419650390 -1150 OK|90+/-2
192-168-0-110 node-2 6 44 15 100 247 11.97201817600000000000 .00788374019597015830 .002 .32306461510333333333 .05551525581267892383 .00047169811320754716 3.86773544403955078481 .00568402205247936384 -1145 OK|90+/-2
192-168-0-110 node-2 6 44 15 100 572 11.97203971802666666666 .00785755439745056617 .002 .32612826436333333333 .05803853011804336029 .00047169811320754716 3.90442053412892740321 .00568473192472943265 -1147 OK|90+/-2
192-168-0-110 node-2 6 44 15 100 497 11.97202915824666666666 .00778367245554271123 .002 .32549134761000000000 .05792814261299801005 .00047169811320754716 3.89679190434392147812 .00568458095981227010 -1148 OK|90+/-2
192-168-0-110 node-2 6 44 15 100 772 11.97205365625333333333 .00789762321427484979 .002 .32803202415666666666 .05855660250787876781 .00047169811320754716 3.92721699417300292947 .00568517658201689985 -1139 OK|90+/-1
192-168-0-110 node-2 6 44 15 100 622 11.97204259358666666666 .00787475227200530289 .002 .32645349535666666666 .05817197592206597919 .00047169811320754716 3.90831515123526044369 .00568480794178185847 -1148 OK|90+/-1
192-168-0-110 node-2 6 44 15 100 1472 11.97208678606666666666 .00785255415691746821 .002 .33409442660333333333 .05980313325659233893 .00047169811320754716 3.99980747003628682528 .00568660404613409935 -1151 OK|90+/-1
192-168-0-110 node-2 6 44 15 100 447 11.97203875320000000000 .00783534611222240456 .002 .32493399509333333333 .05772326685087578885 .00047169811320754716 3.89012238148948531759 .00568445791094381751 -1150 OK|90+/-1
192-168-0-110 node-2 6 44 15 100 397 11.97203751096000000000 .00784280658012572563 .002 .32461758108666666666 .05743214507235778251 .00047169811320754716 3.88633385748667277196 .00568438501637132510 -1152 OK|90+/-2
192-168-0-110 node-2 6 44 15 100 947 11.97205442852666666666 .00784069490652074026 .002 .32943902494333333333 .05883339878233994021 .00047169811320754716 3.94406193750234083550 .00568550236409815680 -1143 OK|90+/-1
192-168-0-110 node-2 6 44 15 100 72 11.97203140008000000000 .00790556513949782340 .002 .32152018258666666666 .05277691756295189564 .00047169811320754716 3.84924972168702816919 .00568367795303936445 -1155 OK|90+/-1
192-168-0-110 node-2 6 44 15 100 197 11.97202985624666666666 .00783573266603425859 .002 .32269323778666666666 .05495292876185705036 .00047169811320754716 3.86329307719087835729 .00568394314192660357 -1141 OK|90+/-2
192-168-0-110 node-2 6 44 15 100 372 11.97204403307333333333 .00778390166682943201 .002 .32428124173000000000 .05714659603009992659 .00047169811320754716 3.88230930509125772148 .00568431128284644700 -1145 OK|90+/-1
192-168-0-110 node-2 6 44 15 100 1322 11.97207359129333333333 .00784240259268847661 .002 .33283489797666666666 .05992619109668567188 .00047169811320754716 3.98472389232726190420 .00568630242031948473 -1158 OK|90+/-2
192-168-0-110 node-2 6 44 15 100 1172 11.97207745922000000000 .00783458471511386811 .002 .33135595191666666666 .05969090438316300338 .00047169811320754716 3.96701912291991115575 .00568595872409839869 -1140 OK|90+/-1
192-168-0-110 node-2 6 44 15 100 997 11.97206461825333333333 .00780777048025036722 .002 .32978758979666666666 .05884154014975313798 .00047169811320754716 3.94823833534371700367 .00568558796883031438 -1149 OK|90+/-1
192-168-0-110 node-2 6 44 15 100 172 11.97203073306666666666 .00792787908057186376 .002 .32248235637666666666 .05469485908972242539 .00047169811320754716 3.86076868141321068110 .00568389567900267237 -1149 OK|90+/-2
192-168-0-110 node-2 6 44 15 100 122 11.97202641633333333333 .00790760511225714027 .002 .32226808486000000000 .05404968351953722568 .00047169811320754716 3.85820202508507235671 .00568384504412578000 -1138 OK|90+/-1
192-168-0-110 node-2 6 44 15 100 347 11.97203329496666666666 .00783577506758357376 .002 .32399311079666666666 .05681290752977780884 .00047169811320754716 3.87885630979751753790 .00568424052983947012 -1151 OK|90+/-2
192-168-0-110 node-2 6 44 15 100 1122 11.97206141724000000000 .00784818080889476832 .002 .33077811974333333333 .05937647006698607693 .00047169811320754716 3.96009596504635369166 .00568581662896615493 -1145 OK|90+/-2
192-168-0-110 node-2 6 44 15 100 597 11.97203811003333333333 .00783115363459199988 .002 .32615759937000000000 .05813364391584066795 .00047169811320754716 3.90477120953462391067 .00568473790324903721 -1156 OK|90+/-1
192-168-0-110 node-2 6 44 15 100 1097 11.97205627264000000000 .00789711502879838708 .002 .33085013011666666666 .05985811876233673341 .00047169811320754716 3.96095637556699934159 .00568583097766103226 -1152 OK|90+/-1
192-168-0-110 node-2 6 44 15 100 1047 11.97206189337333333333 .00779242413223148422 .002 .33022855028000000000 .05932533928788313857 .00047169811320754716 3.95351664291110780547 .00568568906980734745 -1149 OK|90+/-1
192-168-0-110 node-2 6 44 15 100 272 11.97202516596000000000 .00781318739402267184 .002 .32342490037000000000 .05587683388242503974 .00047169811320754716 3.87205104652774571540 .00568410728389881729 -1145 OK|90+/-1
192-168-0-110 node-2 6 44 15 100 1247 11.97205863372666666666 .00788491479677290805 .002 .33231079589000000000 .06018579228289736629 .00047169811320754716 3.97844433301545459671 .00568617279997634612 -1147 OK|90+/-2
192-168-0-110 node-2 6 44 15 100 1347 11.97206076577333333333 .00790739374996871203 .002 .33298919245333333333 .06004248573255367414 .00047169811320754716 3.98656684639709773558 .00568633254555769539 -1153 OK|90+/-1
192-168-0-110 node-2 6 44 15 100 922 11.97205464440000000000 .00785180526327342634 .002 .32919594143000000000 .05874019260594430635 .00047169811320754716 3.94115179951466187749 .00568544614511769603 -1150 OK|90+/-1
192-168-0-110 node-2 6 44 15 100 1222 11.97205670282666666666 .00788431947757235101 .002 .33179407991666666666 .05973128874391374355 .00047169811320754716 3.97225753842453587414 .00568605119655514973 -1154 OK|90+/-2
192-168-0-110 node-2 6 44 15 100 147 11.97201172673333333333 .00792898495687815957 .002 .32211447257333333333 .05408205202928041107 .00047169811320754716 3.85635824299846934141 .00568380332929258117 -1144 OK|90+/-2
192-168-0-110 node-2 6 44 15 100 322 11.97201017072000000000 .00786325799605623966 .002 .32367221003666666666 .05641841496153326443 .00047169811320754716 3.87500699053839339737 .00568415656547345993 -1153 OK|90+/-1
192-168-0-110 node-2 6 44 15 100 1072 11.97205377532000000000 .00787021532546959352 .002 .33058610155666666666 .05943646027376326816 .00047169811320754716 3.95779458520981209550 .00568576837812854982 -1160 OK|90+/-1
192-168-0-110 node-2 6 44 15 100 97 11.97200972342666666666 .00791474317284977731 .002 .32171389291666666666 .05337133081283785638 .00047169811320754716 3.85156185415977875631 .00568371163899364004 -1145 OK|90+/-2
192-168-0-110 node-2 6 44 15 100 1297 11.97206651592666666666 .00787322471949865152 .002 .33257309750000000000 .06002596657262341552 .00047169811320754716 3.98158724467776461618 .00568623783396728227 -1154 OK|90+/-2
192-168-0-110 node-2 6 44 15 100 747 11.97204200570666666666 .00794688737414449708 .002 .32783458360000000000 .05883660783590448027 .00047169811320754716 3.92484940578255389040 .00568512556776785186 -1154 OK|90+/-1
192-168-0-110 node-2 6 44 15 100 647 11.97203807056000000000 .00789733393106424745 .002 .32672739498666666666 .05863398745643737702 .00047169811320754716 3.91159281147526781684 .00568486876386540342 -1144 OK|90+/-2
192-168-0-110 node-2 6 44 15 100 1447 11.97208775252666666666 .00792044422778921535 .002 .33387202007666666666 .05988978668533047663 .00047169811320754716 3.99714512247119836481 .00568655224947336608 -1144 OK|90+/-2
192-168-0-110 node-2 6 44 15 100 1397 11.97207897525333333333 .00790974814030634859 .002 .33325133971333333333 .05980030473325356567 .00047169811320754716 3.98971135765700419985 .00568640250449261549 -1152 OK|90+/-2
192-168-0-110 node-2 6 44 15 100 1272 11.97206439203333333333 .00789771583723809032 .002 .33198110485333333333 .05991985690618431900 .00047169811320754716 3.97449916424247641929 .00568609846419258026 -1146 OK|90+/-1
192-168-0-110 node-2 6 44 15 100 472 11.97204605217333333333 .00772903228292292165 .002 .32509818551666666666 .05758251765590069734 .00047169811320754716 3.89209044848352309894 .00568449888231864990 -1143 OK|90+/-2
192-168-0-110 node-2 6 44 15 100 222 11.97203449093333333333 .00784941004277675125 .002 .32286553532666666666 .05523931866131266747 .00047169811320754716 3.86535732486450791629 .00568398445149657407 -1146 OK|90+/-1
192-168-0-110 node-2 6 44 15 100 972 11.97205696423333333333 .00778353352195738731 .002 .32942053529000000000 .05855125367357691146 .00047169811320754716 3.94384141368011705112 .00568549926681147238 -1142 OK|90+/-2
192-168-0-110 node-2 6 44 15 100 297 11.97202618833333333333 .00778902623787443214 .002 .32348862515333333333 .05583236445452224066 .00047169811320754716 3.87281429196365172383 .00568412226815128511 -1137 OK|90+/-2
192-168-0-110 node-2 6 44 15 100 797 11.97203748927333333333 .00786950762700898397 .002 .32783793833333333333 .05836818416025924109 .00047169811320754716 3.92488808813274588143 .00568512422540182669 -1156 OK|90+/-2
192-168-0-110 node-2 6 44 15 100 422 11.97201834015333333333 .00797756088645111438 .002 .32502489903666666666 .05805351071989527904 .00047169811320754716 3.89120405227345881690 .00568446913312498601 -1142 OK|90+/-2
192-168-0-110 node-2 6 44 15 100 1197 11.97206419392666666666 .00787482311394417036 .002 .33162703274666666666 .05998722197154941204 .00047169811320754716 3.97026012448451415703 .00568601572531640735 -1144 OK|90+/-1
192-168-0-110 node-2 6 44 15 100 1372 11.97207310483333333333 .00789153516567599602 .002 .33304972423666666666 .05984556999077803904 .00047169811320754716 3.98729564610595536739 .00568635250593054070 -1150 OK|90+/-2
192-168-0-110 node-2 6 44 15 100 722 11.97206198863333333333 .00796150815872080859 .002 .32741621133666666666 .05866747636910228653 .00047169811320754716 3.91984717820604527105 .00568503848941525548 -1149 OK|90+/-1
192-168-0-110 node-2 6 44 15 100 1422 11.97207879283333333333 .00791347895049404298 .002 .33356959639666666666 .05999398500982435047 .00047169811320754716 3.99352149095450728307 .00568647705984342734 -1155 OK|90+/-1
192-168-0-110 node-2 6 44 15 100 547 11.97203713578000000000 .00789827824422351747 .002 .32556414031000000000 .05803496584877232431 .00047169811320754716 3.89766597786961044129 .00568460137191545384 -1142 OK|90+/-2
192-168-0-110 node-2 6 44 15 100 872 11.97205702923333333333 .00789115405380732254 .002 .32856787507666666666 .05876679075852524108 .00047169811320754716 3.93363333839186691799 .00568530193543410058 -1154 OK|90+/-1
192-168-0-110 node-2 6 44 15 100 897 11.97205767397333333333 .00778557993581615344 .002 .32852092633666666666 .05818940544109485056 .00047169811320754716 3.93307147720971831613 .00568529138514169737 -1157 OK|90+/-2
192-168-0-110 node-2 6 44 15 100 1022 11.97205957505333333333 .00786706235528362073 .002 .32998905761666666666 .05905333578711540999 .00047169811320754716 3.95064865690244026257 .00568563236399239675 -1167 OK|90+/-1
192-168-0-110 node-2 6 44 15 100 672 11.97204547359333333333 .00784605284505911099 .002 .32691283527666666666 .05831912666618150961 .00047169811320754716 3.91381532983358015137 .00568491487598926497 -1150 OK|90+/-2
192-168-0-110 node-2 6 44 15 100 697 11.97205154814000000000 .00774614798713687498 .002 .32705524361000000000 .05827831593663789286 .00047169811320754716 3.91552223558840534238 .00568495048629737319 -1154 OK|90+/-2
192-168-0-110 node-2 6 44 15 100 847 11.97205631696000000000 .00794577006615613248 .002 .32825535361333333333 .05855252319224792835 .00047169811320754716 3.92989157980244589457 .00568522939000326881 -1145 OK|90+/-2
192-168-0-110 node-2 6 44 15 200 522 11.97210483393333333333 .00789699803649136600 .002 .34427697350666666666 .07143842221044054168 .00047169811320754716 4.12172001873110213291 .00568904138875989897 -2469 OK|190+/-1
192-168-0-110 node-2 6 44 15 200 822 11.97213805407333333333 .00774758624324234676 .002 .34968028604666666666 .07073182551222501100 .00047169811320754716 4.18642065933854644074 .00569037499446093271 -2474 OK|190+/-2
192-168-0-110 node-2 6 44 15 200 1147 11.97217704502000000000 .00790174733669267420 .002 .35574179237666666666 .07111675793098357060 .00047169811320754716 4.25900372064619949605 .00569189590443217171 -2490 OK|190+/-2
192-168-0-110 node-2 6 44 15 200 247 11.97209933789333333333 .00783269909930151025 .002 .33937915935000000000 .06882853969670016302 .00047169811320754716 4.06308100894893106663 .00568786154541181496 -2470 OK|190+/-1
192-168-0-110 node-2 6 44 15 200 572 11.97212920662666666666 .00792496011078928207 .002 .34558196293333333333 .07191511756525657060 .00047169811320754716 4.13735191171753412766 .00568936928004707565 -2494 OK|190+/-1
192-168-0-110 node-2 6 44 15 200 497 11.97213009968000000000 .00797424697272286833 .002 .34438179446666666666 .07208360777648126027 .00047169811320754716 4.12298364731619127235 .00568907859600956207 -2463 OK|190+/-1
192-168-0-110 node-2 6 44 15 200 772 11.97214567844666666666 .00799106753365142509 .002 .34898607435666666666 .07131178408714525626 .00047169811320754716 4.17811212194723391028 .00569020809001215789 -2487 OK|190+/-1
192-168-0-110 node-2 6 44 15 200 622 11.97213288194000000000 .00783231227120958258 .002 .34653198117000000000 .07184740382616169353 .00047169811320754716 4.14872692640916991306 .00568960213624232076 -2467 OK|190+/-2
192-168-0-110 node-2 6 44 15 200 1472 11.97219368849333333333 .00797133921423369236 .002 .36196658720000000000 .06972067795157982813 .00047169811320754716 4.33353409072131177661 .00569347328142525579 -2466 OK|190+/-1
192-168-0-110 node-2 6 44 15 200 447 11.97211600752666666666 .00790168348322661175 .002 .34307470570333333333 .07145354121338607651 .00047169811320754716 4.10733017592837720488 .00568875609671618721 -2466 OK|190+/-2
192-168-0-110 node-2 6 44 15 200 397 11.97211961583333333333 .00796967296096309839 .002 .34246268169333333333 .07157666580765653406 .00047169811320754716 4.10000418919164298277 .00568861027756978620 -2476 OK|190+/-1
192-168-0-110 node-2 6 44 15 200 947 11.97214600423333333333 .00786140440185123474 .002 .35216267460333333333 .07080580238298930540 .00047169811320754716 4.21614295759242074244 .00569099103148573763 -2475 OK|190+/-1
192-168-0-110 node-2 6 44 15 200 72 11.97208681833333333333 .00789748148532449868 .002 .33653374173333333333 .06506236563482895416 .00047169811320754716 4.02901117333003438507 .00568717937497681973 -2450 OK|190+/-1
192-168-0-110 node-2 6 44 15 200 197 11.97209774684000000000 .00795632282771673801 .002 .33869868939666666666 .06809571191394449655 .00047169811320754716 4.05493381618349399892 .00568769855362693777 -2461 OK|190+/-2
192-168-0-110 node-2 6 44 15 200 372 11.97211302912666666666 .00793519599007965902 .002 .34187652503333333333 .07100267968465003405 .00047169811320754716 4.09298439970411901909 .00568846616224390403 -2465 OK|190+/-2
192-168-0-110 node-2 6 44 15 200 1322 11.97218512789333333333 .00790217466931255386 .002 .35913455492000000000 .07046503021699332287 .00047169811320754716 4.29962537732581554390 .00569275185406660071 -2485 OK|190+/-1
192-168-0-110 node-2 6 44 15 200 1172 11.97217391562000000000 .00792306026692969122 .002 .35642381022333333333 .07115521125981026535 .00047169811320754716 4.26716784366168441998 .00569206510445140551 -2481 OK|190+/-1
192-168-0-110 node-2 6 44 15 200 997 11.97216586170666666666 .00785937474401321825 .002 .35343593780666666666 .07094571961041170135 .00047169811320754716 4.23139366890925528084 .00569131604849768907 -2475 OK|190+/-1
192-168-0-110 node-2 6 44 15 200 172 11.97209847872000000000 .00799788785549499437 .002 .33812371027333333333 .06777345878095634643 .00047169811320754716 4.04805035738253603534 .00568756205250248148 -2462 OK|190+/-2
192-168-0-110 node-2 6 44 15 200 122 11.97208906818666666666 .00794691087715422916 .002 .33704846018666666666 .06643056145978265853 .00047169811320754716 4.03517418564994095184 .00568730235262220958 -2461 OK|190+/-2
192-168-0-110 node-2 6 44 15 200 347 11.97210295785333333333 .00799636183563785900 .002 .34140597267333333333 .07056026910011344939 .00047169811320754716 4.08734745527120829168 .00568834840202721848 -2453 OK|190+/-1
192-168-0-110 node-2 6 44 15 200 1122 11.97216619367333333333 .00788540968932901164 .002 .35534385139000000000 .07127078806265835938 .00047169811320754716 4.25423564474103891820 .00569179139593327770 -2470 OK|190+/-2
192-168-0-110 node-2 6 44 15 200 597 11.97213384987333333333 .00790927845257459499 .002 .34570685409333333333 .07185085583838942881 .00047169811320754716 4.13884873002401752444 .00568940180383206543 -2467 OK|190+/-2
192-168-0-110 node-2 6 44 15 200 1097 11.97218026078666666666 .00798594532203499374 .002 .35526928819000000000 .07146854033870371652 .00047169811320754716 4.25334795933204763610 .00569177936118003962 -2481 OK|190+/-2
192-168-0-110 node-2 6 44 15 200 1047 11.97215570484000000000 .00783989127831405325 .002 .35408207497333333333 .07096627417268232801 .00047169811320754716 4.23912573387357725749 .00569147194203750863 -2497 OK|190+/-1
192-168-0-110 node-2 6 44 15 200 272 11.97210817728666666666 .00782067684227332973 .002 .34000480579000000000 .06937236674730034666 .00047169811320754716 4.07057431571522398915 .00568801514316308145 -2467 OK|190+/-1
192-168-0-110 node-2 6 44 15 200 1247 11.97217140214000000000 .00794406517514648226 .002 .35777558995333333333 .07093929718304167460 .00047169811320754716 4.28335068642306443046 .00569240314134530970 -2480 OK|190+/-1
192-168-0-110 node-2 6 44 15 200 1347 11.97218278128000000000 .00789469085973779343 .002 .35940796765000000000 .07030267020472750044 .00047169811320754716 4.30289788175416926559 .00569281977624894603 -2472 OK|190+/-1
192-168-0-110 node-2 6 44 15 200 922 11.97214866008666666666 .00798892657214502378 .002 .35162827160666666666 .07074699237916779081 .00047169811320754716 4.20974594076434483052 .00569086009648548380 -2471 OK|190+/-1
192-168-0-110 node-2 6 44 15 200 1222 11.97218455673333333333 .00780330841273464405 .002 .35720876884333333333 .07095668886207299731 .00047169811320754716 4.27656930587588241400 .00569226690634496600 -2482 OK|190+/-2
192-168-0-110 node-2 6 44 15 200 147 11.97207912717333333333 .00799807500763692263 .002 .33789588438000000000 .06729861739097875255 .00047169811320754716 4.04531626454357195621 .00568749883037374522 -2456 OK|190+/-2
192-168-0-110 node-2 6 44 15 200 322 11.97211196112000000000 .00788936657161342326 .002 .34080645223333333333 .07024160129441711190 .00047169811320754716 4.08017300320956193712 .00568820881360512028 -2518 OK|190+/-1
192-168-0-110 node-2 6 44 15 200 1072 11.97217383220666666666 .00793187403156893118 .002 .35487534439666666666 .07146421251082803501 .00047169811320754716 4.24862931188110139911 .00569167804950236007 -2485 OK|190+/-2
192-168-0-110 node-2 6 44 15 200 97 11.97209218130000000000 .00792270774244871915 .002 .33677545602666666666 .06587759933561903680 .00047169811320754716 4.03190680395059796422 .00568723912003954692 -2447 OK|190+/-1
192-168-0-110 node-2 6 44 15 200 1297 11.97218160568666666666 .00799087066645120655 .002 .35858918636000000000 .07081786914031765189 .00047169811320754716 4.29309486093734014909 .00569261268761685823 -2493 OK|190+/-1
192-168-0-110 node-2 6 44 15 200 747 11.97213772571333333333 .00794885603020506655 .002 .34841506743333333333 .07150848269240120466 .00047169811320754716 4.17127317302556500389 .00569006439816647857 -2477 OK|190+/-2
192-168-0-110 node-2 6 44 15 200 647 11.97212465156666666666 .00789284427251861532 .002 .34694307619333333333 .07179541833186302097 .00047169811320754716 4.15364575518457831832 .00568969849441720066 -2456 OK|190+/-1
192-168-0-110 node-2 6 44 15 200 1447 11.97219891447333333333 .00775519271299421482 .002 .36109365963333333333 .06957494200391594067 .00047169811320754716 4.32308511988539663705 .00569325400200786931 -2499 OK|190+/-2
192-168-0-110 node-2 6 44 15 200 1397 11.97219594877333333333 .00787898527601063739 .002 .36031078007333333333 .07015042810433325972 .00047169811320754716 4.31371126149332081273 .00569305421018757909 -2492 OK|190+/-1
192-168-0-110 node-2 6 44 15 200 1272 11.97218950578666666666 .00802507588435334796 .002 .35816522024333333333 .07087403279861821154 .00047169811320754716 4.28802189113500551943 .00569250962067431819 -2487 OK|190+/-1
192-168-0-110 node-2 6 44 15 200 472 11.97212107090666666666 .00788777133703480212 .002 .34398072733666666666 .07183534110722860631 .00047169811320754716 4.11817891373310784293 .00568897731159008842 -2468 OK|190+/-2
192-168-0-110 node-2 6 44 15 200 222 11.97209542270000000000 .00796262961505552699 .002 .33893438208333333333 .06840669056001313553 .00047169811320754716 4.05775476433552788991 .00568775362577947375 -2441 OK|190+/-1
192-168-0-110 node-2 6 44 15 200 972 11.97215722212666666666 .00794150052074468732 .002 .35282298119000000000 .07092450412341179484 .00047169811320754716 4.22405220238611956512 .00569115987400041679 -2502 OK|190+/-1
192-168-0-110 node-2 6 44 15 200 297 11.97210332813333333333 .00785307950210536197 .002 .34035734653666666666 .06972401606797656696 .00047169811320754716 4.07479332122625725348 .00568809720875039722 -2456 OK|190+/-2
192-168-0-110 node-2 6 44 15 200 797 11.97214012954000000000 .00793091299598954622 .002 .34896511261333333333 .07109248729110610003 .00047169811320754716 4.17785922852753322122 .00569020035010090044 -2494 OK|190+/-2
192-168-0-110 node-2 6 44 15 200 422 11.97212250171333333333 .00782612612372158298 .002 .34272995171666666666 .07151660139463367172 .00047169811320754716 4.10320496695822927552 .00568867601385526085 -2479 OK|190+/-1
192-168-0-110 node-2 6 44 15 200 1197 11.97216647014666666666 .00788752664742614292 .002 .35634559910333333333 .07093079958861930191 .00047169811320754716 4.26622883336925341972 .00569204203259919277 -2539 OK|190+/-1
192-168-0-110 node-2 6 44 15 200 1372 11.97218410366666666666 .00789940076894200754 .002 .35995457891666666666 .07022828055916284363 .00047169811320754716 4.30944248774814534761 .00569295853635785845 -2488 OK|190+/-1
192-168-0-110 node-2 6 44 15 200 722 11.97212803960000000000 .00791731535352145298 .002 .34794692536666666666 .07145291045817988938 .00047169811320754716 4.16566514147487851110 .00568994527797844818 -2463 OK|190+/-2
192-168-0-110 node-2 6 44 15 200 1422 11.97218855000666666666 .00795377793736604894 .002 .36059814360666666666 .06989447978836969697 .00047169811320754716 4.31714896604139435787 .00569312352528696939 -2476 OK|190+/-1
192-168-0-110 node-2 6 44 15 200 547 11.97212008552666666666 .00792938870344382537 .002 .34468339803333333333 .07155989386234024753 .00047169811320754716 4.12659103274245275575 .00568914696756082493 -2467 OK|190+/-2
192-168-0-110 node-2 6 44 15 200 872 11.97214151562666666666 .00788981152612841950 .002 .35081499683333333333 .07095242362068906430 .00047169811320754716 4.20000678789278760047 .00569065597778548110 -2471 OK|190+/-2
192-168-0-110 node-2 6 44 15 200 897 11.97215430182666666666 .00789713773816620473 .002 .35084511162000000000 .07072267584025650390 .00047169811320754716 4.20037181235624003655 .00569066938931129612 -2480 OK|190+/-2
192-168-0-110 node-2 6 44 15 200 1022 11.97216554897333333333 .00782934120511046765 .002 .35345619931666666666 .07071408793791316255 .00047169811320754716 4.23163613253004850945 .00569132093529964535 -2490 OK|190+/-1
192-168-0-110 node-2 6 44 15 200 672 11.97213371549333333333 .00793156547132691643 .002 .34705828934666666666 .07169272823601431971 .00047169811320754716 4.15502824712866874553 .00568973084411522053 -2460 OK|190+/-2
192-168-0-110 node-2 6 44 15 200 697 11.97213519222666666666 .00793348899009807790 .002 .34754285780666666666 .07140237228951829174 .00047169811320754716 4.16083007875422231323 .00568984984627201212 -2471 OK|190+/-2
192-168-0-110 node-2 6 44 15 200 847 11.97214452774666666666 .00782694702597651481 .002 .35020421265000000000 .07090207102668087473 .00047169811320754716 4.19269544807152747865 .00569050690352287245 -2477 OK|190+/-1
