#TXnode RXnode MCS CHANNEL TXPOWER FPS SIZE Vmu Vsd Verr Imu Isd Ierr Pmu Perr loss status
192-168-0-110 node-2 24 44 15 500 347 11.97224994302666666666 .00850583774872724632 .002 .36527609522000000000 .07026232973753498895 .00047169811320754716 4.37317671018664826833 .00569434499928600831 8098 ERR|0+/-0
192-168-0-110 node-2 24 44 15 500 972 11.97223736362000000000 .00876536426342925750 .002 .36726009346666666666 .07135333496889477029 .00047169811320754716 4.39692501316820011960 .00569484954626207925 7708 ERR|0+/-0
192-168-0-110 node-2 24 44 15 500 1297 11.97224317990000000000 .00864382459651097790 .002 .36841501461000000000 .07155681752640532454 .00047169811320754716 4.41075414603733135833 .00569515065019982329 7829 ERR|0+/-0
192-168-0-110 node-2 24 44 15 500 122 11.97221407505333333333 .00851700201494739990 .002 .36459906128333333333 .07039578564469797953 .00047169811320754716 4.36505801324755617947 .00569415465884886200 7638 ERR|0+/-0
192-168-0-110 node-2 24 44 15 500 922 11.97221593392666666666 .00853030724259799566 .002 .36687845024333333333 .07100319787561460819 .00047169811320754716 4.39234802781755709087 .00569474112399391953 7648 ERR|0+/-0
192-168-0-110 node-2 24 44 15 500 797 11.97221215114000000000 .00848861016826696547 .002 .36664453275000000000 .07130816417060369609 .00047169811320754716 4.38954613013859767983 .00569467909373746976 7623 ERR|0+/-0
192-168-0-110 node-2 24 44 15 500 647 11.97221263468666666666 .00843688387656987074 .002 .36560537280666666666 .07102688951583803398 .00047169811320754716 4.37710526362530372867 .00569441207305185809 7564 ERR|0+/-0
192-168-0-110 node-2 24 44 15 500 1472 11.97222459940666666666 .00834656720437442053 .002 .36790439330000000000 .07139172493938085615 .00047169811320754716 4.40463402769604523997 .00569500992247507150 7708 ERR|0+/-0
192-168-0-110 node-2 24 44 15 500 622 11.97220106998000000000 .00840995851165846655 .002 .36622467376666666666 .07099822833700379350 .00047169811320754716 4.38451543112236310344 .00569456584277194304 7645 ERR|0+/-0
192-168-0-110 node-2 24 44 15 500 1197 11.97222298165333333333 .00836384072152553488 .002 .36809998529000000000 .07136973510038232312 .00047169811320754716 4.40697510343519193987 .00569505972089507767 7791 ERR|0+/-0
192-168-0-110 node-2 24 44 15 500 1272 11.97221146062000000000 .00820331478371806417 .002 .36798957272000000000 .07129995657991566729 .00047169811320754716 4.40564897990704090628 .00569502579017584958 7795 ERR|0+/-0
192-168-0-110 node-2 24 44 15 500 272 11.97219650174000000000 .00814977234255500047 .002 .36532561427333333333 .07046645422385206030 .00047169811320754716 4.37375004119921794546 .00569433270638023046 7551 ERR|0+/-0
192-168-0-110 node-2 24 44 15 500 547 11.97219920958666666666 .00813832209374482179 .002 .36613419710333333333 .07071195327122500283 .00047169811320754716 4.38343154516317615352 .00569454170067012504 7613 ERR|0+/-0
192-168-0-110 node-2 24 44 15 500 497 11.97219739576000000000 .00811932738709667255 .002 .36584864350666666666 .07067685494600059918 .00047169811320754716 4.38001217703284330078 .00569446744094512581 7626 ERR|0+/-0
192-168-0-110 node-2 24 44 15 500 1147 11.97221587342000000000 .00812593832260514453 .002 .36729667123666666666 .07126296625760021954 .00047169811320754716 4.39735503763394780811 .00569484893010742296 7679 ERR|0+/-0
192-168-0-110 node-2 24 44 15 500 172 11.97220078379333333333 .00805851752871977501 .002 .36477053398666666666 .07034758475615440999 .00047169811320754716 4.36710607289988340177 .00569419236908380186 7530 ERR|0+/-0
192-168-0-110 node-2 24 44 15 500 97 11.97221004014666666666 .00809974197343275620 .002 .36578261061000000000 .07054190680629849298 .00047169811320754716 4.37922624325610064062 .00569445638787520085 7624 ERR|0+/-0
192-168-0-110 node-2 24 44 15 500 772 11.97221711529333333333 .00802862434701178804 .002 .36708222555666666666 .07067233357045460657 .00047169811320754716 4.39478810352949252176 .00569479420308066005 7648 ERR|0+/-0
192-168-0-110 node-2 24 44 15 500 822 11.97221434370000000000 .00816836497627023642 .002 .36678507651000000000 .07108548766596903103 .00047169811320754716 4.39122955404812393648 .00569471632108070682 7695 ERR|0+/-0
192-168-0-110 node-2 24 44 15 500 997 11.97221695152000000000 .00801717623242033329 .002 .36776335864333333333 .07103266040940461459 .00047169811320754716 4.40294271649764464293 .00569496990804022949 7785 ERR|0+/-0
192-168-0-110 node-2 24 44 15 500 147 11.97220968487333333333 .00818878452607804487 .002 .36507936697000000000 .07074061101586247021 .00047169811320754716 4.37080673298565971796 .00569427570148340903 7645 ERR|0+/-0
192-168-0-110 node-2 24 44 15 500 1172 11.97221429520666666666 .00807145234549166498 .002 .36802177180666666666 .07123967438573670060 .00047169811320754716 4.40603551737106047572 .00569503543868888492 7711 ERR|0+/-0
192-168-0-110 node-2 24 44 15 500 1247 11.97222483507333333333 .00800023603666716823 .002 .36704635767666666666 .07105068127956396802 .00047169811320754716 4.39436151899979829949 .00569478856648152741 7704 ERR|0+/-0
192-168-0-110 node-2 24 44 15 500 697 11.97220849566000000000 .00813164704095710797 .002 .36677922900666666666 .07102101202617668521 .00047169811320754716 4.39115740154523936936 .00569471207906172285 7594 ERR|0+/-0
192-168-0-110 node-2 24 44 15 500 1422 11.97222377192666666666 .00815765014218894778 .002 .36903676637333333333 .07156956102553195903 .00047169811320754716 4.41819074708976886397 .00569530258879150160 7799 ERR|0+/-0
192-168-0-110 node-2 24 44 15 500 747 11.97222883050000000000 .00820185805192059880 .002 .36785354635000000000 .07131941551399940630 .00047169811320754716 4.40402683301313804367 .00569499876334986748 7628 ERR|0+/-0
192-168-0-110 node-2 24 44 15 500 447 11.97222601234000000000 .00816492467910662602 .002 .36671976597333333333 .07102384230489705081 .00047169811320754716 4.39045192142517855207 .00569470495471401046 7725 ERR|0+/-0
192-168-0-110 node-2 24 44 15 500 722 11.97222348890000000000 .00816850130233744530 .002 .36746323373333333333 .07126437005692092287 .00047169811320754716 4.39935195820936417218 .00569489547251563257 7721 ERR|0+/-0
192-168-0-110 node-2 24 44 15 500 1022 11.97222223573333333333 .00823242440525278980 .002 .36750185375666666666 .07158927993885392775 .00047169811320754716 4.39981386521878430549 .00569490485468907899 7768 ERR|0+/-0
192-168-0-110 node-2 24 44 15 500 472 11.97220505332000000000 .00821245074285264678 .002 .36538476827666666666 .07093811957471079561 .00047169811320754716 4.37446136916806589443 .00569435188833597989 7514 ERR|0+/-0
192-168-0-110 node-2 24 44 15 500 1222 11.97221790174000000000 .00813834383523492081 .002 .36828625979666666666 .07148805254577626490 .00047169811320754716 4.40920335250252111896 .00569510551620143908 7765 ERR|0+/-0
192-168-0-110 node-2 24 44 15 500 1122 11.97221599102000000000 .00815011470760863033 .002 .36677979210666666666 .07132608120612857397 .00047169811320754716 4.39116689224242584013 .00569471573022378703 7701 ERR|0+/-0
192-168-0-110 node-2 24 44 15 500 522 11.97221601671333333333 .00821023268565695584 .002 .36538934957666666666 .07116270457931054695 .00047169811320754716 4.37452022333823588917 .00569435819285083523 7606 ERR|0+/-0
192-168-0-110 node-2 24 44 15 500 947 11.97223162877333333333 .00807435983441741404 .002 .36725294249000000000 .07109232972809307569 .00047169811320754716 4.39683729383885201591 .00569484501909559080 7661 ERR|0+/-0
192-168-0-110 node-2 24 44 15 500 1322 11.97222741460666666666 .00815868672748490570 .002 .36903124171666666666 .07159534107303829487 .00047169811320754716 4.41812594892661604059 .00569530286064027327 7958 ERR|0+/-0
192-168-0-110 node-2 24 44 15 500 672 11.97221729400666666666 .00808776395104063976 .002 .36631109360000000000 .07094748332903247844 .00047169811320754716 4.38555600978441479235 .00569459566566899989 7671 ERR|0+/-0
192-168-0-110 node-2 24 44 15 500 897 11.97222248729333333333 .00823103681181954926 .002 .36701141511000000000 .07142809458141043993 .00047169811320754716 4.39394231707329026033 .00569477846008100301 7622 ERR|0+/-0
192-168-0-110 node-2 24 44 15 500 397 11.97221533322000000000 .00825784430492241964 .002 .36618240428333333333 .07117511264198758055 .00047169811320754716 4.38401459531628833858 .00569456164184645383 7657 ERR|0+/-0
192-168-0-110 node-2 24 44 15 500 72 11.97221767435333333333 .00818238849608347855 .002 .36560154140333333333 .07084198121260972695 .00047169811320754716 4.37706123575980930710 .00569441344660933449 7580 ERR|0+/-0
192-168-0-110 node-2 24 44 15 500 597 11.97222303683333333333 .00818712306008180751 .002 .36724800637666666666 .07125117150940002291 .00047169811320754716 4.39677504217384356479 .00569483972685869624 7732 ERR|0+/-0
192-168-0-110 node-2 24 44 15 500 1447 11.97223713478000000000 .00819644040919993634 .002 .36926009625000000000 .07179944770894625036 .00047169811320754716 4.42086943671668702257 .00569536674017622240 7834 ERR|0+/-0
192-168-0-110 node-2 24 44 15 500 1372 11.97223048654666666666 .00817481347332912666 .002 .36822453980000000000 .07150194816115282197 .00047169811320754716 4.40846906128817642455 .00569509543887895964 7784 ERR|0+/-0
192-168-0-110 node-2 24 44 15 500 572 11.97220482772666666666 .00818671149097967663 .002 .36667492479000000000 .07111734886208995459 .00047169811320754716 4.38990730477715040667 .00569468349538821165 7670 ERR|0+/-0
192-168-0-110 node-2 24 44 15 500 422 11.97221864604666666666 .00815975905231498487 .002 .36535778142666666666 .07094791688043958778 .00047169811320754716 4.37414324327458117801 .00569435132067068900 7581 ERR|0+/-0
192-168-0-110 node-2 24 44 15 500 197 11.97221571060000000000 .00821064617348007025 .002 .36591855831333333333 .07104457743556705032 .00047169811320754716 4.38085591263899157074 .00569449397714754985 7577 ERR|0+/-0
192-168-0-110 node-2 24 44 15 500 1347 11.97223737858000000000 .00821537117425838587 .002 .36866554163333333333 .07169957334808225795 .00047169811320754716 4.41375137773703451817 .00569521278404953803 7818 ERR|0+/-0
192-168-0-110 node-2 24 44 15 500 372 11.97223220289333333333 .00821109281702574532 .002 .36550616733666666666 .07108570041002129037 .00047169811320754716 4.37592470694416008474 .00569439575271919786 7627 ERR|0+/-0
192-168-0-110 node-2 24 44 15 500 872 11.97222297605333333333 .00814282598477682132 .002 .36655538559666666666 .07125655919564956007 .00047169811320754716 4.38848280943650175616 .00569466120158912965 7639 ERR|0+/-0
192-168-0-110 node-2 24 44 15 500 322 11.97220914512666666666 .00818452637792183732 .002 .36567750740333333333 .07107939141235927668 .00047169811320754716 4.37796759830131168771 .00569442896784898090 7594 ERR|0+/-0
192-168-0-110 node-2 24 44 15 500 847 11.97222096794666666666 .00818038515243730562 .002 .36654600791666666666 .07131226062291103543 .00047169811320754716 4.38836980169706154282 .00569465784778148896 7905 ERR|0+/-0
192-168-0-110 node-2 24 44 15 500 1072 11.97220968794666666666 .00818410548422762205 .002 .36805075082333333333 .07145638834351141938 .00047169811320754716 4.40638076466315593636 .00569504077464380495 7808 ERR|0+/-0
192-168-0-110 node-2 24 44 15 500 1397 11.97221857432666666666 .00815489194070635248 .002 .36747845401333333333 .07157246964696106607 .00047169811320754716 4.39953237280327713858 .00569489710214218444 7804 ERR|0+/-0
192-168-0-110 node-2 24 44 15 500 222 11.97222693943333333333 .00815147869503532039 .002 .36597061059333333333 .07098782986904215935 .00047169811320754716 4.38148320318637137168 .00569451260993378431 7611 ERR|0+/-0
192-168-0-110 node-2 24 44 15 500 297 11.97222117736000000000 .00820802416181622238 .002 .36520389341000000000 .07106423131173139615 .00047169811320754716 4.37230178673752614519 .00569431301829659343 7616 ERR|0+/-0
192-168-0-110 node-2 24 44 15 500 1047 11.97222280228666666666 .00818474865189870995 .002 .36704516089000000000 .07140139581571051129 .00047169811320754716 4.39434644467623622656 .00569478730707420977 7680 ERR|0+/-0
192-168-0-110 node-2 24 44 15 500 247 11.97220641064000000000 .00824925212700502747 .002 .36532780529666666666 .07121625111566100381 .00047169811320754716 4.37377989255779441361 .00569433790402401480 7591 ERR|0+/-0
192-168-0-110 node-2 24 44 15 500 1097 11.97222929236666666666 .00814070237227960386 .002 .36677118852000000000 .07131035950115892866 .00047169811320754716 4.39106876679528089696 .00569471973567367931 7663 ERR|0+/-0
192-168-0-110 node-2 24 44 15 600 347 11.97227843974000000000 .00818005764826869420 .002 .37830819797333333333 .07171532162976347845 .00047169811320754716 4.52921108217303023008 .00569776084604077604 10076 ERR|0+/-0
192-168-0-110 node-2 24 44 15 600 972 11.97228033646666666666 .00823846404615303944 .002 .37825869116000000000 .07216750577016432726 .00047169811320754716 4.52861909027248575229 .00569774858544099592 10085 ERR|0+/-0
192-168-0-110 node-2 24 44 15 600 1297 11.97228371736000000000 .00822638188173659793 .002 .38081238438666666666 .07192250700509783084 .00047169811320754716 4.55919390896152682353 .00569843054654071571 10223 ERR|0+/-0
192-168-0-110 node-2 24 44 15 600 122 11.97226452116666666666 .00816950812607030277 .002 .37639666334666666666 .07166657399714904391 .00047169811320754716 4.50632041847081123408 .00569724792576494252 10025 ERR|0+/-0
192-168-0-110 node-2 24 44 15 600 922 11.97228457555333333333 .00820888394933789583 .002 .37889700163333333333 .07189387536988703504 .00047169811320754716 4.53626272837816281336 .00569792021082041390 10097 ERR|0+/-0
192-168-0-110 node-2 24 44 15 600 797 11.97229194318000000000 .00819910328495137387 .002 .37968455053333333333 .07191999725102419892 .00047169811320754716 4.54569428530014623865 .00569813334884832876 10254 ERR|0+/-0
192-168-0-110 node-2 24 44 15 600 647 11.97227347354000000000 .00825098907559909571 .002 .37771877695666666666 .07184201629462791316 .00047169811320754716 4.52215249381627214331 .00569760210332288648 10159 ERR|0+/-0
192-168-0-110 node-2 24 44 15 600 1472 11.97228848710000000000 .00819533017463334542 .002 .38113257104000000000 .07224254290736661022 .00047169811320754716 4.56302909232101487358 .00569851840074731968 10324 ERR|0+/-0
192-168-0-110 node-2 24 44 15 600 622 11.97226533068000000000 .00823228827719354893 .002 .37734263339333333333 .07188689764394678932 .00047169811320754716 4.51764612756249791046 .00569749860022945859 10034 ERR|0+/-0
192-168-0-110 node-2 24 44 15 600 1197 11.97228651646000000000 .00817583224462554026 .002 .38064214482000000000 .07208993082733933002 .00047169811320754716 4.55715681802490063373 .00569838635822499052 10084 ERR|0+/-0
192-168-0-110 node-2 24 44 15 600 1272 11.97228679368666666666 .00818590470655144018 .002 .38063093561333333333 .07218605463342698957 .00047169811320754716 4.55702272371211059711 .00569838349284260878 10200 ERR|0+/-0
192-168-0-110 node-2 24 44 15 600 272 11.97227052450000000000 .00821937509923898168 .002 .37698057175666666666 .07189190304085551489 .00047169811320754716 4.51331338755149751962 .00569740515712478359 10025 ERR|0+/-0
192-168-0-110 node-2 24 44 15 600 547 11.97227229914666666666 .00824036174771858604 .002 .37772631629333333333 .07201339416547338355 .00047169811320754716 4.52224231321738688472 .00569760355353581002 9934 ERR|0+/-0
192-168-0-110 node-2 24 44 15 600 497 11.97227172270666666666 .00822108449647101364 .002 .37798411592000000000 .07191410708364987646 .00047169811320754716 4.52532854266129478948 .00569767167092562556 10102 ERR|0+/-0
192-168-0-110 node-2 24 44 15 600 1147 11.97227693769333333333 .00823053960239657433 .002 .37991084537333333333 .07225360652819621266 .00047169811320754716 4.54839785244273667423 .00569818666660033260 10106 ERR|0+/-0
192-168-0-110 node-2 24 44 15 600 172 11.97227328900666666666 .00821175309755058271 .002 .37625945896666666666 .07174900887477260455 .00047169811320754716 4.50468107032272327101 .00569721577339731183 9997 ERR|0+/-0
192-168-0-110 node-2 24 44 15 600 97 11.97226326435333333333 .00825602766913808011 .002 .37705882895000000000 .07172749756521319711 .00047169811320754716 4.51424756633817214569 .00569742247696547425 10036 ERR|0+/-0
192-168-0-110 node-2 24 44 15 600 772 11.97226964744000000000 .00824736909333867390 .002 .37914099528000000000 .07198749851252524728 .00047169811320754716 4.53917822989093630408 .00569797815220915268 10189 ERR|0+/-0
192-168-0-110 node-2 24 44 15 600 822 11.97226978817333333333 .00821020280340035388 .002 .37870683953333333333 .07210106956595645599 .00047169811320754716 4.53398045351953320441 .00569786272885358743 10078 ERR|0+/-0
192-168-0-110 node-2 24 44 15 600 997 11.97227825473333333333 .00824157807191122712 .002 .37880337971333333333 .07222529404162968937 .00047169811320754716 4.53513946576143456560 .00569789235633137948 10180 ERR|0+/-0
192-168-0-110 node-2 24 44 15 600 147 11.97226610804666666666 .00823850977812798738 .002 .37726494133666666666 .07183102236425455652 .00047169811320754716 4.51671627091918824820 .00569747838373136611 10028 ERR|0+/-0
192-168-0-110 node-2 24 44 15 600 1172 11.97227827397333333333 .00822582285547393975 .002 .38029489889333333333 .07210728414830317903 .00047169811320754716 4.55299635572354011276 .00569828976495681553 10277 ERR|0+/-0
192-168-0-110 node-2 24 44 15 600 1247 11.97228753041333333333 .00823090164566118661 .002 .38040749711000000000 .07215326217723042790 .00047169811320754716 4.55434793412579913710 .00569832415499213329 10158 ERR|0+/-0
192-168-0-110 node-2 24 44 15 600 697 11.97228290174666666666 .00825446736839137671 .002 .37894590544666666666 .07186250934439642784 .00047169811320754716 4.53684758446603637676 .00569793243703892649 10196 ERR|0+/-0
192-168-0-110 node-2 24 44 15 600 1422 11.97228769703333333333 .00826128370450819707 .002 .38020294817000000000 .07225691477669158322 .00047169811320754716 4.55189907875149309609 .00569826962637061953 10217 ERR|0+/-0
192-168-0-110 node-2 24 44 15 600 747 11.97227519205333333333 .00815939394641624654 .002 .37809607435000000000 .07193646850268372418 .00047169811320754716 4.52667025115325764916 .00569770300658993895 10036 ERR|0+/-0
192-168-0-110 node-2 24 44 15 600 447 11.97226947572000000000 .00825410788177540662 .002 .37702199770000000000 .07192256215183347908 .00047169811320754716 4.51380895473868604584 .00569741563149309653 9883 ERR|0+/-0
192-168-0-110 node-2 24 44 15 600 722 11.97228136462666666666 .00826540929195261328 .002 .37817203920333333333 .07209026035564473934 .00047169811320754716 4.52758205757693288453 .00569772605832831348 10035 ERR|0+/-0
192-168-0-110 node-2 24 44 15 600 1022 11.97228061718666666666 .00826734687054810468 .002 .37988369309000000000 .07206426200618131564 .00047169811320754716 4.54807417556669545923 .00569818114575356668 10253 ERR|0+/-0
192-168-0-110 node-2 24 44 15 600 472 11.97227620539333333333 .00822191348005830635 .002 .37807313842666666666 .07189354488280940768 .00047169811320754716 4.52639603908396123850 .00569769739247880467 10086 ERR|0+/-0
192-168-0-110 node-2 24 44 15 600 1222 11.97228536088000000000 .00816636970018783131 .002 .37993430994000000000 .07189002043167147932 .00047169811320754716 4.54868197699070667114 .00569819686224591928 10319 ERR|0+/-0
192-168-0-110 node-2 24 44 15 600 1122 11.97227806662000000000 .00817045728194465380 .002 .38036875883000000000 .07183778254986695578 .00047169811320754716 4.55388054856788145325 .00569830938708890217 10178 ERR|0+/-0
192-168-0-110 node-2 24 44 15 600 522 11.97226793011333333333 .00819256208569380388 .002 .37829458384666666666 .07172076660102350851 .00047169811320754716 4.52904411432301675682 .00569775231694224841 10128 ERR|0+/-0
192-168-0-110 node-2 24 44 15 600 947 11.97228575429333333333 .00815011163471031358 .002 .37931868519333333333 .07175827664714671309 .00047169811320754716 4.54131169107742221672 .00569803298666697611 10149 ERR|0+/-0
192-168-0-110 node-2 24 44 15 600 1322 11.97228468272666666666 .00819953266226743925 .002 .37950481250333333333 .07208372500332174731 .00047169811320754716 4.54353965375471323764 .00569808205972177097 10134 ERR|0+/-0
192-168-0-110 node-2 24 44 15 600 672 11.97227268892000000000 .00816178711979220026 .002 .37771362593000000000 .07172748612807310103 .00047169811320754716 4.52209052795468413569 .00569760037056009220 10030 ERR|0+/-0
192-168-0-110 node-2 24 44 15 600 897 11.97227742965333333333 .00827780275480835735 .002 .37792022749666666666 .07219825070013164197 .00047169811320754716 4.52456580986779538795 .00569765738703934180 10025 ERR|0+/-0
192-168-0-110 node-2 24 44 15 600 397 11.97227336714666666666 .00825472134101880994 .002 .37696688986333333333 .07186149973165507342 .00047169811320754716 4.51315065580689641364 .00569740286510567286 10079 ERR|0+/-0
192-168-0-110 node-2 24 44 15 600 72 11.97227544776666666666 .00819356885468151356 .002 .37705879897666666666 .07157523226871096930 .00047169811320754716 4.51425180135273347170 .00569742816536025314 9981 ERR|0+/-0
192-168-0-110 node-2 24 44 15 600 597 11.97228599494666666666 .00817187941474858585 .002 .37807027994333333333 .07169065463552023263 .00047169811320754716 4.52636551767113531197 .00569770121064796271 10206 ERR|0+/-0
192-168-0-110 node-2 24 44 15 600 1447 11.97228730644000000000 .00825361654408668176 .002 .38051635278333333333 .07228073938577342583 .00047169811320754716 4.55565110032074663021 .00569835312222998251 10259 ERR|0+/-0
192-168-0-110 node-2 24 44 15 600 1372 11.97228940865333333333 .00811780328745466891 .002 .38107884412333333333 .07182793566896766482 .00047169811320754716 4.56238620935963822377 .00569850445891640502 10302 ERR|0+/-0
192-168-0-110 node-2 24 44 15 600 572 11.97227608358666666666 .00822254973072547065 .002 .37808562630333333333 .07192680432935587866 .00047169811320754716 4.52654550133928360389 .00569770065013835998 9996 ERR|0+/-0
192-168-0-110 node-2 24 44 15 600 422 11.97226811513333333333 .00827303188390645693 .002 .37889694506666666666 .07186781362860684785 .00047169811320754716 4.53625581434307947526 .00569791250039809403 10166 ERR|0+/-0
192-168-0-110 node-2 24 44 15 600 197 11.97225473786000000000 .00822278587199664344 .002 .37698111934000000000 .07188511370740064691 .00047169811320754716 4.51331399210208107621 .00569739792101577367 9962 ERR|0+/-0
192-168-0-110 node-2 24 44 15 600 1347 11.97227309334666666666 .00822818873027182878 .002 .37947360736333333333 .07230051036614283215 .00047169811320754716 4.54316165907123319196 .00569806832875272302 10088 ERR|0+/-0
192-168-0-110 node-2 24 44 15 600 372 11.97225220485333333333 .00823798685238367990 .002 .37770696822666666666 .07186681092466483857 .00047169811320754716 4.52200308314017791771 .00569758902813298389 10063 ERR|0+/-0
192-168-0-110 node-2 24 44 15 600 872 11.97225469024666666666 .00820523721643553642 .002 .37789043707333333333 .07208293685071650602 .00047169811320754716 4.52420055765057784836 .00569763885211225721 10084 ERR|0+/-0
192-168-0-110 node-2 24 44 15 600 322 11.97225984578000000000 .00822511657622098144 .002 .37669210062333333333 .07179048862879659687 .00047169811320754716 4.50985571051525297516 .00569732384377539750 9955 ERR|0+/-0
192-168-0-110 node-2 24 44 15 600 847 11.97226892022666666666 .00815371548530342883 .002 .37854427585000000000 .07189821058766385689 .00047169811320754716 4.53203386868866495119 .00569781911318976762 10153 ERR|0+/-0
192-168-0-110 node-2 24 44 15 600 1072 11.97226637330000000000 .00820383636323990496 .002 .37855797194000000000 .07205063172278652179 .00047169811320754716 4.53219687780190696520 .00569782156221919255 10117 ERR|0+/-0
192-168-0-110 node-2 24 44 15 600 1397 11.97226819876000000000 .00815469363711653118 .002 .37992266567333333333 .07214110651216416579 .00047169811320754716 4.54853604822897614919 .00569818573366746093 10254 ERR|0+/-0
192-168-0-110 node-2 24 44 15 600 222 11.97226740558000000000 .00823902217139505760 .002 .37699430751333333333 .07184621387939491290 .00047169811320754716 4.51347665993108396788 .00569740733435973401 10018 ERR|0+/-0
192-168-0-110 node-2 24 44 15 600 297 11.97226532760666666666 .00827062987800017139 .002 .37712134744666666666 .07184050241242617012 .00047169811320754716 4.51499683233603426576 .00569743999302652857 10033 ERR|0+/-0
192-168-0-110 node-2 24 44 15 600 1047 11.97227050872000000000 .00819341832160118198 .002 .37907607143666666666 .07216486532033770199 .00047169811320754716 4.53840127062264029451 .00569796127629676244 10139 ERR|0+/-0
192-168-0-110 node-2 24 44 15 600 247 11.97226409782000000000 .00824928201503927552 .002 .37738727157000000000 .07183893345342483681 .00047169811320754716 4.51818008239175738497 .00569750984996551366 9983 ERR|0+/-0
192-168-0-110 node-2 24 44 15 600 1097 11.97227445436000000000 .00828731709077343860 .002 .37924775363333333333 .07220288688776061134 .00047169811320754716 4.54045819269777154080 .00569800881799308731 10226 ERR|0+/-0
192-168-0-110 node-2 12 44 15 300 347 11.97211106445333333333 .00815977610070843059 .002 .34189833613000000000 .06520403896048050143 .00047169811320754716 4.09324485290015785469 .00568847048577914395 3837 ERR|0+/-0
192-168-0-110 node-2 12 44 15 300 972 11.97210107480666666666 .00811952088973576999 .002 .34301507383333333333 .06569914226510518051 .00047169811320754716 4.10661113411493812318 .00568873472062050631 3917 ERR|0+/-0
192-168-0-110 node-2 12 44 15 300 1297 11.97210628171333333333 .00809891260923521139 .002 .34262508153333333333 .06565244891413810559 .00047169811320754716 4.10194389089776300231 .00568864314966244213 3866 ERR|0+/-0
192-168-0-110 node-2 12 44 15 300 122 11.97209218138666666666 .00809827279025345564 .002 .34163533255000000000 .06498920435046514331 .00047169811320754716 4.09008969370728878680 .00568839843713749010 3858 ERR|0+/-0
192-168-0-110 node-2 12 44 15 300 922 11.97210996065333333333 .00812563568761871885 .002 .34239216721000000000 .06551057855053442359 .00047169811320754716 4.09915667550452262750 .00568858877777996886 3873 ERR|0+/-0
192-168-0-110 node-2 12 44 15 300 797 11.97210293778000000000 .00811716529674554428 .002 .34240306429000000000 .06544641896694816196 .00047169811320754716 4.09928473189118320987 .00568858811278653395 3939 ERR|0+/-0
192-168-0-110 node-2 12 44 15 300 647 11.97209770036666666666 .00810502894154818363 .002 .34248450874666666666 .06536838271396398575 .00047169811320754716 4.10025799957717553579 .00568860527154680508 3892 ERR|0+/-0
192-168-0-110 node-2 12 44 15 300 1472 11.97211401230666666666 .00801764042445085335 .002 .34356688866333333333 .06605468715341630160 .00047169811320754716 4.11322196193089746310 .00568887397570214504 3926 ERR|0+/-0
192-168-0-110 node-2 12 44 15 300 622 11.97211045412666666666 .00815435584770290730 .002 .34249560895000000000 .06556122434449450082 .00047169811320754716 4.10039526040277374043 .00568861391690716518 3858 ERR|0+/-0
192-168-0-110 node-2 12 44 15 300 1197 11.97211459246666666666 .00820346173001766553 .002 .34322277570666666666 .06616924474991652101 .00047169811320754716 4.10910240150469774026 .00568879116064000278 3873 ERR|0+/-0
192-168-0-110 node-2 12 44 15 300 1272 11.97211631834666666666 .00816320951477995571 .002 .34327632523666666666 .06604338632878521379 .00047169811320754716 4.10974409506797467125 .00568880489302799432 3920 ERR|0+/-0
192-168-0-110 node-2 12 44 15 300 272 11.97212137914000000000 .00816136085284858728 .002 .34218887155666666666 .06535507369026987670 .00047169811320754716 4.09672670486736045191 .00568854519416651202 3882 ERR|0+/-0
192-168-0-110 node-2 12 44 15 300 547 11.97211183281333333333 .00815107083568663203 .002 .34221791066333333333 .06540260682541181515 .00047169811320754716 4.09707109765314920252 .00568854771146309627 3853 ERR|0+/-0
192-168-0-110 node-2 12 44 15 300 497 11.97211623618000000000 .00801298379237242623 .002 .34301721987000000000 .06548270707552615864 .00047169811320754716 4.10664202729495190889 .00568874233761979854 3870 ERR|0+/-0
192-168-0-110 node-2 12 44 15 300 1147 11.97211506510666666666 .00805236251852222249 .002 .34305738665333333333 .06579368654070070612 .00047169811320754716 4.10712250694849472033 .00568875147765244794 3884 ERR|0+/-0
192-168-0-110 node-2 12 44 15 300 172 11.97210177602000000000 .00801096619310164359 .002 .34217216364666666666 .06488608080862727511 .00047169811320754716 4.09651996809886407967 .00568853199447300902 3900 ERR|0+/-0
192-168-0-110 node-2 12 44 15 300 97 11.97211372622000000000 .00805722208516332321 .002 .34167995037666666666 .06475233084720918376 .00047169811320754716 4.09063122387865945912 .00568841924556277409 3837 ERR|0+/-0
192-168-0-110 node-2 12 44 15 300 772 11.97212144232666666666 .00811020311948325434 .002 .34296879666000000000 .06566176695117463871 .00047169811320754716 4.10606408454216045729 .00568873309704078312 3909 ERR|0+/-0
192-168-0-110 node-2 12 44 15 300 822 11.97209115302666666666 .00803632560487027491 .002 .34229302484000000000 .06527333647499560413 .00047169811320754716 4.09796329442970105451 .00568855610490126395 3896 ERR|0+/-0
192-168-0-110 node-2 12 44 15 300 997 11.97210092398666666666 .00804964845557759932 .002 .34304331230000000000 .06567288856653338154 .00047169811320754716 4.10694915615427665436 .00568874146108237195 3950 ERR|0+/-0
192-168-0-110 node-2 12 44 15 300 147 11.97210829786666666666 .00809801873084398280 .002 .34162339564000000000 .06481529643125559207 .00047169811320754716 4.08995228968703123463 .00568840311662278115 3881 ERR|0+/-0
192-168-0-110 node-2 12 44 15 300 1172 11.97210996281333333333 .00806578923083187997 .002 .34272964539000000000 .06558919418613225370 .00047169811320754716 4.10319700212509982009 .00568867006855216731 3892 ERR|0+/-0
192-168-0-110 node-2 12 44 15 300 1247 11.97210897988666666666 .00802697629738602380 .002 .34333137413333333333 .06573149753212927492 .00047169811320754716 4.11040062733850882822 .00568881474498631920 3900 ERR|0+/-0
192-168-0-110 node-2 12 44 15 300 697 11.97211916356000000000 .00797928557595409853 .002 .34326180649333333333 .06548497125706210684 .00047169811320754716 4.10957125163706044334 .00568880272098899998 3902 ERR|0+/-0
192-168-0-110 node-2 12 44 15 300 1422 11.97212267481333333333 .00795121381778766844 .002 .34398814616000000000 .06585275362521811304 .00047169811320754716 4.11826828450913905738 .00568897985691588206 3895 ERR|0+/-0
192-168-0-110 node-2 12 44 15 300 747 11.97210619844000000000 .00798506337287303312 .002 .34255968535000000000 .06521981980189748025 .00047169811320754716 4.10116093231439106085 .00568862735698891776 3883 ERR|0+/-0
192-168-0-110 node-2 12 44 15 300 447 11.97211814228000000000 .00791285297006186132 .002 .34236412767333333333 .06487479642826032182 .00047169811320754716 4.09882378418378020532 .00568858585853034831 3879 ERR|0+/-0
192-168-0-110 node-2 12 44 15 300 722 11.97210028101333333333 .00801602756902433126 .002 .34248506704666666666 .06524649303773409567 .00047169811320754716 4.10026556743226830759 .00568860661442687298 3904 ERR|0+/-0
192-168-0-110 node-2 12 44 15 300 1022 11.97210758721333333333 .00796134914541046114 .002 .34394826943333333333 .06592519233382450420 .00047169811320754716 4.11778568609170582147 .00568896314819678191 3913 ERR|0+/-0
192-168-0-110 node-2 12 44 15 300 472 11.97208911012000000000 .00803847756088916192 .002 .34227353851333333333 .06515786272880125708 .00047169811320754716 4.09772930311771641438 .00568855045825853073 3845 ERR|0+/-0
192-168-0-110 node-2 12 44 15 300 1222 11.97210578150000000000 .00798244636723340346 .002 .34304287187000000000 .06553757108020945217 .00047169811320754716 4.10694554961719071640 .00568874362940204135 3965 ERR|0+/-0
192-168-0-110 node-2 12 44 15 300 1122 11.97210595894000000000 .00803297859486241628 .002 .34303013640666666666 .06567952214723468517 .00047169811320754716 4.10679314017025503906 .00568874064064754405 3902 ERR|0+/-0
192-168-0-110 node-2 12 44 15 300 522 11.97211088574000000000 .00810405791636801050 .002 .34210875799333333333 .06518826276734354101 .00047169811320754716 4.09576398567897723830 .00568852100599638113 3898 ERR|0+/-0
192-168-0-110 node-2 12 44 15 300 947 11.97212108476666666666 .00803064590906985077 .002 .34266414075333333333 .06544539740969746407 .00047169811320754716 4.10241658450643481781 .00568865949200192417 3874 ERR|0+/-0
192-168-0-110 node-2 12 44 15 300 1322 11.97211963488000000000 .00796307596414539298 .002 .34394680972000000000 .06591117971214102263 .00047169811320754716 4.11777235400314723503 .00568896843635126877 3933 ERR|0+/-0
192-168-0-110 node-2 12 44 15 300 672 11.97212024094000000000 .00798552423566161184 .002 .34232084693666666666 .06511381229758453760 .00047169811320754716 4.09830634050619059417 .00568857642261689229 3896 ERR|0+/-0
192-168-0-110 node-2 12 44 15 300 897 11.97211305884666666666 .00795535694168007146 .002 .34280594640333333333 .06533172076381233095 .00047169811320754716 4.10411154758563750263 .00568868990817848323 3914 ERR|0+/-0
192-168-0-110 node-2 12 44 15 300 397 11.97210513603333333333 .00796740751728168790 .002 .34245460580000000000 .06506692228299407554 .00047169811320754716 4.09990254495645054232 .00568860155246151512 3966 ERR|0+/-0
192-168-0-110 node-2 12 44 15 300 72 11.97209906920000000000 .00808335254059677518 .002 .34147466476333333333 .06475783823878898530 .00047169811320754716 4.08816851616848503824 .00568836307383682480 3881 ERR|0+/-0
192-168-0-110 node-2 12 44 15 300 597 11.97209502617333333333 .00805967238338164152 .002 .34247354374000000000 .06532499577254648204 .00047169811320754716 4.10012580960560951815 .00568860137874521930 3859 ERR|0+/-0
192-168-0-110 node-2 12 44 15 300 1447 11.97208594582000000000 .00802121148593757375 .002 .34316249519000000000 .06572538429754795834 .00047169811320754716 4.10837088579672235060 .00568876320037291146 3872 ERR|0+/-0
192-168-0-110 node-2 12 44 15 300 1372 11.97210066215333333333 .00801272831584867664 .002 .34325836870666666666 .06586634138481636859 .00047169811320754716 4.10952374328275703360 .00568879322795243631 3905 ERR|0+/-0
192-168-0-110 node-2 12 44 15 300 572 11.97211407223333333333 .00805294410502218374 .002 .34273412703000000000 .06529254278020039755 .00047169811320754716 4.10325206525046986246 .00568867307287608680 3885 ERR|0+/-0
192-168-0-110 node-2 12 44 15 300 422 11.97210602864666666666 .00794413552064560766 .002 .34229486645000000000 .06498263279101485612 .00047169811320754716 4.09799043420085064090 .00568856351396213910 3864 ERR|0+/-0
192-168-0-110 node-2 12 44 15 300 197 11.97208963382666666666 .00804622660276183310 .002 .34178595159000000000 .06480185547744566086 .00047169811320754716 4.09189204801822191978 .00568843343569937539 3872 ERR|0+/-0
192-168-0-110 node-2 12 44 15 300 1347 11.97209708834666666666 .00797327409809009011 .002 .34356450736000000000 .06586369087668682130 .00047169811320754716 4.11318763822391293022 .00568886547589586354 3955 ERR|0+/-0
192-168-0-110 node-2 12 44 15 300 372 11.97208728121333333333 .00804182206796484026 .002 .34231239840333333333 .06492810006629016431 .00047169811320754716 4.09819391112617835295 .00568855895498006858 3854 ERR|0+/-0
192-168-0-110 node-2 12 44 15 300 872 11.97209857106666666666 .00798626316951891023 .002 .34256608133333333333 .06516617429330156941 .00047169811320754716 4.10123489282670751338 .00568862532599688446 3882 ERR|0+/-0
192-168-0-110 node-2 12 44 15 300 322 11.97209183440000000000 .00802267104650807928 .002 .34193968599000000000 .06495903306941579953 .00047169811320754716 4.09373332249817908005 .00568847142250619379 3855 ERR|0+/-0
192-168-0-110 node-2 12 44 15 300 847 11.97209600476666666666 .00800751753578478840 .002 .34272752825000000000 .06532397288681160473 .00047169811320754716 4.10316687168537988465 .00568866302232888110 3888 ERR|0+/-0
192-168-0-110 node-2 12 44 15 300 1072 11.97210389785333333333 .00804669502676361097 .002 .34288829584333333333 .06568801991262371877 .00047169811320754716 4.10509430319425791388 .00568870547064564856 3897 ERR|0+/-0
192-168-0-110 node-2 12 44 15 300 1397 11.97211549378666666666 .00802183963138204539 .002 .34391649203333333333 .06607435607118143228 .00047169811320754716 4.11740796284102871279 .00568895916579966409 3886 ERR|0+/-0
192-168-0-110 node-2 12 44 15 300 222 11.97210547482666666666 .00800859283183611414 .002 .34206630170000000000 .06486794375846723731 .00047169811320754716 4.09525384333628031520 .00568850825950983216 3841 ERR|0+/-0
192-168-0-110 node-2 12 44 15 300 297 11.97210977352000000000 .00807497663021171845 .002 .34197541928666666666 .06506694900435018706 .00047169811320754716 4.09416725954550190654 .00568848841526787676 3841 ERR|0+/-0
192-168-0-110 node-2 12 44 15 300 1047 11.97209651722666666666 .00804919033711922543 .002 .34280544700333333333 .06553755403391338940 .00047169811320754716 4.10409989815493765533 .00568868204202637344 3916 ERR|0+/-0
192-168-0-110 node-2 12 44 15 300 247 11.97209408792666666666 .00802081993733997559 .002 .34249091753000000000 .06524088207584555244 .00047169811320754716 4.10033348892949256201 .00568860512335060131 3874 ERR|0+/-0
192-168-0-110 node-2 12 44 15 300 1097 11.97211008765333333333 .00797388829690794326 .002 .34367034305666666666 .06573484829383863041 .00047169811320754716 4.11445918093600070331 .00568889713331195592 3912 ERR|0+/-0
192-168-0-110 node-2 12 44 15 400 347 11.97216328462000000000 .00807554255561177016 .002 .35361985796000000000 .06888903421696525076 .00047169811320754716 4.23359468018125145257 .00569136054045627300 5544 ERR|0+/-0
192-168-0-110 node-2 12 44 15 400 972 11.97218162118666666666 .00811423664518161745 .002 .35619092575000000000 .06983723441562070003 .00047169811320754716 4.26438245489761461355 .00569201039860640802 5638 ERR|0+/-0
192-168-0-110 node-2 12 44 15 400 1297 11.97217196034000000000 .00806886190053518700 .002 .35632097054333333333 .06996700848017274291 .00047169811320754716 4.26593593242003042821 .00569203843474299460 5674 ERR|0+/-0
192-168-0-110 node-2 12 44 15 400 122 11.97214246024000000000 .00805047666625612424 .002 .35328208998666666666 .06869912262819850117 .00047169811320754716 4.22954350997170053538 .00569126688729488506 5512 ERR|0+/-0
192-168-0-110 node-2 12 44 15 400 922 11.97217136544000000000 .00817392079946405218 .002 .35533827241666666666 .06982392610851703252 .00047169811320754716 4.25417069007173485520 .00569179242316386921 5591 ERR|0+/-0
192-168-0-110 node-2 12 44 15 400 797 11.97215577528666666666 .00815072848858596749 .002 .35433149965000000000 .06958104301834330515 .00047169811320754716 4.24211190990073300864 .00569153406610363881 5620 ERR|0+/-0
192-168-0-110 node-2 12 44 15 400 647 11.97215718817333333333 .00816120487034322095 .002 .35377358407666666666 .06930911160922134709 .00047169811320754716 4.23543295758930793090 .00569139590096152597 5558 ERR|0+/-0
192-168-0-110 node-2 12 44 15 400 1472 11.97217468562000000000 .00806569359523464169 .002 .35556031190000000000 .06982669468619448444 .00047169811320754716 4.25683016534033164487 .00569184944171749328 5630 ERR|0+/-0
192-168-0-110 node-2 12 44 15 400 622 11.97215957685333333333 .00820003637084628058 .002 .35449374587000000000 .06945328884643954159 .00047169811320754716 4.24405569455213228092 .00569157625756427162 5565 ERR|0+/-0
192-168-0-110 node-2 12 44 15 400 1197 11.97216628018666666666 .00811315377008651796 .002 .35539026429000000000 .06971463106825735809 .00047169811320754716 4.25479133843936565719 .00569180302756987893 5653 ERR|0+/-0
192-168-0-110 node-2 12 44 15 400 1272 11.97217385275333333333 .00811751926723235994 .002 .35623024197333333333 .07002340207299634259 .00047169811320754716 4.26485038851313433019 .00569201660482418392 5732 ERR|0+/-0
192-168-0-110 node-2 12 44 15 400 272 11.97216089304666666666 .00815587206261218825 .002 .35415472254000000000 .06922243724714560156 .00047169811320754716 4.23999731928118084860 .00569149245052240405 5527 ERR|0+/-0
192-168-0-110 node-2 12 44 15 400 547 11.97215077296000000000 .00812268202018747253 .002 .35507142762333333333 .06953498164646003212 .00047169811320754716 4.25096866667670086235 .00569171617384152685 5627 ERR|0+/-0
192-168-0-110 node-2 12 44 15 400 497 11.97216414262666666666 .00818836620594006958 .002 .35355098409000000000 .06932146005296854045 .00047169811320754716 4.23277041431266911747 .00569134382639119774 5507 ERR|0+/-0
192-168-0-110 node-2 12 44 15 400 1147 11.97216361634666666666 .00810958143117181726 .002 .35484506991666666666 .06974024544581171123 .00047169811320754716 4.24826323549630577615 .00569166571818557524 5622 ERR|0+/-0
192-168-0-110 node-2 12 44 15 400 172 11.97215986986000000000 .00816195702714767360 .002 .35362433743000000000 .06907124317192801214 .00047169811320754716 4.23364710158527752685 .00569136005549957188 5567 ERR|0+/-0
192-168-0-110 node-2 12 44 15 400 97 11.97215350090666666666 .00815998305938177790 .002 .35376924907000000000 .06903123607097598357 .00047169811320754716 4.23537975376652303082 .00569139309733856636 5602 ERR|0+/-0
192-168-0-110 node-2 12 44 15 400 772 11.97216538955333333333 .00817254696636211384 .002 .35441537111333333333 .06950907751489056260 .00047169811320754716 4.24311943956874956839 .00569155945423038957 5565 ERR|0+/-0
192-168-0-110 node-2 12 44 15 400 822 11.97216346136000000000 .00817729128567417793 .002 .35543668061333333333 .06987409695926923676 .00047169811320754716 4.25534604046603360772 .00569181330183873037 5603 ERR|0+/-0
192-168-0-110 node-2 12 44 15 400 997 11.97216643812000000000 .00813600887337758623 .002 .35548710808333333333 .06982436185186498401 .00047169811320754716 4.25595082457962029343 .00569182729203051803 5621 ERR|0+/-0
192-168-0-110 node-2 12 44 15 400 147 11.97215174867333333333 .00816037805615493343 .002 .35347393975666666666 .06902197567691132492 .00047169811320754716 4.23184364596822931400 .00569131888328675798 5566 ERR|0+/-0
192-168-0-110 node-2 12 44 15 400 1172 11.97214752967333333333 .00809837958985166920 .002 .35526556067000000000 .06963844994117533615 .00047169811320754716 4.25329170455335222861 .00569176311209614731 5632 ERR|0+/-0
192-168-0-110 node-2 12 44 15 400 1247 11.97216081358000000000 .00815502183649793116 .002 .35559547932666666666 .06989445819631053646 .00047169811320754716 4.25724626308091567050 .00569185173741097985 5632 ERR|0+/-0
192-168-0-110 node-2 12 44 15 400 697 11.97215152867333333333 .00815477323017502982 .002 .35497308461000000000 .06960488533090658170 .00047169811320754716 4.24979155755149999438 .00569169199079054435 5616 ERR|0+/-0
192-168-0-110 node-2 12 44 15 400 1422 11.97215291676666666666 .00811328939543152189 .002 .35532550213333333333 .06988638969107462979 .00047169811320754716 4.25401124676716710572 .00569178060011904446 5677 ERR|0+/-0
192-168-0-110 node-2 12 44 15 400 747 11.97216170098000000000 .00805827571252634045 .002 .35454533816000000000 .06936089351204858707 .00047169811320754716 4.24467411878015490339 .00569159010610794599 5667 ERR|0+/-0
192-168-0-110 node-2 12 44 15 400 447 11.97216086698666666666 .00799207770088317146 .002 .35339871715666666666 .06870851219624203433 .00047169811320754716 4.23094629198633419185 .00569130446547001120 5553 ERR|0+/-0
192-168-0-110 node-2 12 44 15 400 722 11.97217332106000000000 .00806149835923900191 .002 .35428195335333333333 .06916787688031574856 .00047169811320754716 4.24152495006980073691 .00569152994067929770 5541 ERR|0+/-0
192-168-0-110 node-2 12 44 15 400 1022 11.97216643048000000000 .00813269727158278036 .002 .35497514479666666666 .06960081788910029295 .00047169811320754716 4.24982151218942991198 .00569169947899926459 5573 ERR|0+/-0
192-168-0-110 node-2 12 44 15 400 472 11.97215799577333333333 .00813897299736768385 .002 .35337492388666666666 .06896977244313320394 .00047169811320754716 4.23066042051554941495 .00569129721207812252 5551 ERR|0+/-0
192-168-0-110 node-2 12 44 15 400 1222 11.97215952130000000000 .00815061330186285000 .002 .35594705672333333333 .07003697592883428679 .00047169811320754716 4.26145494422896634650 .00569193903384604076 5639 ERR|0+/-0
192-168-0-110 node-2 12 44 15 400 1122 11.97217518526000000000 .00809800304253192535 .002 .35573588368666666666 .06968835461698218298 .00047169811320754716 4.25893231918004831171 .00569189355691370075 5609 ERR|0+/-0
192-168-0-110 node-2 12 44 15 400 522 11.97216271712000000000 .00803888636179406942 .002 .35394659062666666666 .06896087735642235889 .00047169811320754716 4.23750617615231392344 .00569144151497184937 5586 ERR|0+/-0
192-168-0-110 node-2 12 44 15 400 947 11.97216209800000000000 .00805617869992426868 .002 .35561919639000000000 .06953182615066837470 .00047169811320754716 4.25753066434157642622 .00569185826556022563 5670 ERR|0+/-0
192-168-0-110 node-2 12 44 15 400 1322 11.97216865360000000000 .00810921677853023238 .002 .35583624549333333333 .06991740890523456097 .00047169811320754716 4.26013154410999960106 .00569191559352851876 5660 ERR|0+/-0
192-168-0-110 node-2 12 44 15 400 672 11.97216468509333333333 .00808012654654515977 .002 .35462103895333333333 .06918673067145254732 .00047169811320754716 4.24558147914820465996 .00569161036719060205 5592 ERR|0+/-0
192-168-0-110 node-2 12 44 15 400 897 11.97216101953333333333 .00801769548278605802 .002 .35458465826666666666 .06921463249050536553 .00047169811320754716 4.24514462382473459139 .00569159958515578289 5573 ERR|0+/-0
192-168-0-110 node-2 12 44 15 400 397 11.97217327728666666666 .00812356836678329001 .002 .35372574345666666666 .06904714305739463497 .00047169811320754716 4.23486589330026365387 .00569139153712786922 5543 ERR|0+/-0
192-168-0-110 node-2 12 44 15 400 72 11.97216275659333333333 .00811292501196911224 .002 .35339705086333333333 .06876188385838600211 .00047169811320754716 4.23092701063591922948 .00569130493602420498 5635 ERR|0+/-0
192-168-0-110 node-2 12 44 15 400 597 11.97217203672666666666 .00812745574640679603 .002 .35395541655333333333 .06922551461079356793 .00047169811320754716 4.23761514030775643857 .00569144807241379652 5579 ERR|0+/-0
192-168-0-110 node-2 12 44 15 400 1447 11.97218970162000000000 .00802448370030734313 .002 .35552314274333333333 .06976454209846057865 .00047169811320754716 4.25639050823931256820 .00569184718214820837 5618 ERR|0+/-0
192-168-0-110 node-2 12 44 15 400 1372 11.97218609750000000000 .00799136642009891885 .002 .35583218591333333333 .06979615146850755223 .00047169811320754716 4.26008914923464467317 .00569192274206471815 5609 ERR|0+/-0
192-168-0-110 node-2 12 44 15 400 572 11.97217412846000000000 .00804812621756580492 .002 .35364526085000000000 .06893561773181382147 .00047169811320754716 4.23390264260085810879 .00569137192945155623 5580 ERR|0+/-0
192-168-0-110 node-2 12 44 15 400 422 11.97216819113333333333 .00809688708133786870 .002 .35367363011666666666 .06900463285580013525 .00047169811320754716 4.23424018452541276955 .00569137620195248382 5550 ERR|0+/-0
192-168-0-110 node-2 12 44 15 400 197 11.97217281802666666666 .00810651255523267909 .002 .35373664519000000000 .06893971882744245142 .00047169811320754716 4.23499624828366142262 .00569139403243215536 5573 ERR|0+/-0
192-168-0-110 node-2 12 44 15 400 1347 11.97217543149333333333 .00805109434496623819 .002 .35552578814000000000 .06978416076394996498 .00047169811320754716 4.25641710603201191048 .00569184116463456313 5632 ERR|0+/-0
192-168-0-110 node-2 12 44 15 400 372 11.97217246399333333333 .00810371367737788475 .002 .35399603988333333333 .06907702149799024223 .00047169811320754716 4.23810164105392913222 .00569145837854140685 5564 ERR|0+/-0
192-168-0-110 node-2 12 44 15 400 872 11.97216785517333333333 .00818171726976944064 .002 .35498909944333333333 .06961494583694038865 .00047169811320754716 4.24998908529240517124 .00569170362708983029 5589 ERR|0+/-0
192-168-0-110 node-2 12 44 15 400 322 11.97215133206666666666 .00817266686261042638 .002 .35308279388333333333 .06901787134572295855 .00047169811320754716 4.22716064112016947214 .00569122156876236720 5546 ERR|0+/-0
192-168-0-110 node-2 12 44 15 400 847 11.97218437715333333333 .00812527614211992859 .002 .35545836436000000000 .06968688373038857080 .00047169811320754716 4.25561307651926921958 .00569182850702295931 5600 ERR|0+/-0
192-168-0-110 node-2 12 44 15 400 1072 11.97217104152666666666 .00806482137189874342 .002 .35520221176000000000 .06961385808708093424 .00047169811320754716 4.25254163351929480701 .00569175830093716822 5724 ERR|0+/-0
192-168-0-110 node-2 12 44 15 400 1397 11.97217993292000000000 .00808064634298837137 .002 .35546188233000000000 .06984698764026149345 .00047169811320754716 4.25565361454919633330 .00569182730590512733 5627 ERR|0+/-0
192-168-0-110 node-2 12 44 15 400 222 11.97217251958000000000 .00801260470429542093 .002 .35278974756666666666 .06851133016654117408 .00047169811320754716 4.22365972100721184060 .00569115879322943509 5493 ERR|0+/-0
192-168-0-110 node-2 12 44 15 400 297 11.97217237410000000000 .00811851729919897257 .002 .35408470237666666666 .06926558540789545662 .00047169811320754716 4.23916309188534927903 .00569148039762680988 5552 ERR|0+/-0
192-168-0-110 node-2 12 44 15 400 1047 11.97216031658000000000 .00807296605860863507 .002 .35552827486666666666 .06961046101259630071 .00047169811320754716 4.25644150378085325720 .00569183471212090978 5635 ERR|0+/-0
192-168-0-110 node-2 12 44 15 400 247 11.97215597334000000000 .00812881477313726407 .002 .35362940098333333333 .06912870336862691691 .00047169811320754716 4.23370634533126023641 .00569135949024020446 5521 ERR|0+/-0
192-168-0-110 node-2 12 44 15 400 1097 11.97217200978666666666 .00803594130191352131 .002 .35520666423666666666 .06955177615770742213 .00047169811320754716 4.25259528326391126058 .00569175986555125935 5669 ERR|0+/-0
192-168-0-110 node-2 48 44 15 700 347 11.97230898143333333333 .00818494435238070387 .002 .38459366949333333333 .07360771632538960565 .00047169811320754716 4.60447424347743764303 .00569945805896939994 12539 ERR|0+/-0
192-168-0-110 node-2 48 44 15 700 972 11.97232304304000000000 .00796956785618561190 .002 .38783794952000000000 .07315561642555304933 .00047169811320754716 4.64332122000368030734 .00570034393868432380 12742 ERR|0+/-0
192-168-0-110 node-2 48 44 15 700 1297 11.97231862612000000000 .00802759687515670594 .002 .38744499604666666666 .07367579959170176946 .00047169811320754716 4.63861494276649709799 .00570023498523837524 12694 ERR|0+/-0
192-168-0-110 node-2 48 44 15 700 122 11.97229918141333333333 .00808054044886204873 .002 .38371177267666666666 .07337639729265137653 .00047169811320754716 4.59391214191551537710 .00569921570835327481 12166 ERR|0+/-0
192-168-0-110 node-2 48 44 15 700 922 11.97231627226000000000 .00809938683385629939 .002 .38677067246000000000 .07357319599027414562 .00047169811320754716 4.63054081552580064395 .00570005070668885541 12613 ERR|0+/-0
192-168-0-110 node-2 48 44 15 700 797 11.97232064745333333333 .00804666111459826671 .002 .38624732630666666666 .07341708294290180690 .00047169811320754716 4.62427683976495037492 .00569991080144101465 12725 ERR|0+/-0
192-168-0-110 node-2 48 44 15 700 647 11.97233223014666666666 .00811079140976823235 .002 .38703038141333333333 .07338270681699190244 .00047169811320754716 4.63365630944080807429 .00570012867655751522 12685 ERR|0+/-0
192-168-0-110 node-2 48 44 15 700 1472 11.97233289691333333333 .00799324463312358656 .002 .38858301782000000000 .07345187525966571930 .00047169811320754716 4.65224524742824602966 .00570055150525179186 13030 ERR|0+/-0
192-168-0-110 node-2 48 44 15 700 622 11.97232176859333333333 .00800700963154712459 .002 .38576809796333333333 .07320663349580657461 .00047169811320754716 4.61853979687526120392 .00569978150728142473 12406 ERR|0+/-0
192-168-0-110 node-2 48 44 15 700 1197 11.97231948386000000000 .00804231860138362834 .002 .38675307661666666666 .07363091263806085399 .00047169811320754716 4.63033139462051770166 .00570004743190147673 12573 ERR|0+/-0
192-168-0-110 node-2 48 44 15 700 1272 11.97231675803333333333 .00814057379907121289 .002 .38702758564000000000 .07399752486255707005 .00047169811320754716 4.63361684937895307464 .00570012068668231971 12631 ERR|0+/-0
192-168-0-110 node-2 48 44 15 700 272 11.97230756990000000000 .00814871093046297415 .002 .38460120164333333333 .07360304884446058481 .00047169811320754716 4.60456387782711598649 .00569945943231040025 12552 ERR|0+/-0
192-168-0-110 node-2 48 44 15 700 547 11.97230918498000000000 .00807548807027585423 .002 .38505537504666666666 .07382611761422701252 .00047169811320754716 4.61000200339712602938 .00569958284923816507 12431 ERR|0+/-0
192-168-0-110 node-2 48 44 15 700 497 11.97230430852666666666 .00803869076502896770 .002 .38488011427000000000 .07357981924058892807 .00047169811320754716 4.60790185034095680200 .00569953321924704286 12395 ERR|0+/-0
192-168-0-110 node-2 48 44 15 700 1147 11.97231226110666666666 .00806148920898764150 .002 .38769404267333333333 .07337928195799543628 .00047169811320754716 4.64159414065595991558 .00570029974294034295 12763 ERR|0+/-0
192-168-0-110 node-2 48 44 15 700 172 11.97228864836666666666 .00810953429831675229 .002 .38384383509333333333 .07346204831805151939 .00047169811320754716 4.59548918963344142663 .00569924635675227413 12426 ERR|0+/-0
192-168-0-110 node-2 48 44 15 700 97 11.97231211622666666666 .00804544350869415153 .002 .38424832236333333333 .07318753886887681202 .00047169811320754716 4.60034084547030570717 .00569936635052996746 12471 ERR|0+/-0
192-168-0-110 node-2 48 44 15 700 772 11.97230815106000000000 .00816007869082778331 .002 .38607318022333333333 .07373984522715083621 .00047169811320754716 4.62218708249347005783 .00569985776853259909 12511 ERR|0+/-0
192-168-0-110 node-2 48 44 15 700 822 11.97230329734000000000 .00811903677534530262 .002 .38590554062666666666 .07375498810002178367 .00047169811320754716 4.62017817650641666318 .00569981009032331444 12491 ERR|0+/-0
192-168-0-110 node-2 48 44 15 700 997 11.97229741196000000000 .00809800291089637112 .002 .38704764881666666666 .07377399372970649357 .00047169811320754716 4.63384956423298128976 .00570011709486441164 12742 ERR|0+/-0
192-168-0-110 node-2 48 44 15 700 147 11.97229378576666666666 .00809463142666157407 .002 .38413102854000000000 .07357787039464885762 .00047169811320754716 4.59892952590960007911 .00569932615618780936 12363 ERR|0+/-0
192-168-0-110 node-2 48 44 15 700 1172 11.97231737978666666666 .00812154242262637079 .002 .38794194241333333333 .07376919722724041959 .00047169811320754716 4.64456405950334886264 .00570036959764736307 12743 ERR|0+/-0
192-168-0-110 node-2 48 44 15 700 1247 11.97230639618666666666 .00817750863052356918 .002 .38722566693333333333 .07392431560307693866 .00047169811320754716 4.63598432899359449671 .00570016965525744680 12601 ERR|0+/-0
192-168-0-110 node-2 48 44 15 700 697 11.97230929602000000000 .00815287462534295384 .002 .38595675295666666666 .07385599544275413156 .00047169811320754716 4.62079362128479495348 .00569982676404422751 12606 ERR|0+/-0
192-168-0-110 node-2 48 44 15 700 1422 11.97232205786666666666 .00811990182862681720 .002 .38861395053333333333 .07372002131724074427 .00047169811320754716 4.65261137196493233748 .00570055487478800961 12900 ERR|0+/-0
192-168-0-110 node-2 48 44 15 700 747 11.97230410328000000000 .00806929087672996269 .002 .38553374122666666666 .07353679970807809120 .00047169811320754716 4.61572719204091103381 .00569970982391843260 12458 ERR|0+/-0
192-168-0-110 node-2 48 44 15 700 447 11.97229863576666666666 .00806548323323531743 .002 .38437339455000000000 .07342936312094722771 .00047169811320754716 4.60183306719596770840 .00569939378452780800 12382 ERR|0+/-0
192-168-0-110 node-2 48 44 15 700 722 11.97231427404000000000 .00808681824884670200 .002 .38672101352333333333 .07331603919760338403 .00047169811320754716 4.62994551027661953922 .00570003629548889714 12630 ERR|0+/-0
192-168-0-110 node-2 48 44 15 700 1022 11.97231713778666666666 .00819433036725812757 .002 .38759932698000000000 .07382353703957237363 .00047169811320754716 4.64046206499723192681 .00570027625741562985 12644 ERR|0+/-0
192-168-0-110 node-2 48 44 15 700 472 11.97230711411333333333 .00807264528062090066 .002 .38628827816000000000 .07343125406355283559 .00047169811320754716 4.62476190071355816843 .00569991557748278934 12560 ERR|0+/-0
192-168-0-110 node-2 48 44 15 700 1222 11.97231605416666666666 .00808982063548953784 .002 .38802497795000000000 .07360879588123136850 .00047169811320754716 4.64555767292845183895 .00570039158467634396 12822 ERR|0+/-0
192-168-0-110 node-2 48 44 15 700 1122 11.97230579657333333333 .00798158770221888559 .002 .38780157118666666666 .07334919998770608206 .00047169811320754716 4.64287899863837549865 .00570032597928543205 12854 ERR|0+/-0
192-168-0-110 node-2 48 44 15 700 522 11.97229577620000000000 .00807708163697380614 .002 .38472635897000000000 .07366268551755015081 .00047169811320754716 4.60605776248933598251 .00569948770818350392 12387 ERR|0+/-0
192-168-0-110 node-2 48 44 15 700 947 11.97230858578666666666 .00797368552162695340 .002 .38629961197666666666 .07351508887004814374 .00047169811320754716 4.62489816115430418102 .00569991933771678649 12554 ERR|0+/-0
192-168-0-110 node-2 48 44 15 700 1322 11.97230028202666666666 .00805811892702404150 .002 .38756119656666666666 .07362602297048978666 .00047169811320754716 4.63999902295769573029 .00570025800998513575 12633 ERR|0+/-0
192-168-0-110 node-2 48 44 15 700 672 11.97229993042666666666 .00806094115028762072 .002 .38571356476000000000 .07339299225337747339 .00047169811320754716 4.61787848454076958776 .00569975653857424773 12525 ERR|0+/-0
192-168-0-110 node-2 48 44 15 700 897 11.97230407336000000000 .00804130564193774007 .002 .38725677349000000000 .07328414693052973650 .00047169811320754716 4.63635584669057786322 .00570017702263951623 12563 ERR|0+/-0
192-168-0-110 node-2 48 44 15 700 397 11.97229147105333333333 .00805551528971449659 .002 .38447244660666666666 .07349981463259858160 .00047169811320754716 4.60301619336400342214 .00569941715994509477 12476 ERR|0+/-0
192-168-0-110 node-2 48 44 15 700 72 11.97227912566000000000 .00805411708725852457 .002 .38402439787333333333 .07329452322637001375 .00047169811320754716 4.59764728240305916338 .00569929056067898682 12358 ERR|0+/-0
192-168-0-110 node-2 48 44 15 700 597 11.97229095462000000000 .00806180919138659904 .002 .38579804980666666666 .07355974695552352945 .00047169811320754716 4.61888650201039157302 .00569977521520288464 12536 ERR|0+/-0
192-168-0-110 node-2 48 44 15 700 1447 11.97229426852000000000 .00814765044489286555 .002 .38947051590666666666 .07358406551768234108 .00047169811320754716 4.66285562534691282451 .00570077571469363369 12899 ERR|0+/-0
192-168-0-110 node-2 48 44 15 700 1372 11.97230211326666666666 .00814420048873896460 .002 .38755026630666666666 .07389269880081658636 .00047169811320754716 4.63986887230036477691 .00570025589319735715 12845 ERR|0+/-0
192-168-0-110 node-2 48 44 15 700 572 11.97229971546000000000 .00807912953092618635 .002 .38538074503666666666 .07347311587226700453 .00047169811320754716 4.61389378414624714052 .00569966638604163129 12595 ERR|0+/-0
192-168-0-110 node-2 48 44 15 700 422 11.97229073026000000000 .00817235399179164778 .002 .38441821767333333333 .07368759402863838978 .00047169811320754716 4.60236666399351957142 .00569940218197558155 12398 ERR|0+/-0
192-168-0-110 node-2 48 44 15 700 197 11.97228389208666666666 .00818598551413679817 .002 .38407201826000000000 .07361960401852131247 .00047169811320754716 4.59821923761541410949 .00569930562411441223 12476 ERR|0+/-0
192-168-0-110 node-2 48 44 15 700 1347 11.97231038423333333333 .00803263990055846957 .002 .38689060139333333333 .07357121384017356132 .00047169811320754716 4.63197436462368400865 .00570008051056442359 12529 ERR|0+/-0
192-168-0-110 node-2 48 44 15 700 372 11.97228769785333333333 .00816615997184415130 .002 .38497536286333333333 .07352891401742685972 .00047169811320754716 4.60903580078530866867 .00569955118689577346 12569 ERR|0+/-0
192-168-0-110 node-2 48 44 15 700 872 11.97230443766000000000 .00814142519959013810 .002 .38563898097666666666 .07380128492587587604 .00047169811320754716 4.61698728328162665416 .00569973845807254826 12624 ERR|0+/-0
192-168-0-110 node-2 48 44 15 700 322 11.97230649980666666666 .00813046292593096570 .002 .38447300866666666666 .07344694732695269554 .00047169811320754716 4.60302870066015821824 .00569942433582676488 12483 ERR|0+/-0
192-168-0-110 node-2 48 44 15 700 847 11.97231615562666666666 .00804995424742308395 .002 .38663408907666666666 .07337301915002077907 .00047169811320754716 4.62890555096857606262 .00570001358774567922 12657 ERR|0+/-0
192-168-0-110 node-2 48 44 15 700 1072 11.97232798112000000000 .00804923477142547321 .002 .38729228435000000000 .07355001095607747902 .00047169811320754716 4.63679025279538847147 .00570019784581557660 12759 ERR|0+/-0
192-168-0-110 node-2 48 44 15 700 1397 11.97233387918000000000 .00814494546167239661 .002 .38967142387333333333 .07347200002026809294 .00047169811320754716 4.66527638978701892758 .00570084914066314510 13522 ERR|0+/-0
192-168-0-110 node-2 48 44 15 700 222 11.97230521792666666666 .00812352012466508757 .002 .38451705390666666666 .07351226604076670843 .00047169811320754716 4.60355553086857470095 .00569943562221801747 12341 ERR|0+/-0
192-168-0-110 node-2 48 44 15 700 297 11.97231035637333333333 .00811946461169392498 .002 .38624957675000000000 .07340280984872108463 .00047169811320754716 4.62429980786884166498 .00569990660194183269 12533 ERR|0+/-0
192-168-0-110 node-2 48 44 15 700 1047 11.97231385738666666666 .00815447824894720900 .002 .38780570134000000000 .07353283802799683210 .00047169811320754716 4.64293157212643700622 .00570033087012230545 12777 ERR|0+/-0
192-168-0-110 node-2 48 44 15 700 247 11.97231231047333333333 .00806874457544107167 .002 .38589262952000000000 .07306147013806082508 .00047169811320754716 4.62002707892322123583 .00569981080611877064 12621 ERR|0+/-0
192-168-0-110 node-2 48 44 15 700 1097 11.97231208580000000000 .00811657441182581840 .002 .38638393659000000000 .07383441474193584647 .00047169811320754716 4.62590907379543783942 .00569994383554026083 12597 ERR|0+/-0
192-168-0-110 node-2 48 44 15 800 347 11.97235175923333333333 .00811161852959169363 .002 .39643340833333333333 .07193489136697562157 .00047169811320754716 4.74624021367844972023 .00570272204287417027 16284 ERR|0+/-0
192-168-0-110 node-2 48 44 15 800 972 11.97236576738666666666 .00806285213623563854 .002 .39645551950000000000 .07213995593217344113 .00047169811320754716 4.74651048995329709070 .00570273473484563807 16238 ERR|0+/-0
192-168-0-110 node-2 48 44 15 800 1297 11.97237134498000000000 .00809985496647915603 .002 .39767824380666666666 .07214683023803445628 .00047169811320754716 4.76115161067290615501 .00570307787061363909 16429 ERR|0+/-0
192-168-0-110 node-2 48 44 15 800 122 11.97234346850000000000 .00811279800363675824 .002 .39346296874666666666 .07276006733424778455 .00047169811320754716 4.71067380397077429773 .00570189522615878307 15873 ERR|0+/-0
192-168-0-110 node-2 48 44 15 800 922 11.97235847725333333333 .00813453158746851753 .002 .39800406910333333333 .07202109142916238033 .00047169811320754716 4.76504739071061431975 .00570316277663909922 16371 ERR|0+/-0
192-168-0-110 node-2 48 44 15 800 797 11.97235545988666666666 .00810615307167111112 .002 .39686211739000000000 .07223651155132375251 .00047169811320754716 4.75137433795634974275 .00570284304413781232 16322 ERR|0+/-0
192-168-0-110 node-2 48 44 15 800 647 11.97234649167333333333 .00810291857406589332 .002 .39663382282000000000 .07205578759068974530 .00047169811320754716 4.74863755711800949865 .00570277532461943655 16598 ERR|0+/-0
192-168-0-110 node-2 48 44 15 800 1472 11.97236872157333333333 .00805872502228827758 .002 .39935977188666666666 .07193229686875018048 .00047169811320754716 4.78128244159058942608 .00570354663247525661 16206 ERR|0+/-0
192-168-0-110 node-2 48 44 15 800 622 11.97233949657578498514 .00779267739629133114 .002 .39593141840031011758 .07226270689626120918 .00082143235012044077 4.74022535844930532521 .00986629552156538943 14041 OK|791+/-4
192-168-0-110 node-2 48 44 15 800 1197 11.97239122100666666666 .00805815460326544491 .002 .39695927062000000000 .07248794196630250475 .00047169811320754716 4.75255168666809762215 .00570288679523756196 16370 ERR|0+/-0
192-168-0-110 node-2 48 44 15 800 1272 11.97237424972666666666 .00815876361467649030 .002 .39865929326666666666 .07204169363736947703 .00047169811320754716 4.77289825712007150975 .00570335319438485590 16018 ERR|0+/-0
192-168-0-110 node-2 48 44 15 800 272 11.97233749465333333333 .00808629947749703801 .002 .39467752577666666666 .07234812605944330843 .00047169811320754716 4.72521254015299378709 .00570222818814894762 16172 ERR|0+/-0
192-168-0-110 node-2 48 44 15 800 547 11.97233809860000000000 .00809614699071920815 .002 .39499930644333333333 .07274149783333675581 .00047169811320754716 4.72906524545209612860 .00570231759360161033 16328 ERR|0+/-0
192-168-0-110 node-2 48 44 15 800 497 11.97234926476000000000 .00803079400389089235 .002 .39342357196666666666 .07301231113299302621 .00047169811320754716 4.71020441257437461381 .00570188706021835108 15963 ERR|0+/-0
192-168-0-110 node-2 48 44 15 800 1147 11.97237806875333333333 .00808181695270132309 .002 .39941289393333333333 .07134877475209609568 .00047169811320754716 4.78192217170474130085 .00570356587736167381 16038 ERR|0+/-0
192-168-0-110 node-2 48 44 15 800 172 11.97234210558000000000 .00804738707823407858 .002 .39373763828666666666 .07251023228173153466 .00047169811320754716 4.71396170541108722355 .00570197043038782602 15883 ERR|0+/-0
192-168-0-110 node-2 48 44 15 800 97 11.97233506287333333333 .00806958120586500635 .002 .39426794626666666666 .07251417625322677786 .00047169811320754716 4.72030795725547267485 .00570211371426453665 16476 ERR|0+/-0
192-168-0-110 node-2 48 44 15 800 772 11.97235888438000000000 .00808380820580925460 .002 .39740054951333333333 .07196527454152107387 .00047169811320754716 4.75782199962345041856 .00570299462184600433 16498 ERR|0+/-0
192-168-0-110 node-2 48 44 15 800 822 11.97236824083333333333 .00812368237537943257 .002 .39707973231666666666 .07223835812497605672 .00047169811320754716 4.75398477626666139951 .00570290960591616777 16396 ERR|0+/-0
192-168-0-110 node-2 48 44 15 800 997 11.97236656958000000000 .00814100879148887174 .002 .39750272941666666666 .07211101295660450927 .00047169811320754716 4.75904838898490445439 .00570302669585654140 16157 ERR|0+/-0
192-168-0-110 node-2 48 44 15 800 147 11.97234063666000000000 .00807743216884129457 .002 .39411217807000000000 .07247896456389921820 .00047169811320754716 4.71844524491004309004 .00570207324466226933 15836 ERR|0+/-0
192-168-0-110 node-2 48 44 15 800 1172 11.97236806353333333333 .00813105738198159194 .002 .39818506642000000000 .07188530089725208912 .00047169811320754716 4.76721817258270711321 .00570321779014844215 16022 ERR|0+/-0
192-168-0-110 node-2 48 44 15 800 1247 11.97236490977333333333 .00810494563817704702 .002 .39753718715333333333 .07216685257372432769 .00047169811320754716 4.75946026980456236040 .00570303552784265407 16646 ERR|0+/-0
192-168-0-110 node-2 48 44 15 800 697 11.97236066855333333333 .00809611485044248492 .002 .39560286605000000000 .07234480291581043363 .00047169811320754716 4.73630019386399277394 .00570249549634199886 16263 ERR|0+/-0
192-168-0-110 node-2 48 44 15 800 1422 11.97237455968000000000 .00810042401250384546 .002 .39782372844000000000 .07238106310924696027 .00047169811320754716 4.76289468561210089329 .00570311995827212633 16209 ERR|0+/-0
192-168-0-110 node-2 48 44 15 800 747 11.97235836140666666666 .00811226798775687020 .002 .39580499390666666666 .07247158297552238599 .00047169811320754716 4.73871922828499541774 .00570255052203508496 16886 ERR|0+/-0
192-168-0-110 node-2 48 44 15 800 447 11.97235825510666666666 .00808959459575589609 .002 .39475723240333333333 .07261908323825661763 .00047169811320754716 4.72617501012710876093 .00570225995613700165 16134 ERR|0+/-0
192-168-0-110 node-2 48 44 15 800 722 11.97235715470000000000 .00805500237929691799 .002 .39761171471666666666 .07168106200841508828 .00047169811320754716 4.76034945748061944992 .00570305268758163236 16317 ERR|0+/-0
192-168-0-110 node-2 48 44 15 800 1022 11.97236620239333333333 .00802403874519826081 .002 .39778213386666666666 .07184360543217063532 .00047169811320754716 4.76239337542118054697 .00570310444950098735 16290 ERR|0+/-0
192-168-0-110 node-2 48 44 15 800 472 11.97235489204666666666 .00810691404432437596 .002 .39555594752666666666 .07239150158257020489 .00047169811320754716 4.73573618344904224458 .00570247977904532687 16203 ERR|0+/-0
192-168-0-110 node-2 48 44 15 800 1222 11.97236976436000000000 .00813336373526308117 .002 .39955095323000000000 .07149313939506098580 .00047169811320754716 4.78357175177206848088 .00570360067779636550 16039 ERR|0+/-0
192-168-0-110 node-2 48 44 15 800 1122 11.97238873424000000000 .00818092718192036409 .002 .40002031420666666666 .07133286773939771482 .00047169811320754716 4.78919870327504102302 .00570374113258612658 15929 ERR|0+/-0
192-168-0-110 node-2 48 44 15 800 522 11.97235864167333333333 .00800975366104732524 .002 .39607932241333333333 .07192393762467000179 .00047169811320754716 4.74200369848338971733 .00570262684166700758 16252 ERR|0+/-0
192-168-0-110 node-2 48 44 15 800 947 11.97235707946666666666 .00809205367375471873 .002 .39735475025000000000 .07195350963030655852 .00047169811320754716 4.75727295721529673653 .00570298101381885805 16509 ERR|0+/-0
192-168-0-110 node-2 48 44 15 800 1322 11.97235483516666666666 .00819167311051438807 .002 .39833914592333333333 .07223281883606008345 .00047169811320754716 4.76905759973138023026 .00570325464954769926 16220 ERR|0+/-0
192-168-0-110 node-2 48 44 15 800 672 11.97235688886000000000 .00803097803240479671 .002 .39592680323000000000 .07231527468248117565 .00047169811320754716 4.74017699013500819901 .00570258365763854971 16112 ERR|0+/-0
192-168-0-110 node-2 48 44 15 800 897 11.97236035198666666666 .00808112339844467292 .002 .39649818803333333333 .07216357623406164326 .00047169811320754716 4.74701918604483421185 .00570274407116277049 16352 ERR|0+/-0
192-168-0-110 node-2 48 44 15 800 397 11.97237384149333333333 .00811426720673551087 .002 .39641351355666666666 .07192438142508142196 .00047169811320754716 4.74601078012029887109 .00570272682595362707 16276 ERR|0+/-0
192-168-0-110 node-2 48 44 15 800 72 11.97235389756000000000 .00810621586065150192 .002 .39415113206666666666 .07259215446108063680 .00047169811320754716 4.71891684222604296434 .00570209020984941626 15967 ERR|0+/-0
192-168-0-110 node-2 48 44 15 800 597 11.97235426517333333333 .00812088885055584171 .002 .39653788477666666666 .07200373549550593468 .00047169811320754716 4.74749203610873697243 .00570275226854544944 16487 ERR|0+/-0
192-168-0-110 node-2 48 44 15 800 1447 11.97238389314000000000 .00818510386108885364 .002 .40061935286666666666 .07152410743485746533 .00047169811320754716 4.79636868754105008592 .00570390704448495811 16073 ERR|0+/-0
192-168-0-110 node-2 48 44 15 800 1372 11.97236909057333333333 .00805574684550521733 .002 .39919404501666666666 .07146031575977864688 .00047169811320754716 4.77929844569847978722 .00570350039777647512 16026 ERR|0+/-0
192-168-0-110 node-2 48 44 15 800 572 11.97235471052000000000 .00807390344629272365 .002 .39596838787333333333 .07244894796448267363 .00047169811320754716 4.74067399377231277838 .00570259418945365776 16236 ERR|0+/-0
192-168-0-110 node-2 48 44 15 800 422 11.97235460513333333333 .00807872020919656803 .002 .39463970242333333333 .07269933687364821954 .00047169811320754716 4.72476645867644311973 .00570222571021698859 16086 ERR|0+/-0
192-168-0-110 node-2 48 44 15 800 197 11.97236509165333333333 .00808529190842753741 .002 .39511761602333333333 .07219617909325470300 .00047169811320754716 4.73049235317504175055 .00570236298933371041 16049 ERR|0+/-0
192-168-0-110 node-2 48 44 15 800 1347 11.97238954264666666666 .00822076030604395800 .002 .40086260470666666666 .07130159355987436203 .00047169811320754716 4.79928325662820046197 .00570397804333022744 15950 ERR|0+/-0
192-168-0-110 node-2 48 44 15 800 372 11.97236335045333333333 .00809206834540029574 .002 .39599583681000000000 .07208140861724385384 .00047169811320754716 4.74100604355614302618 .00570260584949378208 16439 ERR|0+/-0
192-168-0-110 node-2 48 44 15 800 872 11.97237339854666666666 .00813725216857161186 .002 .39780204220333333333 .07182265965909046284 .00047169811320754716 4.76263458796272642328 .00570311336515188430 16504 ERR|0+/-0
192-168-0-110 node-2 48 44 15 800 322 11.97235399864000000000 .00807442254636266047 .002 .39538270655333333333 .07201823642186257694 .00047169811320754716 4.73366172779690606571 .00570243130416404841 16468 ERR|0+/-0
192-168-0-110 node-2 48 44 15 800 847 11.97236459173333333333 .00807064043630420323 .002 .39780663169666666666 .07166686323039086562 .00047169811320754716 4.76268603168187511589 .00570311053212438887 16282 ERR|0+/-0
192-168-0-110 node-2 48 44 15 800 1072 11.97235810487333333333 .00809962792270545412 .002 .39686252265666666666 .07227852810163484831 .00047169811320754716 4.75138023964902004599 .00570284439244026892 16276 ERR|0+/-0
192-168-0-110 node-2 48 44 15 800 1397 11.97236020178000000000 .00811734566604258697 .002 .39987339669333333333 .07141593333695118550 .00047169811320754716 4.78742834032185025140 .00570368659920990224 16150 ERR|0+/-0
192-168-0-110 node-2 48 44 15 800 222 11.97234477557333333333 .00802738729022017225 .002 .39361954952666666666 .07252033285743338995 .00047169811320754716 4.71254895733911659814 .00570193906506625428 15952 ERR|0+/-0
192-168-0-110 node-2 48 44 15 800 297 11.97234340278000000000 .00810411659588555031 .002 .39366576599666666666 .07278695433977224259 .00047169811320754716 4.71310173643052741805 .00570195118622818008 15978 ERR|0+/-0
192-168-0-110 node-2 48 44 15 800 1047 11.97236105304000000000 .00807478203726411738 .002 .39696779009666666666 .07210273754709086307 .00047169811320754716 4.75264170946468981664 .00570287507571500727 16417 ERR|0+/-0
192-168-0-110 node-2 48 44 15 800 247 11.97234898462666666666 .00808332707641305332 .002 .39385462410000000000 .07291716454139803590 .00047169811320754716 4.71536500893415247883 .00570200596166034712 15968 ERR|0+/-0
192-168-0-110 node-2 48 44 15 800 1097 11.97237400970666666666 .00805580597867271130 .002 .39829543429666666666 .07160650187005869902 .00047169811320754716 4.76854190575824130215 .00570325139412981777 16331 ERR|0+/-0
192-168-0-110 node-2 6 44 15 100 347 11.97201169126000000000 .00796599703310694875 .002 .31820747196333333333 .04816529455624415580 .00047169811320754716 3.80958357459131533266 .00568292294019378728 1131 ERR|0+/-0
192-168-0-110 node-2 6 44 15 100 972 11.97200524805333333333 .00797401814610974659 .002 .31874382592333333333 .04882802794512751986 .00047169811320754716 3.81600275673874478299 .00568304014971356418 1143 ERR|0+/-0
192-168-0-110 node-2 6 44 15 100 1297 11.97199620079333333333 .00796161779731702519 .002 .31912134609666666666 .04921449158874614331 .00047169811320754716 3.82051954306134776715 .00568312065433137975 1141 ERR|0+/-0
192-168-0-110 node-2 6 44 15 100 122 11.97202277242666666666 .00795115555833444564 .002 .31834399364333333333 .04824825977029550637 .00047169811320754716 3.81122154136323668323 .00568295871810540781 1134 ERR|0+/-0
192-168-0-110 node-2 6 44 15 100 922 11.97200197379333333333 .00792437512887990935 .002 .31876130986333333333 .04875468248563966353 .00047169811320754716 3.81621103085277499947 .00568304253758283424 1134 ERR|0+/-0
192-168-0-110 node-2 6 44 15 100 797 11.97201260700666666666 .00794077810775321690 .002 .31853553973333333333 .04849578709811030729 .00047169811320754716 3.81351149746713965502 .00568299688564782516 1135 ERR|0+/-0
192-168-0-110 node-2 6 44 15 100 647 11.97201174446666666666 .00804097699651849333 .002 .31852977223333333333 .04861485372113613004 .00047169811320754716 3.81344217413975900193 .00568299518827734711 1125 ERR|0+/-0
192-168-0-110 node-2 6 44 15 100 1472 11.97200567618666666666 .00791113916289226769 .002 .31887174402000000000 .04883500785130376489 .00047169811320754716 3.81753432938298178306 .00568306905416661288 1141 ERR|0+/-0
192-168-0-110 node-2 6 44 15 100 622 11.97201096252666666666 .00791828013608658960 .002 .31847182255666666666 .04837991063262584469 .00047169811320754716 3.81274815090426069264 .00568298183069713412 1142 ERR|0+/-0
192-168-0-110 node-2 6 44 15 100 1197 11.97201842904000000000 .00795431334858562760 .002 .31875174265666666666 .04880147902764831870 .00047169811320754716 3.81610173737422882266 .00568304810403785866 1141 ERR|0+/-0
192-168-0-110 node-2 6 44 15 100 1272 11.97199670168666666666 .00782330690447240219 .002 .31871019305000000000 .04832294554752037929 .00047169811320754716 3.81559737998852079394 .00568302859879161702 1131 ERR|0+/-0
192-168-0-110 node-2 6 44 15 100 272 11.97200796777333333333 .00787696231485880602 .002 .31821205764666666666 .04791402005104784598 .00047169811320754716 3.80963728958744059549 .00568292222196410409 1124 ERR|0+/-0
192-168-0-110 node-2 6 44 15 100 547 11.97200945900666666666 .00802393977498322952 .002 .31854637091333333333 .04868411594235721828 .00047169811320754716 3.81364016570667277831 .00568299783852096586 1138 ERR|0+/-0
192-168-0-110 node-2 6 44 15 100 497 11.97200764238666666666 .00799641951477927963 .002 .31853742758666666666 .04841352368949551145 .00047169811320754716 3.81353251745376275589 .00568299498186968048 1135 ERR|0+/-0
192-168-0-110 node-2 6 44 15 100 1147 11.97200216356666666666 .00802663979978343926 .002 .31898987927666666666 .04933780706978149348 .00047169811320754716 3.81894752485612314027 .00568309392643282907 1130 ERR|0+/-0
192-168-0-110 node-2 6 44 15 100 172 11.97201109284666666666 .00797352567056285898 .002 .31843705663000000000 .04827172728786859507 .00047169811320754716 3.81233197434780218123 .00568297409913216831 1142 ERR|0+/-0
192-168-0-110 node-2 6 44 15 100 97 11.97200716951333333333 .00790787096038849447 .002 .31826277914000000000 .04769114525326512590 .00047169811320754716 3.81024427365331854795 .00568293320917661586 1128 ERR|0+/-0
192-168-0-110 node-2 6 44 15 100 772 11.97201430217333333333 .00784166109911247822 .002 .31836249984666666666 .04801528776970273797 .00047169811320754716 3.81144040143994897358 .00568295889464869963 1144 ERR|0+/-0
192-168-0-110 node-2 6 44 15 100 822 11.97201308212666666666 .00792972493552500533 .002 .31876672202666666666 .04855200757296539133 .00047169811320754716 3.81627936624988800422 .00568304895856880244 1131 ERR|0+/-0
192-168-0-110 node-2 6 44 15 100 997 11.97200592226000000000 .00787660575945612819 .002 .31853406302333333333 .04831267891796371386 .00047169811320754716 3.81349168895688674719 .00568299342125910788 1133 ERR|0+/-0
192-168-0-110 node-2 6 44 15 100 147 11.97199471521333333333 .00798520234950572558 .002 .31838518647333333333 .04824393581164963047 .00047169811320754716 3.81170576986095832817 .00568295479754679730 1133 ERR|0+/-0
192-168-0-110 node-2 6 44 15 100 1172 11.97201342743333333333 .00779990056125909594 .002 .31873014292000000000 .04812991463208699874 .00047169811320754716 3.81584155076598538210 .00568304091388197028 1140 ERR|0+/-0
192-168-0-110 node-2 6 44 15 100 1247 11.97200851721333333333 .00797390368729209131 .002 .31886288689666666666 .04881774599294100008 .00047169811320754716 3.81742919775012511470 .00568306839797663441 1138 ERR|0+/-0
192-168-0-110 node-2 6 44 15 100 697 11.97200923561333333333 .00791916692340776145 .002 .31838131419333333333 .04828282983247237808 .00047169811320754716 3.81166403396929711476 .00568296073589485307 1133 ERR|0+/-0
192-168-0-110 node-2 6 44 15 100 1422 11.97201719374000000000 .00794813821333702903 .002 .31905159533666666666 .04910225867072976246 .00047169811320754716 3.81969118506075013711 .00568311482902426580 1144 ERR|0+/-0
192-168-0-110 node-2 6 44 15 100 747 11.97199986232000000000 .00786398728648711766 .002 .31849836247666666666 .04826179324286939557 .00047169811320754716 3.81306235171979878746 .00568298257713320374 1133 ERR|0+/-0
192-168-0-110 node-2 6 44 15 100 447 11.97199860896666666666 .00784217711252212219 .002 .31837352682666666666 .04792147129253368197 .00047169811320754716 3.81156742030066506646 .00568295400979733426 1129 ERR|0+/-0
192-168-0-110 node-2 6 44 15 100 722 11.97201236712000000000 .00790367703464945042 .002 .31864919786333333333 .04853654427722144713 .00047169811320754716 3.81487213759269454621 .00568302226013446123 1138 ERR|0+/-0
192-168-0-110 node-2 6 44 15 100 1022 11.97201343124666666666 .00796095036228183060 .002 .31886341236000000000 .04875052492211955485 .00047169811320754716 3.81743705550706438220 .00568307081920648689 1143 ERR|0+/-0
192-168-0-110 node-2 6 44 15 100 472 11.97200565374666666666 .00785845852355175187 .002 .31847265268000000000 .04800758770644851709 .00047169811320754716 3.81275639844865851403 .00568297952841283249 1137 ERR|0+/-0
192-168-0-110 node-2 6 44 15 100 1222 11.97200386320666666666 .00791676829476744380 .002 .31894391952000000000 .04869461967308482829 .00047169811320754716 3.81839783663971618245 .00568308440500360772 1145 ERR|0+/-0
192-168-0-110 node-2 6 44 15 100 1122 11.97200316235333333333 .00787410598891530098 .002 .31848493251333333333 .04832100345648976369 .00047169811320754716 3.81290261921151461660 .00568298111331912135 1138 ERR|0+/-0
192-168-0-110 node-2 6 44 15 100 522 11.97200680007333333333 .00791092745141679263 .002 .31862713324333333333 .04818844942747138196 .00047169811320754716 3.81460620587705871106 .00568301470221348010 1134 ERR|0+/-0
192-168-0-110 node-2 6 44 15 100 947 11.97199401639333333333 .00782738354216965083 .002 .31855726880333333333 .04809042439187409302 .00047169811320754716 3.81376571599210933987 .00568299304364807576 1135 ERR|0+/-0
192-168-0-110 node-2 6 44 15 100 1322 11.97200460724000000000 .00781211458636225778 .002 .31887822102333333333 .04838541795647814893 .00047169811320754716 3.81761153123984169416 .00568307000682069725 1134 ERR|0+/-0
192-168-0-110 node-2 6 44 15 100 672 11.97200628826666666666 .00789947960714053619 .002 .31870349652333333333 .04842138042816003609 .00047169811320754716 3.81552026446992040441 .00568303159005322000 1133 ERR|0+/-0
192-168-0-110 node-2 6 44 15 100 897 11.97199535070000000000 .00800731756839486040 .002 .31869919290666666666 .04865638935898708729 .00047169811320754716 3.81546525575045575228 .00568302549799846138 1137 ERR|0+/-0
192-168-0-110 node-2 6 44 15 100 397 11.97200804820000000000 .00774470858252137076 .002 .31829167276666666666 .04764590490802646115 .00047169811320754716 3.81059046803757409394 .00568294009388202067 1169 ERR|0+/-0
192-168-0-110 node-2 6 44 15 100 72 11.97201123337333333333 .00790277298784377394 .002 .31845423382666666666 .04819663578428527785 .00047169811320754716 3.81253766468815148882 .00568297801509859969 1161 ERR|0+/-0
192-168-0-110 node-2 6 44 15 100 597 11.97199801816000000000 .00797378067812907367 .002 .31854047775000000000 .04830338889622222417 .00047169811320754716 3.81356596832673957594 .00568299115461770536 1129 ERR|0+/-0
192-168-0-110 node-2 6 44 15 100 1447 11.97200110466000000000 .00803672000067736029 .002 .31922953481666666666 .04938479374862384134 .00047169811320754716 3.82181634346523126383 .00568314725716175508 1146 ERR|0+/-0
192-168-0-110 node-2 6 44 15 100 1372 11.97199754408000000000 .00785748167344460180 .002 .31897262709666666666 .04861310972531607466 .00047169811320754716 3.81873950823003899400 .00568308788787226833 1148 ERR|0+/-0
192-168-0-110 node-2 6 44 15 100 572 11.97199262032666666666 .00786219773436572504 .002 .31835865884666666666 .04794806493218967090 .00047169811320754716 3.81138751432938820674 .00568294787106182683 1130 ERR|0+/-0
192-168-0-110 node-2 6 44 15 100 422 11.97198580656000000000 .00787645495774611155 .002 .31839445716000000000 .04796714173207055434 .00047169811320754716 3.81181392200689596696 .00568295269939138592 1128 ERR|0+/-0
192-168-0-110 node-2 6 44 15 100 197 11.97199375906000000000 .00791356939014266115 .002 .31822234804333333333 .04785286935435161530 .00047169811320754716 3.80975596476820586906 .00568291786676105939 1130 ERR|0+/-0
192-168-0-110 node-2 6 44 15 100 1347 11.97199537682666666666 .00786894406218969763 .002 .31877399981000000000 .04850626046871134365 .00047169811320754716 3.81636085197786471840 .00568304229261695095 1132 ERR|0+/-0
192-168-0-110 node-2 6 44 15 100 372 11.97199539078000000000 .00796446967544073332 .002 .31849494929000000000 .04848010857898410194 .00047169811320754716 3.81302006488658983354 .00568297971605416079 1132 ERR|0+/-0
192-168-0-110 node-2 6 44 15 100 872 11.97200046467333333333 .00793340162143261470 .002 .31896308627333333333 .04896113617587901748 .00047169811320754716 3.81862621707798717554 .00568308711485817363 1138 ERR|0+/-0
192-168-0-110 node-2 6 44 15 100 322 11.97200116390000000000 .00789994673457980664 .002 .31840852492000000000 .04794172632443282741 .00047169811320754716 3.81198723093792215438 .00568296305051838956 1133 ERR|0+/-0
192-168-0-110 node-2 6 44 15 100 847 11.97198572014666666666 .00782161310458999691 .002 .31853433125666666666 .04805595598311584093 .00047169811320754716 3.81348846518128135663 .00568298401216362916 1135 ERR|0+/-0
192-168-0-110 node-2 6 44 15 100 1072 11.97201112184666666666 .00801728698755563134 .002 .31876326413000000000 .04871266270282858742 .00047169811320754716 3.81623734340050662002 .00568304726392450478 1140 ERR|0+/-0
192-168-0-110 node-2 6 44 15 100 1397 11.97199965482666666666 .00793595678576664881 .002 .31873485292000000000 .04890138173115784455 .00047169811320754716 3.81589354913946836809 .00568303551500757559 1133 ERR|0+/-0
192-168-0-110 node-2 6 44 15 100 222 11.97198960066666666666 .00792937925927271686 .002 .31830923148666666666 .04799369769408321407 .00047169811320754716 3.81079480915457202624 .00568293538082837433 1138 ERR|0+/-0
192-168-0-110 node-2 6 44 15 100 297 11.97200288458000000000 .00796423314508246801 .002 .31852286597000000000 .04834116838147326895 .00047169811320754716 3.81335667019752871974 .00568298948706838098 1140 ERR|0+/-0
192-168-0-110 node-2 6 44 15 100 1047 11.97199872959333333333 .00792607248399127561 .002 .31856532598666666666 .04853358793014026961 .00047169811320754716 3.81386367800485943095 .00568299705942736785 1137 ERR|0+/-0
192-168-0-110 node-2 6 44 15 100 247 11.97198649559333333333 .00807364177245759028 .002 .31826232259333333333 .04843770423476253049 .00047169811320754716 3.81023222814355568839 .00568292341641894115 1132 ERR|0+/-0
192-168-0-110 node-2 6 44 15 100 1097 11.97200605436000000000 .00789134811566705185 .002 .31881860640666666666 .04860846330479203484 .00047169811320754716 3.81689828614323121751 .00568305730639588131 1135 ERR|0+/-0
192-168-0-110 node-2 6 44 15 200 347 11.97205404485333333333 .00801150702976523637 .002 .33058235890000000000 .05875683136449494959 .00047169811320754716 3.95774986702590133786 .00568576763397614763 2399 ERR|0+/-0
192-168-0-110 node-2 6 44 15 200 972 11.97204888917333333333 .00799390058504311523 .002 .33109044315333333333 .05914688701622563686 .00047169811320754716 3.96383097216977100008 .00568588347247790596 2410 ERR|0+/-0
192-168-0-110 node-2 6 44 15 200 1297 11.97206021018000000000 .00804947249581709546 .002 .33091702764000000000 .05934292386782819534 .00047169811320754716 3.96175857947987926937 .00568584839459207793 2427 ERR|0+/-0
192-168-0-110 node-2 6 44 15 200 122 11.97205783319333333333 .00798980331036202605 .002 .33000188679000000000 .05826210211863140825 .00047169811320754716 3.95080167371279909084 .00568563452634738473 2418 ERR|0+/-0
192-168-0-110 node-2 6 44 15 200 922 11.97206545980000000000 .00810787988771652931 .002 .33051051475333333333 .05902306294909780417 .00047169811320754716 3.95689351777910031687 .00568575627499125660 2410 ERR|0+/-0
192-168-0-110 node-2 6 44 15 200 797 11.97206584490000000000 .00800906773599133196 .002 .33067042114000000000 .05891922251136985463 .00047169811320754716 3.95880805484889292118 .00568579364543409190 2420 ERR|0+/-0
192-168-0-110 node-2 6 44 15 200 647 11.97205586330000000000 .00799884329325350266 .002 .33078768581000000000 .05895390624610832537 .00047169811320754716 3.96020865340904870977 .00568581625307170650 2402 ERR|0+/-0
192-168-0-110 node-2 6 44 15 200 1472 11.97205617348000000000 .00792255421626735982 .002 .33156867248333333333 .05949005660217076360 .00047169811320754716 3.96955877233665903570 .00568599835404013725 2429 ERR|0+/-0
192-168-0-110 node-2 6 44 15 200 622 11.97206736854666666666 .00809330557297636822 .002 .33065927963666666666 .05896642183161268214 .00047169811320754716 3.95867517184528430241 .00568579176746138848 2421 ERR|0+/-0
192-168-0-110 node-2 6 44 15 200 1197 11.97206105025333333333 .00807259195936293252 .002 .33125451823333333333 .05951046987706435653 .00047169811320754716 3.96579931546172262291 .00568592739563969283 2408 ERR|0+/-0
192-168-0-110 node-2 6 44 15 200 1272 11.97206944204000000000 .00802206331862821062 .002 .33151190408333333333 .05955147439235355321 .00047169811320754716 3.96888353654857049762 .00568599132983209621 2425 ERR|0+/-0
192-168-0-110 node-2 6 44 15 200 272 11.97205696052666666666 .00811732804735958727 .002 .33005606597333333333 .05860604743911634610 .00047169811320754716 3.95145002200009403577 .00568564669704568699 2413 ERR|0+/-0
192-168-0-110 node-2 6 44 15 200 547 11.97206083121333333333 .00804046783509689503 .002 .33030321751666666666 .05858136729421366697 .00047169811320754716 3.95441021285502277600 .00568570592100469086 2416 ERR|0+/-0
192-168-0-110 node-2 6 44 15 200 497 11.97206111470666666666 .00800895992274231073 .002 .33039727769000000000 .05874770332542809260 .00047169811320754716 3.95553640063738948955 .00568572791407432105 2413 ERR|0+/-0
192-168-0-110 node-2 6 44 15 200 1147 11.97206800590000000000 .00804630275804932038 .002 .33123132122333333333 .05946475222769222326 .00047169811320754716 3.96552390336985464851 .00568592524874015205 2409 ERR|0+/-0
192-168-0-110 node-2 6 44 15 200 172 11.97204373852000000000 .00801299203930755693 .002 .33024692121333333333 .05841197390641230050 .00047169811320754716 3.95373058527759509443 .00568568483227684895 2414 ERR|0+/-0
192-168-0-110 node-2 6 44 15 200 97 11.97206588952000000000 .00805020834372225549 .002 .33013614761333333333 .05844376275194299106 .00047169811320754716 3.95241171173912755830 .00568566947776162767 2407 ERR|0+/-0
192-168-0-110 node-2 6 44 15 200 772 11.97205162718000000000 .00798452540166111188 .002 .33055782289666666666 .05887670928903559305 .00047169811320754716 3.95745532148711642758 .00568576079521141831 2406 ERR|0+/-0
192-168-0-110 node-2 6 44 15 200 822 11.97205701430666666666 .00805352055973949010 .002 .33109974798666666666 .05941410393684576423 .00047169811320754716 3.96394506031894230111 .00568588944632816440 2424 ERR|0+/-0
192-168-0-110 node-2 6 44 15 200 997 11.97205805688000000000 .00799006867822024856 .002 .33080789115666666666 .05915068980572129752 .00047169811320754716 3.96045127860165326891 .00568582198289397467 2404 ERR|0+/-0
192-168-0-110 node-2 6 44 15 200 147 11.97205489652666666666 .00798463071860260235 .002 .33025900279666666666 .05849701383905631297 .00047169811320754716 3.95387891155384726720 .00568569286688494984 2413 ERR|0+/-0
192-168-0-110 node-2 6 44 15 200 1172 11.97207046443333333333 .00803122207587748005 .002 .33113083391666666666 .05950922066490253970 .00047169811320754716 3.96432167659690446528 .00568590298864329464 2416 ERR|0+/-0
192-168-0-110 node-2 6 44 15 200 1247 11.97205467491333333333 .00807883717040301598 .002 .33115457192666666666 .05951243652520446452 .00047169811320754716 3.96460064095357336085 .00568590112138881289 2435 ERR|0+/-0
192-168-0-110 node-2 6 44 15 200 697 11.97204286421333333333 .00809221829203041210 .002 .33085731624666666666 .05926720690842379430 .00047169811320754716 3.96103797204367982450 .00568582636852843933 2418 ERR|0+/-0
192-168-0-110 node-2 6 44 15 200 1422 11.97205446318000000000 .00813222062449110943 .002 .33157249803666666666 .05980512548743734581 .00047169811320754716 3.96960400498761695387 .00568599844512619436 2415 ERR|0+/-0
192-168-0-110 node-2 6 44 15 200 747 11.97205094172000000000 .00812675876811846495 .002 .33031969132000000000 .05894731024859857954 .00047169811320754716 3.95460417153626570987 .00568570511593142772 2407 ERR|0+/-0
192-168-0-110 node-2 6 44 15 200 447 11.97205450889333333333 .00805096388850093029 .002 .33008383003666666666 .05850340309604959373 .00047169811320754716 3.95178160570325586004 .00568565199560321753 2405 ERR|0+/-0
192-168-0-110 node-2 6 44 15 200 722 11.97203877716000000000 .00810674902101913045 .002 .33090661174000000000 .05916456139365842691 .00047169811320754716 3.96162678736990849985 .00568583592860744092 2419 ERR|0+/-0
192-168-0-110 node-2 6 44 15 200 1022 11.97206136606666666666 .00810830991975687310 .002 .33127504909000000000 .05964554852674495288 .00047169811320754716 3.96604521675222746021 .00568593232814059703 2412 ERR|0+/-0
192-168-0-110 node-2 6 44 15 200 472 11.97206222708666666666 .00806257762713295989 .002 .33005382151333333333 .05849947798976032529 .00047169811320754716 3.95142488944538264134 .00568564864330377611 2391 ERR|0+/-0
192-168-0-110 node-2 6 44 15 200 1222 11.97206631054666666666 .00802118432585824946 .002 .33098172550666666666 .05919223256783118346 .00047169811320754716 3.96253516534496835692 .00568586631570102868 2423 ERR|0+/-0
192-168-0-110 node-2 6 44 15 200 1122 11.97206570184000000000 .00804878638376172274 .002 .33093830278666666666 .05926178520101424458 .00047169811320754716 3.96201510421739289438 .00568585592040788085 2425 ERR|0+/-0
192-168-0-110 node-2 6 44 15 200 522 11.97206456877333333333 .00805781309918206219 .002 .33095657583333333333 .05907780068093987780 .00047169811320754716 3.96223349533679482527 .00568585964393377283 2419 ERR|0+/-0
192-168-0-110 node-2 6 44 15 200 947 11.97208006228666666666 .00797807058435525061 .002 .33080893052333333333 .05888706990190425861 .00047169811320754716 3.96047100154477411915 .00568583253417666180 2397 ERR|0+/-0
192-168-0-110 node-2 6 44 15 200 1322 11.97206693033333333333 .00801828909267306225 .002 .33146449460000000000 .05951315562365639774 .00047169811320754716 3.96831511438031174286 .00568597909741244652 2429 ERR|0+/-0
192-168-0-110 node-2 6 44 15 200 672 11.97205713318000000000 .00813171205603180221 .002 .33054798797333333333 .05902433517644700045 .00047169811320754716 3.95733939727444218491 .00568576108767458413 2465 ERR|0+/-0
192-168-0-110 node-2 6 44 15 200 897 11.97205751439333333333 .00807042431105007204 .002 .33059952781333333333 .05895983650312678173 .00047169811320754716 3.95795656121250513695 .00568577325249557151 2423 ERR|0+/-0
192-168-0-110 node-2 6 44 15 200 397 11.97205030276000000000 .00806167750292395720 .002 .33015410260000000000 .05856512033027625881 .00047169811320754716 3.95262152398978610317 .00568566634557485706 2411 ERR|0+/-0
192-168-0-110 node-2 6 44 15 200 72 11.97205332926000000000 .00806371510502647656 .002 .33033837320333333333 .05864344396054570437 .00047169811320754716 3.95482862069129920422 .00568571057603143390 2404 ERR|0+/-0
192-168-0-110 node-2 6 44 15 200 597 11.97204769446000000000 .00806132505330383138 .002 .33042898418666666666 .05882664567423275698 .00047169811320754716 3.95591155831474246485 .00568572899687337894 2409 ERR|0+/-0
192-168-0-110 node-2 6 44 15 200 1447 11.97205777630000000000 .00802692445071868295 .002 .33121411869666666666 .05946609440158609424 .00047169811320754716 3.96531456536277938747 .00568591644791302662 2427 ERR|0+/-0
192-168-0-110 node-2 6 44 15 200 1372 11.97204877803333333333 .00792212070324515946 .002 .33128391797666666666 .05913697363439132129 .00047169811320754716 3.96614722539464719636 .00568592849775166975 2444 ERR|0+/-0
192-168-0-110 node-2 6 44 15 200 572 11.97205313469333333333 .00803909208934917227 .002 .33103570497666666666 .05906630726026036046 .00047169811320754716 3.96317704946131965224 .00568587271282682162 2393 ERR|0+/-0
192-168-0-110 node-2 6 44 15 200 422 11.97204904600000000000 .00803834347817406779 .002 .33066554256666666666 .05887167302988967375 .00047169811320754716 3.95874409343033405798 .00568578464031760263 2400 ERR|0+/-0
192-168-0-110 node-2 6 44 15 200 197 11.97204975814666666666 .00800360609553856479 .002 .32992446160000000000 .05818189808747226639 .00047169811320754716 3.94987207070494921383 .00568561276973260464 2399 ERR|0+/-0
192-168-0-110 node-2 6 44 15 200 1347 11.97206633480000000000 .00797847441648395586 .002 .33136588061666666666 .05933707674046024286 .00047169811320754716 3.96713430383215086371 .00568595582695683101 2423 ERR|0+/-0
192-168-0-110 node-2 6 44 15 200 372 11.97206336351333333333 .00802795968095049976 .002 .33061715294666666666 .05880913406227458209 .00047169811320754716 3.95816950414187229807 .00568578009215763989 2416 ERR|0+/-0
192-168-0-110 node-2 6 44 15 200 872 11.97205078281333333333 .00803163352062704489 .002 .33062884968666666666 .05901578625883364768 .00047169811320754716 3.95830537871192958597 .00568577691875371768 2415 ERR|0+/-0
192-168-0-110 node-2 6 44 15 200 322 11.97204912926000000000 .00811076470855198523 .002 .33019789647666666666 .05861037416394576908 .00047169811320754716 3.95314543899696078849 .00568567596850448645 2422 ERR|0+/-0
192-168-0-110 node-2 6 44 15 200 847 11.97205194170666666666 .00806428284110255026 .002 .33084277902000000000 .05928315942969600528 .00047169811320754716 3.96086693496602064165 .00568582723766938683 2408 ERR|0+/-0
192-168-0-110 node-2 6 44 15 200 1072 11.97207009184666666666 .00805840246818180768 .002 .33085981628000000000 .05921375624572167537 .00047169811320754716 3.96107691107967085926 .00568583970638661515 2422 ERR|0+/-0
192-168-0-110 node-2 6 44 15 200 1397 11.97206210006666666666 .00802876488126318530 .002 .33109684453333333333 .05940775174733447485 .00047169811320754716 3.96391198388918530959 .00568589115265625094 2419 ERR|0+/-0
192-168-0-110 node-2 6 44 15 200 222 11.97205589546000000000 .00810659405548606337 .002 .33023041307000000000 .05856058593250175429 .00047169811320754716 3.95353696365488453766 .00568568669252532503 2383 ERR|0+/-0
192-168-0-110 node-2 6 44 15 200 297 11.97204754572666666666 .00806172190468074196 .002 .33061295971000000000 .05884317714789800708 .00047169811320754716 3.95811407288153482933 .00568577170625538745 2415 ERR|0+/-0
192-168-0-110 node-2 6 44 15 200 1047 11.97203879610666666666 .00793918406413737519 .002 .33064851010333333333 .05881473622335815585 .00047169811320754716 3.95853679083197380995 .00568577587617939087 2409 ERR|0+/-0
192-168-0-110 node-2 6 44 15 200 247 11.97205774333333333333 .00800793311644343967 .002 .33034348042333333333 .05861339329509111409 .00047169811320754716 3.95489122276185124463 .00568571383095854376 2393 ERR|0+/-0
192-168-0-110 node-2 6 44 15 200 1097 11.97205988182666666666 .00802762633676877924 .002 .33119731411666666666 .05934619952850695366 .00047169811320754716 3.96511407730488973303 .00568591351884215875 2416 ERR|0+/-0
