#TXnode RXnode MCS CHANNEL TXPOWER FPS SIZE Vmu Vsd Verr Imu Isd Ierr Pmu Perr loss status
192-168-0-110 node-2 24 44 15 500 297 11.97217917741310246801 .00913112858823224709 .002 .34379552887970021966 .06300058053830652075 .00071614691938990667 4.11598167214127188928 .00860136621197053206 -1 ERR|0+/-0
192-168-0-110 node-2 24 44 15 500 1447 11.97217769152000000000 .00871826535905449771 .002 .34594942855000000000 .06347237153598096203 .00047169811320754716 4.14176803088040218089 .00568948130924660125 -1 ERR|0+/-0
192-168-0-110 node-2 24 44 15 500 972 11.97213581618000000000 .00859172195221678946 .002 .34526890805666666666 .06301349214010466235 .00047169811320754716 4.13360626035857836094 .00568929634671241132 -1 ERR|0+/-0
192-168-0-110 node-2 24 44 15 500 347 11.97211085852666666666 .00851353370510266553 .002 .34343894947333333333 .06218498514830130093 .00047169811320754716 4.11168917623068522813 .00568884159821308524 -1 ERR|0+/-0
192-168-0-110 node-2 24 44 15 500 422 11.97212089998000000000 .00852538020746650336 .002 .34462723855333333333 .06261237035496220957 .00047169811320754716 4.12591896538675521985 .00568913374005726112 -1 ERR|0+/-0
192-168-0-110 node-2 24 44 15 500 72 11.97210796077333333333 .00845608949000183358 .002 .34341431803333333333 .06213647358440199155 .00047169811320754716 4.11139329077041528457 .00568883429349487204 -1 ERR|0+/-0
192-168-0-110 node-2 24 44 15 500 522 11.97211135021333333333 .00843627150931700869 .002 .34389452796666666666 .06233953747002478723 .00047169811320754716 4.11714358154598658755 .00568895191458445269 -1 ERR|0+/-0
192-168-0-110 node-2 24 44 15 500 1197 11.97212282999333333333 .00837578710323810224 .002 .34568273629000000000 .06319873807806581433 .00047169811320754716 4.13855617907207394912 .00568939078258901723 -1 ERR|0+/-0
192-168-0-110 node-2 24 44 15 500 672 11.97211860050666666666 .00831048730062296948 .002 .34497766445333333333 .06272466013937410805 .00047169811320754716 4.13011351336109951528 .00568921761609831022 -1 ERR|0+/-0
192-168-0-110 node-2 24 44 15 500 1422 11.97211145041333333333 .00815641161145854261 .002 .34593607897333333333 .06314869695474410032 .00047169811320754716 4.14158529218773515726 .00568944704850625707 -1 ERR|0+/-0
192-168-0-110 node-2 24 44 15 500 1122 11.97211695508666666666 .00814228268670774043 .002 .34467858533000000000 .06276294330415107922 .00047169811320754716 4.12653233548457941420 .00568914433549413122 -1 ERR|0+/-0
192-168-0-110 node-2 24 44 15 500 1222 11.97211415424000000000 .00808236850589554781 .002 .34551288699000000000 .06295878249455326038 .00047169811320754716 4.13651972480530454933 .00568934545092335380 -1 ERR|0+/-0
192-168-0-110 node-2 24 44 15 500 997 11.97210857163333333333 .00802730995577715810 .002 .34526701102666666666 .06261747381153597400 .00047169811320754716 4.13357414221457661646 .00568928313002022777 -1 ERR|0+/-0
192-168-0-110 node-2 24 44 15 500 797 11.97209802664666666666 .00813676145728958493 .002 .34414650019666666666 .06238730281852940090 .00047169811320754716 4.12015563588186968182 .00568900662446544967 -1 ERR|0+/-0
192-168-0-110 node-2 24 44 15 500 397 11.97211083270666666666 .00813265361477927018 .002 .34443975833000000000 .06251262475957991143 .00047169811320754716 4.12367096191745932644 .00568908361095301006 -1 ERR|0+/-0
192-168-0-110 node-2 24 44 15 500 847 11.97212126376000000000 .00810977896671010510 .002 .34453828815333333333 .06262842047159966128 .00047169811320754716 4.12485416577999210328 .00568911235994906326 -1 ERR|0+/-0
192-168-0-110 node-2 24 44 15 500 222 11.97210946730666666666 .00813148529804251998 .002 .34276326600666666666 .06198574979154744821 .00047169811320754716 4.10359934200336735327 .00568867793918531654 -1 ERR|0+/-0
192-168-0-110 node-2 24 44 15 500 922 11.97211441128666666666 .00812151332208138472 .002 .34437752093000000000 .06267255864895021142 .00047169811320754716 4.12292708124922867822 .00568907021548857138 -1 ERR|0+/-0
192-168-0-110 node-2 24 44 15 500 647 11.97210996468666666666 .00812770572915184349 .002 .34374037694000000000 .06244044627091602770 .00047169811320754716 4.11529759202852488898 .00568891400062089354 -1 ERR|0+/-0
192-168-0-110 node-2 24 44 15 500 547 11.97211186828666666666 .00812614256502318263 .002 .34381172651666666666 .06251958721306007231 .00047169811320754716 4.11615245148631466131 .00568893213830372826 -1 ERR|0+/-0
192-168-0-110 node-2 24 44 15 500 1372 11.97213461896000000000 .00816636609070351866 .002 .34599191539666666666 .06353907391670291136 .00047169811320754716 4.14226178820071244050 .00568947147712580329 -1 ERR|0+/-0
192-168-0-110 node-2 24 44 15 500 1472 11.97213125732666666666 .00813480295136846999 .002 .34630359726333333333 .06357510499497121223 .00047169811320754716 4.14599212132101850174 .00568954575370437371 -1 ERR|0+/-0
192-168-0-110 node-2 24 44 15 500 497 11.97211552207333333333 .00815997116259226372 .002 .34374998868666666666 .06255249198844161060 .00047169811320754716 4.11541457526817472686 .00568891892592551278 -1 ERR|0+/-0
192-168-0-110 node-2 24 44 15 500 1397 11.97213445796000000000 .00809883975976461396 .002 .34670896044666666666 .06360228145928219460 .00047169811320754716 4.15084629224702871274 .00568964600148590439 -1 ERR|0+/-0
192-168-0-110 node-2 24 44 15 500 772 11.97211925249333333333 .00819495855149082801 .002 .34504667176666666666 .06301978869946662999 .00047169811320754716 4.13093990206645787652 .00568923466063154315 -1 ERR|0+/-0
192-168-0-110 node-2 24 44 15 500 872 11.97212671782666666666 .00811375233758472073 .002 .34587379834333333333 .06314005676624321874 .00047169811320754716 4.14084494214241367875 .00568943905060731712 -1 ERR|0+/-0
192-168-0-110 node-2 24 44 15 500 272 11.97211037864666666666 .00822451758929717530 .002 .34353727783666666666 .06252963028107904205 .00047169811320754716 4.11286620944038049517 .00568886512144194186 -1 ERR|0+/-0
192-168-0-110 node-2 24 44 15 500 1322 11.97211150204666666666 .00817636419300741886 .002 .34575412601000000000 .06351815996691964486 .00047169811320754716 4.13940694888441355956 .00568940283092229724 -1 ERR|0+/-0
192-168-0-110 node-2 24 44 15 500 172 11.97211871530666666666 .00816487963170070437 .002 .34406842293666666666 .06255353353480731659 .00047169811320754716 4.11922800558611657600 .00568899742113584895 -1 ERR|0+/-0
192-168-0-110 node-2 24 44 15 500 1147 11.97212235138000000000 .00816720493379468163 .002 .34548110840666666666 .06336738453010172393 .00047169811320754716 4.13614209993499081852 .00568934156959740904 -1 ERR|0+/-0
192-168-0-110 node-2 24 44 15 500 1097 11.97212492196000000000 .00814841552611068736 .002 .34630245297000000000 .06353581008343364177 .00047169811320754716 4.14597622773801782022 .00568954250895202381 -1 ERR|0+/-0
192-168-0-110 node-2 24 44 15 500 622 11.97211191570000000000 .00814810379053994623 .002 .34429734180666666666 .06275821574510240878 .00047169811320754716 4.12196630838742976561 .00568904963521692874 -1 ERR|0+/-0
192-168-0-110 node-2 24 44 15 500 697 11.97210732247333333333 .00815145376895308411 .002 .34394335669333333333 .06272320783031704079 .00047169811320754716 4.11772677918431356404 .00568896183616925487 -1 ERR|0+/-0
192-168-0-110 node-2 24 44 15 500 97 11.97211683446666666666 .00818274259432536408 .002 .34219384525000000000 .06190807829666696292 .00047169811320754716 4.09678469536840639961 .00568854426278296088 -1 ERR|0+/-0
192-168-0-110 node-2 24 44 15 500 1297 11.97213220422666666666 .00815277337034236221 .002 .34622074078000000000 .06375201490786567837 .00047169811320754716 4.14500048046345078036 .00568952602662588581 -1 ERR|0+/-0
192-168-0-110 node-2 24 44 15 500 372 11.97211648122666666666 .00814456374503240105 .002 .34361368806333333333 .06248609467090268484 .00047169811320754716 4.11378309803811174104 .00568888643789976879 -1 ERR|0+/-0
192-168-0-110 node-2 24 44 15 500 1072 11.97212476027333333333 .00817121080847169858 .002 .34567100454333333333 .06340681792534635687 .00047169811320754716 4.13841639240179690080 .00568938883515357912 -1 ERR|0+/-0
192-168-0-110 node-2 24 44 15 500 597 11.97211683812000000000 .00815191930895272417 .002 .34444043981000000000 .06279999936008624339 .00047169811320754716 4.12368118917875937355 .00568908658788934587 -1 ERR|0+/-0
192-168-0-110 node-2 24 44 15 500 897 11.97212856937333333333 .00819061017933896302 .002 .34541053100333333333 .06337930465419683783 .00047169811320754716 4.13529928638742049909 .00568932733959124380 -1 ERR|0+/-0
192-168-0-110 node-2 24 44 15 500 1022 11.97211085194666666666 .00810823531998096920 .002 .34469312677333333333 .06281269014567225944 .00047169811320754716 4.12670432363445211074 .00568914500193323777 -1 ERR|0+/-0
192-168-0-110 node-2 24 44 15 500 722 11.97212026684000000000 .00820399069226316650 .002 .34358299905666666666 .06262950160061546354 .00047169811320754716 4.11341698634798760153 .00568888079624720823 -1 ERR|0+/-0
192-168-0-110 node-2 24 44 15 500 147 11.97211295410000000000 .00821295759639616366 .002 .34329424582666666666 .06244051955016946285 .00047169811320754716 4.10995748752942586314 .00568880764331854342 -1 ERR|0+/-0
192-168-0-110 node-2 24 44 15 500 1047 11.97213114512000000000 .00819977795219856730 .002 .34556381574666666666 .06341488738009618305 .00047169811320754716 4.13713532112717708774 .00568936577860918518 -1 ERR|0+/-0
192-168-0-110 node-2 24 44 15 500 1272 11.97212922748666666666 .00823045474511023114 .002 .34484909527333333333 .06337189294805325909 .00047169811320754716 4.12857793259420811337 .00568919141332936169 -1 ERR|0+/-0
192-168-0-110 node-2 24 44 15 500 822 11.97213358445333333333 .00805301252641085427 .002 .34456771365666666666 .06277367285625437290 .00047169811320754716 4.12521069678727847560 .00568912525725279228 -1 ERR|0+/-0
192-168-0-110 node-2 24 44 15 500 747 11.97212938410000000000 .00823640691175445568 .002 .34491173456666666666 .06316638943976293679 .00047169811320754716 4.12932791232648968031 .00568920667548594247 -1 ERR|0+/-0
192-168-0-110 node-2 24 44 15 500 472 11.97211522792000000000 .00817352568162556763 .002 .34349452215666666666 .06257667487035957753 .00047169811320754716 4.11235599941893283986 .00568885706506581337 -1 ERR|0+/-0
192-168-0-110 node-2 24 44 15 500 447 11.97211836756666666666 .00814100651675117442 .002 .34439826970000000000 .06269603570898541253 .00047169811320754716 4.12317685043354859939 .00568907709203536544 -1 ERR|0+/-0
192-168-0-110 node-2 24 44 15 500 247 11.97212103948000000000 .00812962446612764457 .002 .34305525135333333333 .06208470544831034986 .00047169811320754716 4.10709899243134174338 .00568875376011012626 -1 ERR|0+/-0
192-168-0-110 node-2 24 44 15 500 572 11.97211648440000000000 .00821089433905808643 .002 .34416093688000000000 .06284378150369030856 .00047169811320754716 4.12033482570759590467 .00568901876035091046 -1 ERR|0+/-0
192-168-0-110 node-2 24 44 15 500 1172 11.97212345568000000000 .00815386299410785353 .002 .34491168052000000000 .06316082840788481741 .00047169811320754716 4.12932522049149853935 .00568920388658741338 -1 ERR|0+/-0
192-168-0-110 node-2 24 44 15 500 322 11.97211697532666666666 .00824196425816487813 .002 .34302012557333333333 .06244573025077097430 .00047169811320754716 4.10667706825518884831 .00568874338455937121 -1 ERR|0+/-0
192-168-0-110 node-2 24 44 15 500 197 11.97210185208000000000 .00816570480094947591 .002 .34318751239000000000 .06224323085254240206 .00047169811320754716 4.10867585269504694727 .00568877668516709926 -1 ERR|0+/-0
192-168-0-110 node-2 24 44 15 500 122 11.97211262458000000000 .00825789578686902781 .002 .34274936254000000000 .06213764786381858403 .00047169811320754716 4.10343397033188133523 .00568867606674474741 -1 ERR|0+/-0
192-168-0-110 node-2 24 44 15 500 1347 11.97210920522000000000 .00810795056325163652 .002 .34480699199666666666 .06313786292584742490 .00047169811320754716 4.12806696290751186747 .00568917183079525820 -1 ERR|0+/-0
192-168-0-110 node-2 24 44 15 500 947 11.97211325543333333333 .00807197361219756404 .002 .34479381022000000000 .06281476405238315260 .00047169811320754716 4.12791054572622711719 .00568917053158427656 -1 ERR|0+/-0
192-168-0-110 node-2 24 44 15 500 1247 11.97213676222000000000 .00814576279996862172 .002 .34518191715666666666 .06334543927437633500 .00047169811320754716 4.13256512004490753507 .00568927567525634848 -1 ERR|0+/-0
192-168-0-110 node-2 24 44 15 600 297 11.97214751622666666666 .00814754414518808728 .002 .35037121643333333333 .06469135095406946399 .00047169811320754716 4.19469588857964752194 .00569054942298258138 -1 ERR|0+/-0
192-168-0-110 node-2 24 44 15 600 1447 11.97215517938666666666 .00818048051230234641 .002 .35425012537666666666 .06613916360154917365 .00047169811320754716 4.24113747332663587415 .00569151352538577913 -1 ERR|0+/-0
192-168-0-110 node-2 24 44 15 600 972 11.97215972268000000000 .00825153474845211022 .002 .35415319370000000000 .06606027668191223932 .00047169811320754716 4.23997860127362832311 .00569149152222524530 -1 ERR|0+/-0
192-168-0-110 node-2 24 44 15 600 347 11.97214185569333333333 .00827562207583240959 .002 .34972974278666666666 .06467180641655572744 .00047169811320754716 4.18701409179711562418 .00569038893162711945 -1 ERR|0+/-0
192-168-0-110 node-2 24 44 15 600 422 11.97214990145333333333 .00835558098878033854 .002 .35188594795000000000 .06529759047045785348 .00047169811320754716 4.21283131707240528268 .00569092438599773261 -1 ERR|0+/-0
192-168-0-110 node-2 24 44 15 600 72 11.97214369446666666666 .00816561597745063014 .002 .35010103565000000000 .06456152502922419923 .00047169811320754716 4.19145990638339717440 .00569048111833216172 -1 ERR|0+/-0
192-168-0-110 node-2 24 44 15 600 522 11.97215396243333333333 .00823872875051890636 .002 .35084316223000000000 .06498816603551488350 .00047169811320754716 4.20034835488453529222 .00569066874970249696 -1 ERR|0+/-0
192-168-0-110 node-2 24 44 15 600 1197 11.97216989275333333333 .00831672979796425693 .002 .35231610070333333333 .06583057765265215846 .00047169811320754716 4.21798821357269881986 .00569104019757293842 -1 ERR|0+/-0
192-168-0-110 node-2 24 44 15 600 672 11.97217762659333333333 .00830397703152667625 .002 .35161564609666666666 .06526051572842522541 .00047169811320754716 4.20960497135867218311 .00569087053483268761 -1 ERR|0+/-0
192-168-0-110 node-2 24 44 15 600 1422 11.97219970601333333333 .00824841243569113728 .002 .35332582624333333333 .06592716888686949683 .00047169811320754716 4.23008735307735342876 .00569130454133720733 -1 ERR|0+/-0
192-168-0-110 node-2 24 44 15 600 1122 11.97220259192000000000 .00816486208806944699 .002 .35326455572666666666 .06571391094459726325 .00047169811320754716 4.22935482970426594564 .00569129067827276328 -1 ERR|0+/-0
192-168-0-110 node-2 24 44 15 600 1222 11.97221093705333333333 .00824247780348839338 .002 .35383213682000000000 .06587011036601451140 .00047169811320754716 4.23615297831735544763 .00569143561705405572 -1 ERR|0+/-0
192-168-0-110 node-2 24 44 15 600 997 11.97220125875333333333 .00819257441193700846 .002 .35323906792000000000 .06554846705821125310 .00047169811320754716 4.22904921359267820785 .00569128372628647376 -1 ERR|0+/-0
192-168-0-110 node-2 24 44 15 600 797 11.97220004227333333333 .00820713540681429905 .002 .35202820705333333333 .06535654611750234066 .00047169811320754716 4.21455211536532307279 .00569098304776859004 -1 ERR|0+/-0
192-168-0-110 node-2 24 44 15 600 397 11.97218708479333333333 .00821067023799656747 .002 .35075585547333333333 .06471744980295341767 .00047169811320754716 4.19931472281347835172 .00569066272625667739 -1 ERR|0+/-0
192-168-0-110 node-2 24 44 15 600 847 11.97220798649333333333 .00821426605521233710 .002 .35077427771333333333 .06504015853376057815 .00047169811320754716 4.19954260909599979564 .00569067705243125969 -1 ERR|0+/-0
192-168-0-110 node-2 24 44 15 600 222 11.97220134714000000000 .00821879417338533305 .002 .34972172617666666666 .06450837202342642044 .00047169811320754716 4.18693892125641486822 .00569041481006462041 -1 ERR|0+/-0
192-168-0-110 node-2 24 44 15 600 922 11.97221185414000000000 .00872530668610684079 .002 .35247907479333333333 .06558211752870994672 .00047169811320754716 4.21995415757704500393 .00569110020448035425 -1 ERR|0+/-0
192-168-0-110 node-2 24 44 15 600 647 11.97219574436666666666 .00861738337357918352 .002 .35058986291666666666 .06513391677789632397 .00047169811320754716 4.19733046482900970965 .00569062586418294239 -1 ERR|0+/-0
192-168-0-110 node-2 24 44 15 600 547 11.97220779294000000000 .00861963597807359843 .002 .35201252488666666666 .06502525425191494320 .00047169811320754716 4.21436709366063635688 .00569098279552643877 -1 ERR|0+/-0
192-168-0-110 node-2 24 44 15 600 1372 11.97220856980000000000 .00859922112328830104 .002 .35363344994666666666 .06573394629355560309 .00047169811320754716 4.23377342001942201953 .00569138511390350740 -1 ERR|0+/-0
192-168-0-110 node-2 24 44 15 600 1472 11.97220422961333333333 .00858839980130611234 .002 .35466757315000000000 .06584650541294490542 .00047169811320754716 4.24615261937312629621 .00569164047301214731 -1 ERR|0+/-0
192-168-0-110 node-2 24 44 15 600 497 11.97218722167333333333 .00869171234977585817 .002 .35103486406333333333 .06480782133006354750 .00047169811320754716 4.20265511390087494309 .00569073160637591219 -1 ERR|0+/-0
192-168-0-110 node-2 24 44 15 600 1397 11.97221506029333333333 .00873143418670197044 .002 .35469170714000000000 .06583236131097272846 .00047169811320754716 4.24644539798266042915 .00569165155770885099 -1 ERR|0+/-0
192-168-0-110 node-2 24 44 15 600 772 11.97219596722000000000 .00863146238145628136 .002 .35236978710000000000 .06535488056222007403 .00047169811320754716 4.21864014408878997886 .00569106569746883786 -1 ERR|0+/-0
192-168-0-110 node-2 24 44 15 600 872 11.97218998910000000000 .00869522469126910831 .002 .35273621344333333333 .06539757644695919761 .00047169811320754716 4.22302496337931617342 .00569115369687911696 -1 ERR|0+/-0
192-168-0-110 node-2 24 44 15 600 272 11.97219247509333333333 .00855881355150414641 .002 .35008521179000000000 .06456328898074966951 .00047169811320754716 4.19128753823369390001 .00569050005912021496 -1 ERR|0+/-0
192-168-0-110 node-2 24 44 15 600 1322 11.97220198368000000000 .00867242484600026268 .002 .35330829779000000000 .06590167465880583037 .00047169811320754716 4.22987830365204216006 .00569130125471739195 -1 ERR|0+/-0
192-168-0-110 node-2 24 44 15 600 172 11.97220464910666666666 .00870012170548202733 .002 .34940635542666666666 .06461982126142270652 .00047169811320754716 4.18316439286655505640 .00569033886196599191 -1 ERR|0+/-0
192-168-0-110 node-2 24 44 15 600 1147 11.97220858513333333333 .00866950653593564689 .002 .35290476671333333333 .06568654786242774487 .00047169811320754716 4.22504947777984553615 .00569120419825573645 -1 ERR|0+/-0
192-168-0-110 node-2 24 44 15 600 1097 11.97219944534000000000 .00864667430169583813 .002 .35137943346666666666 .06535455386354809315 .00047169811320754716 4.20678465845351009996 .00569082238877401708 -1 ERR|0+/-0
192-168-0-110 node-2 24 44 15 600 622 11.97220276330000000000 .00875212396182126296 .002 .35054015962333333333 .06506890525529653829 .00047169811320754716 4.19673786769009442045 .00569061690208926557 -1 ERR|0+/-0
192-168-0-110 node-2 24 44 15 600 697 11.97218390526666666666 .00872212573694911600 .002 .35242824345666666666 .06556990622298079671 .00047169811320754716 4.21933574407330709645 .00569107453046481987 -1 ERR|0+/-0
192-168-0-110 node-2 24 44 15 600 97 11.97218127420000000000 .00873604273069656693 .002 .34946173261333333333 .06474599883932342301 .00047169811320754716 4.18381921124283676253 .00569034152201213666 -1 ERR|0+/-0
192-168-0-110 node-2 24 44 15 600 1297 11.97220051587333333333 .00873496288619076560 .002 .35256575933666666666 .06570194823985802371 .00047169811320754716 4.22098796580971415478 .00569111637532798656 -1 ERR|0+/-0
192-168-0-110 node-2 24 44 15 600 372 11.97218804274666666666 .00867560360776620026 .002 .35044837767000000000 .06495836441210171318 .00047169811320754716 4.19563387674074194413 .00569058739926311473 -1 ERR|0+/-0
192-168-0-110 node-2 24 44 15 600 1072 11.97221292288000000000 .00858184133042017387 .002 .35296221356333333333 .06567953688791070792 .00047169811320754716 4.22573877451126974662 .00569122047854545255 -1 ERR|0+/-0
192-168-0-110 node-2 24 44 15 600 597 11.97218131924666666666 .00867755546284114855 .002 .35109569869666666666 .06532500846706331426 .00047169811320754716 4.20338136520408891983 .00569074385519632573 -1 ERR|0+/-0
192-168-0-110 node-2 24 44 15 600 897 11.97218153362000000000 .00867747654909770182 .002 .35199919631333333333 .06566633052783319420 .00047169811320754716 4.21419827795157051668 .00569096720652981095 -1 ERR|0+/-0
192-168-0-110 node-2 24 44 15 600 1022 11.97218854979333333333 .00870865643317556706 .002 .35206542116666666666 .06565403024118099278 .00047169811320754716 4.21499360406973412121 .00569098687676172119 -1 ERR|0+/-0
192-168-0-110 node-2 24 44 15 600 722 11.97216606903333333333 .00869578532001425964 .002 .35147798822666666666 .06538055029994032147 .00047169811320754716 4.20795284465939608049 .00569083111019275373 -1 ERR|0+/-0
192-168-0-110 node-2 24 44 15 600 147 11.97216322186000000000 .00871723538466911595 .002 .35018259199000000000 .06474806646950079358 .00047169811320754716 4.19244314875828422890 .00569051033232168202 -1 ERR|0+/-0
192-168-0-110 node-2 24 44 15 600 1047 11.97217736337333333333 .00870969195798067016 .002 .35235800743333333333 .06570299260476498379 .00047169811320754716 4.21849256039668605436 .00569105407224235306 -1 ERR|0+/-0
192-168-0-110 node-2 24 44 15 600 1272 11.97216944628666666666 .00872895721100645045 .002 .35179286021333333333 .06574307565639215072 .00047169811320754716 4.21172373246786566169 .00569091051401503940 -1 ERR|0+/-0
192-168-0-110 node-2 24 44 15 600 822 11.97250732158000000000 .00859441773330341501 .002 .42293363467666666666 .07287818443551138747 .00047169811320754716 5.06357603770883264257 .00571040463870287479 -1 ERR|0+/-0
192-168-0-110 node-2 24 44 15 600 747 11.97218956624666666666 .00867360470370805865 .002 .35230910912000000000 .06558733139917647015 .00047169811320754716 4.21791144030012235550 .00569104767482090594 -1 ERR|0+/-0
192-168-0-110 node-2 24 44 15 600 472 11.97218117055333333333 .00875011181445475986 .002 .35079210362666666666 .06516618731073539060 .00047169811320754716 4.19974661781797234045 .00569066889518010176 -1 ERR|0+/-0
192-168-0-110 node-2 24 44 15 600 447 11.97217446298000000000 .00876392732949581457 .002 .35098106087000000000 .06529404894995241777 .00047169811320754716 4.20200649393744294159 .00569071235960909379 -1 ERR|0+/-0
192-168-0-110 node-2 24 44 15 600 247 11.97217050054000000000 .00874409598928949315 .002 .35095924278666666666 .06532132473800404884 .00047169811320754716 4.20174389338238645102 .00569070512235190850 -1 ERR|0+/-0
192-168-0-110 node-2 24 44 15 600 572 11.97218132226000000000 .00880795080583558947 .002 .35031537818666666666 .06520660972840521080 .00047169811320754716 4.19403922762685889435 .00569055149697387678 -1 ERR|0+/-0
192-168-0-110 node-2 24 44 15 600 1172 11.97219189280000000000 .00877597291922537099 .002 .35249313125333333333 .06603941795046397393 .00047169811320754716 4.22011540825884363626 .00569109434369925640 -1 ERR|0+/-0
192-168-0-110 node-2 24 44 15 600 322 11.97220513270000000000 .00882192351643558174 .002 .35036917026333333333 .06514012600875688496 .00047169811320754716 4.19469157856651954390 .00569057588978750989 -1 ERR|0+/-0
192-168-0-110 node-2 24 44 15 600 197 11.97217997862666666666 .00876483163147976676 .002 .35013186160000000000 .06503657239100889148 .00047169811320754716 4.19184166332680301140 .00569050568988605704 -1 ERR|0+/-0
192-168-0-110 node-2 24 44 15 600 122 11.97218610922000000000 .00883977281854625831 .002 .34992935493666666666 .06502276768032422033 .00047169811320754716 4.18941936238107569943 .00569045873368141999 -1 ERR|0+/-0
192-168-0-110 node-2 24 44 15 600 1347 11.97219483832000000000 .00876897296905492861 .002 .35236635018666666666 .06603230300651490309 .00047169811320754716 4.21859859890246823507 .00569106431786747249 -1 ERR|0+/-0
192-168-0-110 node-2 24 44 15 600 947 11.97218180936000000000 .00882223397384834835 .002 .35271805898333333333 .06615175523404895097 .00047169811320754716 4.22280472959303086871 .00569114536754605838 -1 ERR|0+/-0
192-168-0-110 node-2 24 44 15 600 1247 11.97220670456000000000 .00882542566746797601 .002 .35347321403333333333 .06642661875531716344 .00047169811320754716 4.23185438293224521261 .00569134442482271670 -1 ERR|0+/-0
192-168-0-110 node-2 12 44 15 300 297 11.97207698205333333333 .00864173406684234411 .002 .32828226370000000000 .05503122018261674824 .00047169811320754716 3.93022053285913254079 .00568524528768790590 -1 ERR|0+/-0
192-168-0-110 node-2 12 44 15 300 1447 11.97209835976666666666 .00866044373192967809 .002 .33057838966333333333 .05710987129550092446 .00047169811320754716 3.95771699666269899450 .00568578747231977709 -1 ERR|0+/-0
192-168-0-110 node-2 12 44 15 300 972 11.97209524150666666666 .00871975822730689764 .002 .32919793175000000000 .05630364741167350101 .00047169811320754716 3.94118899221801142050 .00568546562683216474 -1 ERR|0+/-0
192-168-0-110 node-2 12 44 15 300 347 11.97209792059333333333 .00876342346209728472 .002 .32794078314000000000 .05531378085285799011 .00047169811320754716 3.92613916790814326679 .00568517626664305633 -1 ERR|0+/-0
192-168-0-110 node-2 12 44 15 300 422 11.97207741755333333333 .00877334520471274685 .002 .32878075427000000000 .05582980752436734059 .00047169811320754716 3.93618864352201867128 .00568536071504705055 -1 ERR|0+/-0
192-168-0-110 node-2 12 44 15 300 72 11.97208243394666666666 .00868813236182457167 .002 .32748703059000000000 .05490794846790174958 .00047169811320754716 3.92070172627189368109 .00568506438561720952 -1 ERR|0+/-0
192-168-0-110 node-2 12 44 15 300 522 11.97206768737333333333 .00872829375860660523 .002 .32855649215666666666 .05572165869794612736 .00047169811320754716 3.93350056322555903195 .00568530429781996189 -1 ERR|0+/-0
192-168-0-110 node-2 12 44 15 300 1197 11.97208927528666666666 .00871788942243728221 .002 .32909482866666666666 .05619633340604710511 .00047169811320754716 3.93995266883250306746 .00568543895582770460 -1 ERR|0+/-0
192-168-0-110 node-2 12 44 15 300 672 11.97208584880666666666 .00874455343131423778 .002 .32840867214333333333 .05573934302298331520 .00047169811320754716 3.93173681639258915636 .00568527864439454541 -1 ERR|0+/-0
192-168-0-110 node-2 12 44 15 300 1422 11.97209199774666666666 .00882962627194805227 .002 .33082791179666666666 .05757375312339616104 .00047169811320754716 3.96070219545211306533 .00568584254340409606 -1 ERR|0+/-0
192-168-0-110 node-2 12 44 15 300 1122 11.97208151592666666666 .00883277403235755997 .002 .32971285819000000000 .05682667720139684324 .00047169811320754716 3.94734921509984927310 .00568557854861012715 -1 ERR|0+/-0
192-168-0-110 node-2 12 44 15 300 1222 11.97207891942000000000 .00878291407850563912 .002 .32950756869666666666 .05665405958287297791 .00047169811320754716 3.94489061698270048434 .00568552972688345373 -1 ERR|0+/-0
192-168-0-110 node-2 12 44 15 300 997 11.97207553519333333333 .00883032210680126435 .002 .32935969770000000000 .05663562597527914151 .00047169811320754716 3.94311917911284197772 .00568549386915428042 -1 ERR|0+/-0
192-168-0-110 node-2 12 44 15 300 797 11.97208398342000000000 .00888672614360899499 .002 .32894618247333333333 .05639875050877179362 .00047169811320754716 3.93817132259614672121 .00568540206727327157 -1 ERR|0+/-0
192-168-0-110 node-2 12 44 15 300 397 11.97207986560000000000 .00882462036949383562 .002 .32815569900333333333 .05566580530786648244 .00047169811320754716 3.92870623681970098724 .00568521741149275750 -1 ERR|0+/-0
192-168-0-110 node-2 12 44 15 300 847 11.97207362691333333333 .00882376841759025824 .002 .32881828545000000000 .05621714057958925964 .00047169811320754716 3.93663672328280524240 .00568536762111643753 -1 ERR|0+/-0
192-168-0-110 node-2 12 44 15 300 222 11.97208246483333333333 .00890309540375083198 .002 .32795453398666666666 .05565822299577653952 .00047169811320754716 3.92629872560435945472 .00568517219772581998 -1 ERR|0+/-0
192-168-0-110 node-2 12 44 15 300 922 11.97206659416000000000 .00879553955420439514 .002 .32933299203333333333 .05660028972553992068 .00047169811320754716 3.94279651227703141315 .00568548349211184852 -1 ERR|0+/-0
192-168-0-110 node-2 12 44 15 300 647 11.97208669688666666666 .00878634527563764591 .002 .32911223970333333333 .05630237272069069355 .00047169811320754716 3.94016026673485283934 .00568544177915293403 -1 ERR|0+/-0
192-168-0-110 node-2 12 44 15 300 547 11.97206907086666666666 .00882825601175331854 .002 .32906063078333333333 .05638148500510562394 .00047169811320754716 3.93953660024102075147 .00568542157189875762 -1 ERR|0+/-0
192-168-0-110 node-2 12 44 15 300 1372 11.97206753477333333333 .00891054792669556657 .002 .32979225624333333333 .05709650151541555133 .00047169811320754716 3.94829516419045914872 .00568559041795883147 -1 ERR|0+/-0
192-168-0-110 node-2 12 44 15 300 1472 11.97206962090666666666 .00883372781739653839 .002 .32949605335333333333 .05684907575298558281 .00047169811320754716 3.94474969056008421406 .00568552270089150993 -1 ERR|0+/-0
192-168-0-110 node-2 12 44 15 300 497 11.97206744804666666666 .00880246099974696564 .002 .32897315294333333333 .05638915958154790623 .00047169811320754716 3.93848877563415846904 .00568540056205913955 -1 ERR|0+/-0
192-168-0-110 node-2 12 44 15 300 1397 11.97206324669333333333 .00894332514370342067 .002 .33043860889333333333 .05764658373573184752 .00047169811320754716 3.95603192482034883655 .00568573852051880152 -1 ERR|0+/-0
192-168-0-110 node-2 12 44 15 300 772 11.97208134020666666666 .00882737230167913162 .002 .32918083854666666666 .05648823384961318039 .00047169811320754716 3.94097977471813142575 .00568545515492819273 -1 ERR|0+/-0
192-168-0-110 node-2 12 44 15 300 872 11.97206651255333333333 .00898155505993737812 .002 .32885651853000000000 .05641305208107946041 .00047169811320754716 3.93709211292788774094 .00568537313330137110 -1 ERR|0+/-0
192-168-0-110 node-2 12 44 15 300 272 11.97208530494666666666 .00883713360744546964 .002 .32877307665333333333 .05611178990501573199 .00047169811320754716 3.93609931966347601513 .00568536263460267413 -1 ERR|0+/-0
192-168-0-110 node-2 12 44 15 300 1322 11.97206771567333333333 .00898837387576129423 .002 .33020061936000000000 .05735326679678412817 .00047169811320754716 3.95318417473519504610 .00568568530887258128 -1 ERR|0+/-0
192-168-0-110 node-2 12 44 15 300 172 11.97206423016000000000 .00880685747863609576 .002 .32821404303333333333 .05580244157222423480 .00047169811320754716 3.92939960443556494451 .00568522355746578975 -1 ERR|0+/-0
192-168-0-110 node-2 12 44 15 300 1147 11.97208678621333333333 .00887798337622184050 .002 .32997546817000000000 .05720528213493048842 .00047169811320754716 3.95049494225261536816 .00568564195787216977 -1 ERR|0+/-0
192-168-0-110 node-2 12 44 15 300 1097 11.97204959234000000000 .00884173279928448018 .002 .33020393860666666666 .05733531715362432596 .00047169811320754716 3.95321792858500605419 .00568567758906903812 -1 ERR|0+/-0
192-168-0-110 node-2 12 44 15 300 622 11.97204882610666666666 .00885881423103226044 .002 .32894408941666666666 .05641923039418266967 .00047169811320754716 3.93813469955553056095 .00568538511063814743 -1 ERR|0+/-0
192-168-0-110 node-2 12 44 15 300 697 11.97206419463333333333 .00888283278003767500 .002 .32909494719000000000 .05647658408012659683 .00047169811320754716 3.93994583388814671474 .00568542723231779565 -1 ERR|0+/-0
192-168-0-110 node-2 12 44 15 300 97 11.97203956778000000000 .00886779804669268051 .002 .32759515705666666666 .05521554001248890049 .00047169811320754716 3.92198218249551681688 .00568506921893082934 -1 ERR|0+/-0
192-168-0-110 node-2 12 44 15 300 1297 11.97205064700666666666 .00883177259980916175 .002 .32966324133666666666 .05694435360010706443 .00047169811320754716 3.94674502173895506635 .00568555257755046796 -1 ERR|0+/-0
192-168-0-110 node-2 12 44 15 300 372 11.97204522584000000000 .00877964626873002042 .002 .32853587967000000000 .05590431993238600367 .00047169811320754716 3.93324640972036821467 .00568528900908090775 -1 ERR|0+/-0
192-168-0-110 node-2 12 44 15 300 1072 11.97206822277333333333 .00889515343913270503 .002 .32969616139000000000 .05693408969736531073 .00047169811320754716 3.94714493694756738005 .00568556844760203814 -1 ERR|0+/-0
192-168-0-110 node-2 12 44 15 300 597 11.97205479419333333333 .00896258538868666957 .002 .32908335825333333333 .05648050516948140054 .00047169811320754716 3.93980399686606158236 .00568542014475318525 -1 ERR|0+/-0
192-168-0-110 node-2 12 44 15 300 897 11.97206208354000000000 .00887865492679524233 .002 .32990403841000000000 .05693591505457097393 .00047169811320754716 3.94963162945508478877 .00568561380399735117 -1 ERR|0+/-0
192-168-0-110 node-2 12 44 15 300 1022 11.97205352193333333333 .00878670933987931229 .002 .32919997583333333333 .05653660238545273839 .00047169811320754716 3.94119973009582655323 .00568544655361241083 -1 ERR|0+/-0
192-168-0-110 node-2 12 44 15 300 722 11.97204976622666666666 .00868754454726905155 .002 .32897650367000000000 .05611456895684020043 .00047169811320754716 3.93852307385648964871 .00568539305315055152 -1 ERR|0+/-0
192-168-0-110 node-2 12 44 15 300 147 11.97204022556666666666 .00874217316932268392 .002 .32866550143000000000 .05591212185490640400 .00047169811320754716 3.93479660387599880589 .00568531663392904089 -1 ERR|0+/-0
192-168-0-110 node-2 12 44 15 300 1047 11.97204165814000000000 .00878530104081544777 .002 .32947009778000000000 .05662436598526571149 .00047169811320754716 3.94442973573361913292 .00568550358315965358 -1 ERR|0+/-0
192-168-0-110 node-2 12 44 15 300 1272 11.97204829160666666666 .00872206482484365109 .002 .33027659342000000000 .05713316534969237068 .00047169811320754716 3.95408732601158064522 .00568569385963503050 -1 ERR|0+/-0
192-168-0-110 node-2 12 44 15 300 822 11.97206189231333333333 .00875170216943651425 .002 .32912662264666666666 .05645171923441038593 .00047169811320754716 3.94032429673394852250 .00568543348797069474 -1 ERR|0+/-0
192-168-0-110 node-2 12 44 15 300 747 11.97206374914666666666 .00868076855922188493 .002 .32911796376333333333 .05642016039554363434 .00047169811320754716 3.94022124316396925004 .00568543235293961614 -1 ERR|0+/-0
192-168-0-110 node-2 12 44 15 300 472 11.97206665806666666666 .00875625799123089737 .002 .32866390706000000000 .05599730748036461609 .00047169811320754716 3.93478620342294773261 .00568532864979602124 -1 ERR|0+/-0
192-168-0-110 node-2 12 44 15 300 447 11.97205374008000000000 .00864072269493494913 .002 .32858404968333333333 .05583210060331712219 .00047169811320754716 3.93382590094198337293 .00568530413352174326 -1 ERR|0+/-0
192-168-0-110 node-2 12 44 15 300 247 11.97205034048666666666 .00868194934003207024 .002 .32802401490333333333 .05540111239233918947 .00047169811320754716 3.92712001931125525434 .00568517317992615595 -1 ERR|0+/-0
192-168-0-110 node-2 12 44 15 300 572 11.97205128888000000000 .00872715344627402492 .002 .32880451529000000000 .05607102366440089757 .00047169811320754716 3.93646452106720816697 .00568535396945902480 -1 ERR|0+/-0
192-168-0-110 node-2 12 44 15 300 1172 11.97205234971333333333 .00873257394168558242 .002 .32962564658333333333 .05664759733963754945 .00047169811320754716 3.94629549670377261877 .00568554465641761712 -1 ERR|0+/-0
192-168-0-110 node-2 12 44 15 300 322 11.97204897998666666666 .00865723859207847696 .002 .32887333489333333333 .05610455021837299374 .00047169811320754716 3.93728767355454476429 .00568536880965823447 -1 ERR|0+/-0
192-168-0-110 node-2 12 44 15 300 197 11.97203887096666666666 .00872039945563500433 .002 .32863126414666666666 .05587250275838448146 .00047169811320754716 3.93438626857880760285 .00568530808269236980 -1 ERR|0+/-0
192-168-0-110 node-2 12 44 15 300 122 11.97203129640000000000 .00866538838705648322 .002 .32818984892000000000 .05547172177101256120 .00047169811320754716 3.92909914243102773988 .00568520253975189788 -1 ERR|0+/-0
192-168-0-110 node-2 12 44 15 300 1347 11.97202625089333333333 .00881489269692925530 .002 .33017059742333333333 .05702781705178807736 .00047169811320754716 3.95281105962528142949 .00568565890849783214 -1 ERR|0+/-0
192-168-0-110 node-2 12 44 15 300 947 11.97204544560666666666 .00873466082061386399 .002 .32942896024333333333 .05656410267406361392 .00047169811320754716 3.94393848313213849412 .00568549582271040631 -1 ERR|0+/-0
192-168-0-110 node-2 12 44 15 300 1247 11.97205064641333333333 .00886939567509620522 .002 .33062432729666666666 .05734703118063963326 .00047169811320754716 3.95825119133203165551 .00568577580294693645 -1 ERR|0+/-0
192-168-0-110 node-2 12 44 15 400 297 11.97206094894666666666 .00870048591942337034 .002 .33525100672666666666 .05978324987441203476 .00047169811320754716 4.01364548572738226316 .00568686420933496969 -1 ERR|0+/-0
192-168-0-110 node-2 12 44 15 400 1447 11.97208924113333333333 .00882458209006437426 .002 .33763298154333333333 .06137899569149183301 .00047169811320754716 4.04217218578671030610 .00568744111480480560 -1 ERR|0+/-0
192-168-0-110 node-2 12 44 15 400 972 11.97207066652000000000 .00866197484001068777 .002 .33629190718666666666 .06047442369526236278 .00047169811320754716 4.02611047741755837797 .00568711458857347009 -1 ERR|0+/-0
192-168-0-110 node-2 12 44 15 400 347 11.97206295956666666666 .00880375432301086023 .002 .33521166871000000000 .05972967508788374959 .00047169811320754716 4.01317520257752359182 .00568685587547271238 -1 ERR|0+/-0
192-168-0-110 node-2 12 44 15 400 422 11.97207288702666666666 .00872178601013085965 .002 .33622841085666666666 .06019097113336221451 .00047169811320754716 4.02535104146516153407 .00568710061130790001 -1 ERR|0+/-0
192-168-0-110 node-2 12 44 15 400 72 11.97207125206000000000 .00876288010858901800 .002 .33484090680666666666 .05944267112375028600 .00047169811320754716 4.00873919439379557627 .00568677238925442047 -1 ERR|0+/-0
192-168-0-110 node-2 12 44 15 400 522 11.97206796036666666666 .00872952839146817770 .002 .33645286668666666666 .06043622911893776707 .00047169811320754716 4.02803658543295941023 .00568715140162884884 -1 ERR|0+/-0
192-168-0-110 node-2 12 44 15 400 1197 11.97207458214000000000 .00880200463504450785 .002 .33761539665333333333 .06129508152836678754 .00047169811320754716 4.04195670881248602106 .00568743007351325946 -1 ERR|0+/-0
192-168-0-110 node-2 12 44 15 400 672 11.97207067639333333333 .00862116237071472050 .002 .33619457165333333333 .06025119989003272754 .00047169811320754716 4.02494517285348936912 .00568709157380515194 -1 ERR|0+/-0
192-168-0-110 node-2 12 44 15 400 1422 11.97207105183333333333 .00872533999770249010 .002 .33843082809333333333 .06155753588171048769 .00047169811320754716 4.05171792006417921613 .00568762227214502176 -1 ERR|0+/-0
192-168-0-110 node-2 12 44 15 400 1122 11.97207939202666666666 .00869333896228847158 .002 .33710572138333333333 .06091888829412660957 .00047169811320754716 4.03585645990768821812 .00568731139567343279 -1 ERR|0+/-0
192-168-0-110 node-2 12 44 15 400 1222 11.97206658832666666666 .00868404304822532590 .002 .33671280697666666666 .06067822314512757294 .00047169811320754716 4.03114814626703714581 .00568721229487355078 -1 ERR|0+/-0
192-168-0-110 node-2 12 44 15 400 997 11.97206523865333333333 .00867654305850604305 .002 .33649955758000000000 .06047358703307331809 .00047169811320754716 4.02859465612574378165 .00568716117654398027 -1 ERR|0+/-0
192-168-0-110 node-2 12 44 15 400 797 11.97206859368000000000 .00859882574074765455 .002 .33663840914666666666 .06042452954676068878 .00047169811320754716 4.03025812557120604877 .00568719561709471445 -1 ERR|0+/-0
192-168-0-110 node-2 12 44 15 400 397 11.97207164062000000000 .00860384288725726557 .002 .33640992145000000000 .06025169746622625320 .00047169811320754716 4.02752368021474682929 .00568714296345493586 -1 ERR|0+/-0
192-168-0-110 node-2 12 44 15 400 847 11.97205325942666666666 .00862346174923077338 .002 .33698176087000000000 .06056423288026648009 .00047169811320754716 4.03436358859102105996 .00568726977096650040 -1 ERR|0+/-0
192-168-0-110 node-2 12 44 15 400 222 11.97206293322666666666 .00860716757786363945 .002 .33622592759333333333 .06009981317742219462 .00047169811320754716 4.02531796492989910812 .00568709536180443698 -1 ERR|0+/-0
192-168-0-110 node-2 12 44 15 400 922 11.97206503607333333333 .00871011232051693062 .002 .33742506331333333333 .06112524275870539060 .00047169811320754716 4.03967480278838881721 .00568738042099668061 -1 ERR|0+/-0
192-168-0-110 node-2 12 44 15 400 647 11.97205490925333333333 .00856446890711797552 .002 .33612062821666666666 .06022262653230233622 .00047169811320754716 4.02405461714265864135 .00568706670573559740 -1 ERR|0+/-0
192-168-0-110 node-2 12 44 15 400 547 11.97207625603333333333 .00867430056905731967 .002 .33649410649000000000 .06051202478169401397 .00047169811320754716 4.02853310260408097165 .00568716504679068462 -1 ERR|0+/-0
192-168-0-110 node-2 12 44 15 400 1372 11.97207326208000000000 .00863430547207305435 .002 .33778267462666666666 .06122455743852748071 .00047169811320754716 4.04395892729178444607 .00568746918455805877 -1 ERR|0+/-0
192-168-0-110 node-2 12 44 15 400 1472 11.97208555901333333333 .00864977420498458734 .002 .33714772729333333333 .06096272428667083370 .00047169811320754716 4.03636143718268145996 .00568732424403943053 -1 ERR|0+/-0
192-168-0-110 node-2 12 44 15 400 497 11.97204840933333333333 .00861492677041755706 .002 .33564276491000000000 .05998287405630382262 .00047169811320754716 4.01833142974500744982 .00568695076843349154 -1 ERR|0+/-0
192-168-0-110 node-2 12 44 15 400 1397 11.97207720691333333333 .00872775038701017502 .002 .33743519896333333333 .06116711258479663424 .00047169811320754716 4.03980025431918864479 .00568738852677472791 -1 ERR|0+/-0
192-168-0-110 node-2 12 44 15 400 772 11.97205941757333333333 .00863083977933956088 .002 .33723593800333333333 .06081224917271257465 .00047169811320754716 4.03740868751698361513 .00568733291960589994 -1 ERR|0+/-0
192-168-0-110 node-2 12 44 15 400 872 11.97207367556666666666 .00866592930034887487 .002 .33694281044666666666 .06071209628097549853 .00047169811320754716 4.03390415111998725067 .00568727010235174165 -1 ERR|0+/-0
192-168-0-110 node-2 12 44 15 400 272 11.97207148126666666666 .00869222698034755532 .002 .33610655150666666666 .06012927223403222240 .00047169811320754716 4.02389165995984999502 .00568707114011024834 -1 ERR|0+/-0
192-168-0-110 node-2 12 44 15 400 1322 11.97208082996000000000 .00866143854560499609 .002 .33786211201000000000 .06140239245329297736 .00047169811320754716 4.04491251436471928381 .00568749160257795721 -1 ERR|0+/-0
192-168-0-110 node-2 12 44 15 400 172 11.97206258631333333333 .00865656107355660028 .002 .33504789709333333333 .05969221043990363815 .00047169811320754716 4.01121439341405582440 .00568681709587210655 -1 ERR|0+/-0
192-168-0-110 node-2 12 44 15 400 1147 11.97208942814666666666 .00870501549362394357 .002 .33751256901000000000 .06145944335750132434 .00047169811320754716 4.04073065931124326973 .00568741261442777334 -1 ERR|0+/-0
192-168-0-110 node-2 12 44 15 400 1097 11.97209176320666666666 .00867254152275005195 .002 .33806137207333333333 .06158268953194110090 .00047169811320754716 4.04730176805749824880 .00568754408467447221 -1 ERR|0+/-0
192-168-0-110 node-2 12 44 15 400 622 11.97207053999333333333 .00878692956060937534 .002 .33714185520000000000 .06105890276010196352 .00047169811320754716 4.03628607243861819563 .00568731581717085938 -1 ERR|0+/-0
192-168-0-110 node-2 12 44 15 400 697 11.97207719896666666666 .00870928710965974872 .002 .33664337747666666666 .06077024451032410902 .00047169811320754716 4.03032050367152970852 .00568720082400388073 -1 ERR|0+/-0
192-168-0-110 node-2 12 44 15 400 97 11.97207333378666666666 .00876129804368115078 .002 .33539179999333333333 .06004530799345272256 .00047169811320754716 4.01533522507089712706 .00568690321741259809 -1 ERR|0+/-0
192-168-0-110 node-2 12 44 15 400 1297 11.97206797918000000000 .00876970120756407298 .002 .33866782934666666666 .06203009837754098862 .00047169811320754716 4.05455427529962469958 .00568767726174831055 -1 ERR|0+/-0
192-168-0-110 node-2 12 44 15 400 372 11.97208551595333333333 .00874708420637028793 .002 .33592201842333333333 .06035360072316123277 .00047169811320754716 4.02168713125579779553 .00568703410199062108 -1 ERR|0+/-0
192-168-0-110 node-2 12 44 15 400 1072 11.97207710432000000000 .00875803017355000895 .002 .33776805974000000000 .06162993090728781532 .00047169811320754716 4.04378525458384397207 .00568746751222737007 -1 ERR|0+/-0
192-168-0-110 node-2 12 44 15 400 597 11.97208034117333333333 .00872567293262213158 .002 .33690639877666666666 .06076113851021473980 .00047169811320754716 4.03347047360963455855 .00568726459597022441 -1 ERR|0+/-0
192-168-0-110 node-2 12 44 15 400 897 11.97207037625333333333 .00874850687208251897 .002 .33723375478333333333 .06107958469996467796 .00047169811320754716 4.03738624551422584970 .00568733753449354102 -1 ERR|0+/-0
192-168-0-110 node-2 12 44 15 400 1022 11.97206846650666666666 .00885116006639317646 .002 .33708566951333333333 .06135825854385148429 .00047169811320754716 4.03561271449186563905 .00568730152443959577 -1 ERR|0+/-0
192-168-0-110 node-2 12 44 15 400 722 11.97209117015333333333 .00877686979326641258 .002 .33625141324666666666 .06055601767281532376 .00047169811320754716 4.02563257548199758188 .00568711461481811794 -1 ERR|0+/-0
192-168-0-110 node-2 12 44 15 400 147 11.97207350575333333333 .00877304901267836414 .002 .33613109010000000000 .06074338631254943214 .00047169811320754716 4.02418611824619655504 .00568707788950487207 -1 ERR|0+/-0
192-168-0-110 node-2 12 44 15 400 1047 11.97208683605333333333 .00873037528124364136 .002 .33755473918333333333 .06123763691580849562 .00047169811320754716 4.04123464942420130998 .00568742141115342445 -1 ERR|0+/-0
192-168-0-110 node-2 12 44 15 400 1272 11.97209406254000000000 .00881520316486947849 .002 .33780716967000000000 .06165459042525193111 .00047169811320754716 4.04425921028964937116 .00568748474594186142 -1 ERR|0+/-0
192-168-0-110 node-2 12 44 15 400 822 11.97205993444666666666 .00874869277897297580 .002 .33639885525000000000 .06057587994639713337 .00047169811320754716 4.02738725693224870884 .00568713486211019353 -1 ERR|0+/-0
192-168-0-110 node-2 12 44 15 400 747 11.97207986082666666666 .00880722054711227610 .002 .33639099604666666666 .06074912298613566248 .00047169811320754716 4.02729986913372084344 .00568714233585214833 -1 ERR|0+/-0
192-168-0-110 node-2 12 44 15 400 472 11.97209304292666666666 .00885288398314244429 .002 .33598502429333333333 .06071440450780955835 .00047169811320754716 4.02244397186976308945 .00568705251549038977 -1 ERR|0+/-0
192-168-0-110 node-2 12 44 15 400 447 11.97208783983333333333 .00868379292271211693 .002 .33581960787666666666 .06041895431398417764 .00047169811320754716 4.02046184383783928500 .00568701099736050888 -1 ERR|0+/-0
192-168-0-110 node-2 12 44 15 400 247 11.97208369796000000000 .00875020431942842920 .002 .33666379251333333333 .06042551810300597389 .00047169811320754716 4.03056710204226589589 .00568720870187245546 -1 ERR|0+/-0
192-168-0-110 node-2 12 44 15 400 572 11.97208866213333333333 .00880767830229792736 .002 .33656784346000000000 .06078373248020709233 .00047169811320754716 4.02942006272613256298 .00568718831074000836 -1 ERR|0+/-0
192-168-0-110 node-2 12 44 15 400 1172 11.97207956934666666666 .00875443797547003699 .002 .33737825645666666666 .06122040866182708176 .00047169811320754716 4.03911933126665912933 .00568737612069047443 -1 ERR|0+/-0
192-168-0-110 node-2 12 44 15 400 322 11.97209046606666666666 .00879282794878073626 .002 .33674122035000000000 .06067204920047280840 .00047169811320754716 4.03149635368388959778 .00568723020786957418 -1 ERR|0+/-0
192-168-0-110 node-2 12 44 15 400 197 11.97207494798666666666 .00875599084116393077 .002 .33571315647000000000 .06025388931889147336 .00047169811320754716 4.01918307028401493813 .00568697981881849216 -1 ERR|0+/-0
192-168-0-110 node-2 12 44 15 400 122 11.97206320052000000000 .00878794546946120051 .002 .33583372835000000000 .05998321100516722562 .00047169811320754716 4.02062262067246525874 .00568700279172791772 -1 ERR|0+/-0
192-168-0-110 node-2 12 44 15 400 1347 11.97208261878666666666 .00866105206670448668 .002 .33745394279666666666 .06095414302853029956 .00047169811320754716 4.04002648319700307659 .00568739550994793837 -1 ERR|0+/-0
192-168-0-110 node-2 12 44 15 400 947 11.97209079836000000000 .00880055388315512843 .002 .33761962442666666666 .06127188147490448101 .00047169811320754716 4.04201279894425509052 .00568743867244978211 -1 ERR|0+/-0
192-168-0-110 node-2 12 44 15 400 1247 11.97210006814666666666 .00883179252744802933 .002 .33783503384666666666 .06153905133602336301 .00047169811320754716 4.04459483173800943978 .00568749417893481628 -1 ERR|0+/-0
192-168-0-110 node-2 48 44 15 700 297 11.97217067971333333333 .00895107662731318650 .002 .35705713390333333333 .06788347022132011033 .00047169811320754716 4.27474894949996490917 .00569222235785116005 -1 ERR|0+/-0
192-168-0-110 node-2 48 44 15 700 1447 11.97218606633333333333 .00896012583240043900 .002 .36150231097666666666 .06921031042231315805 .00047169811320754716 4.32797293042214828803 .00569335172291580805 -1 ERR|0+/-0
192-168-0-110 node-2 48 44 15 700 972 11.97218538985333333333 .00885713764252152570 .002 .36071376634666666666 .06849640574897124636 .00047169811320754716 4.31853208337453165605 .00569315134511412404 -1 ERR|0+/-0
192-168-0-110 node-2 48 44 15 700 347 11.97215991636666666666 .00893425482951450853 .002 .35734969010666666666 .06818789371507817083 .00047169811320754716 4.27824763602108465066 .00569229075549471910 -1 ERR|0+/-0
192-168-0-110 node-2 48 44 15 700 422 11.97217755412000000000 .00889728792724198006 .002 .35780203101666666666 .06801405830210442875 .00047169811320754716 4.28366944455628471020 .00569241266787614494 -1 ERR|0+/-0
192-168-0-110 node-2 48 44 15 700 72 11.97216868342666666666 .00888055820369876017 .002 .35659767086333333333 .06769734274410754957 .00047169811320754716 4.26924746769288924584 .00569210621332656792 -1 ERR|0+/-0
192-168-0-110 node-2 48 44 15 700 522 11.97218417020666666666 .00890412734933951065 .002 .35803371983666666666 .06828399865464472585 .00047169811320754716 4.28644563302874928758 .00569247403453159283 -1 ERR|0+/-0
192-168-0-110 node-2 48 44 15 700 1197 11.97218930148666666666 .00891266007722598831 .002 .36043695578666666666 .06855756362628609645 .00047169811320754716 4.31521946592955335685 .00569308304782738963 -1 ERR|0+/-0
192-168-0-110 node-2 48 44 15 700 672 11.97219593457333333333 .00887865446926822521 .002 .35887285713000000000 .06793586384443243730 .00047169811320754716 4.29649616116050268084 .00569269089639275074 -1 ERR|0+/-0
192-168-0-110 node-2 48 44 15 700 1422 11.97220308194000000000 .00879825272785167157 .002 .36159342030666666666 .06845352394539503018 .00047169811320754716 4.32906986100470044651 .00569338282713666199 -1 ERR|0+/-0
192-168-0-110 node-2 48 44 15 700 1122 11.97220458986000000000 .00884627676885747284 .002 .36070523551666666666 .06853528600522112032 .00047169811320754716 4.31843687623916895511 .00569315816671411738 -1 ERR|0+/-0
192-168-0-110 node-2 48 44 15 700 1222 11.97219303390666666666 .00887380822979168622 .002 .35943297456000000000 .06843272727585050858 .00047169811320754716 4.30320095418358413741 .00569283088899815993 -1 ERR|0+/-0
192-168-0-110 node-2 48 44 15 700 997 11.97222036976666666666 .00886094553760820042 .002 .36183547452666666666 .06842077965602935330 .00047169811320754716 4.33197403863234649739 .00569345242846997010 -1 ERR|0+/-0
192-168-0-110 node-2 48 44 15 700 797 11.97219304176000000000 .00893259178940895910 .002 .35976944883000000000 .06818324937311457107 .00047169811320754716 4.30722929192035637314 .00569291590883025427 -1 ERR|0+/-0
192-168-0-110 node-2 48 44 15 700 397 11.97219620872000000000 .00891672728555424476 .002 .35896096504333333333 .06818510582124474645 .00047169811320754716 4.29755110477026778380 .00569271324499830045 -1 ERR|0+/-0
192-168-0-110 node-2 48 44 15 700 847 11.97218720059333333333 .00890348396628784691 .002 .36061265263666666666 .06878701614785613347 .00047169811320754716 4.31732218426871042448 .00569312656993630170 -1 ERR|0+/-0
192-168-0-110 node-2 48 44 15 700 222 11.97216170188666666666 .00893413253850623261 .002 .35711824313333333333 .06790529806374784332 .00047169811320754716 4.27547735348594441200 .00569223349062973786 -1 ERR|0+/-0
192-168-0-110 node-2 48 44 15 700 922 11.97219502056000000000 .00882170284483939982 .002 .36076527662333333333 .06834454754755771876 .00047169811320754716 4.31915224838082230400 .00569316890679524104 -1 ERR|0+/-0
192-168-0-110 node-2 48 44 15 700 647 11.97218034056666666666 .00894635991923719163 .002 .36058338243000000000 .06859739606828764400 .00047169811320754716 4.31696928226347800957 .00569311594433184102 -1 ERR|0+/-0
192-168-0-110 node-2 48 44 15 700 547 11.97219926155333333333 .00887297963403059998 .002 .36006416872666666666 .06828107314762282359 .00047169811320754716 4.31075997494121348427 .00569299334961655123 -1 ERR|0+/-0
192-168-0-110 node-2 48 44 15 700 1372 11.97219605366666666666 .00899575351884012326 .002 .35980429543333333333 .06896005314203542810 .00047169811320754716 4.30764756587926878821 .00569292612722717051 -1 ERR|0+/-0
192-168-0-110 node-2 48 44 15 700 1472 11.97221475624000000000 .00894916138467804646 .002 .36274592725333333333 .06919272611021977792 .00047169811320754716 4.34287214302831890602 .00569368153631643328 -1 ERR|0+/-0
192-168-0-110 node-2 48 44 15 700 497 11.97217471502000000000 .00892020707992631525 .002 .35869979710666666666 .06818463726861082642 .00047169811320754716 4.29441664120323882046 .00569263733782460623 -1 ERR|0+/-0
192-168-0-110 node-2 48 44 15 700 1397 11.97220033942000000000 .00887261464926938940 .002 .36211376775000000000 .06882725920644445391 .00047169811320754716 4.33529857316520504970 .00569351382908674684 -1 ERR|0+/-0
192-168-0-110 node-2 48 44 15 700 772 11.97218540142000000000 .00893897359046094005 .002 .35867126007000000000 .06835064861313053435 .00047169811320754716 4.29407882371897016729 .00569263514606989018 -1 ERR|0+/-0
192-168-0-110 node-2 48 44 15 700 872 11.97218474563333333333 .00895371534137415941 .002 .35952466777666666666 .06857206382464060626 .00047169811320754716 4.30429574323470068979 .00569285017089500696 -1 ERR|0+/-0
192-168-0-110 node-2 48 44 15 700 272 11.97218161138666666666 .00896839727774136798 .002 .35650126486000000000 .06788788980693638631 .00047169811320754716 4.26809788759297964520 .00569208810812636226 -1 ERR|0+/-0
192-168-0-110 node-2 48 44 15 700 1322 11.97220687429333333333 .00895772148796809545 .002 .36073720280000000000 .06901951732428717695 .00047169811320754716 4.31882041917550829335 .00569316733743295218 -1 ERR|0+/-0
192-168-0-110 node-2 48 44 15 700 172 11.97219313843333333333 .00894286977030501657 .002 .35833560025666666666 .06798059992797661255 .00047169811320754716 4.29006301464925446545 .00569255421093636665 -1 ERR|0+/-0
192-168-0-110 node-2 48 44 15 700 1147 11.97219556962000000000 .00895288603883096794 .002 .36078070508666666666 .06882201560596066275 .00047169811320754716 4.31933715904297046472 .00569317307446894064 -1 ERR|0+/-0
192-168-0-110 node-2 48 44 15 700 1097 11.97220238374000000000 .00902897107479653575 .002 .35985071667000000000 .06867301664674975278 .00047169811320754716 4.30820560790712135494 .00569294082555874367 -1 ERR|0+/-0
192-168-0-110 node-2 48 44 15 700 622 11.97216825055333333333 .00882823684910276407 .002 .35917489357333333333 .06834849775214636427 .00047169811320754716 4.30010225723453382106 .00569275413651869827 -1 ERR|0+/-0
192-168-0-110 node-2 48 44 15 700 697 11.97219317613333333333 .00893217624065294739 .002 .36048153463000000000 .06852328114541539187 .00047169811320754716 4.31575456901935788949 .00569309615085601992 -1 ERR|0+/-0
192-168-0-110 node-2 48 44 15 700 97 11.97218320119333333333 .00889525479687274500 .002 .35732650002333333333 .06787426817871187412 .00047169811320754716 4.27797832092056056465 .00569229582889153082 -1 ERR|0+/-0
192-168-0-110 node-2 48 44 15 700 1297 11.97220252531333333333 .00892514257055271078 .002 .36056096577666666666 .06892621219540865485 .00047169811320754716 4.31670890500082302194 .00569312064553144350 -1 ERR|0+/-0
192-168-0-110 node-2 48 44 15 700 372 11.97217998115333333333 .00895583843429813499 .002 .35802138095333333333 .06816668728877535559 .00047169811320754716 4.28629640987436864025 .00569246897004591936 -1 ERR|0+/-0
192-168-0-110 node-2 48 44 15 700 1072 11.97219754035333333333 .00890731359031758014 .002 .35998687986333333333 .06868894833596419861 .00047169811320754716 4.30983403765927023371 .00569297299319018375 -1 ERR|0+/-0
192-168-0-110 node-2 48 44 15 700 597 11.97219781444000000000 .00897207741168330256 .002 .35887348403333333333 .06858453392642171633 .00047169811320754716 4.29650434120434156940 .00569269193412858851 -1 ERR|0+/-0
192-168-0-110 node-2 48 44 15 700 897 11.97220342196000000000 .00892426008553370210 .002 .35968718343333333333 .06868558307845027648 .00047169811320754716 4.30624812833570755482 .00569289997286943642 -1 ERR|0+/-0
192-168-0-110 node-2 48 44 15 700 1022 11.97219433053333333333 .00898359307443089833 .002 .35917483488000000000 .06867105798397714245 .00047169811320754716 4.30011092182058214233 .00569276632524875730 -1 ERR|0+/-0
192-168-0-110 node-2 48 44 15 700 722 11.97217621808666666666 .00898570137396234696 .002 .35790487841666666666 .06831291079337532056 .00047169811320754716 4.28490027371721658421 .00569243790461769464 -1 ERR|0+/-0
192-168-0-110 node-2 48 44 15 700 147 11.97219061014666666666 .00890195672131129100 .002 .35746948385666666666 .06782538862544617488 .00047169811320754716 4.27969279804276011011 .00569233520557677629 -1 ERR|0+/-0
192-168-0-110 node-2 48 44 15 700 1047 11.97219421182000000000 .00892972299806373389 .002 .36004818326333333333 .06879681510636252178 .00047169811320754716 4.31056677564158593213 .00569298694276291836 -1 ERR|0+/-0
192-168-0-110 node-2 48 44 15 700 1272 11.97221199034666666666 .00898871619474380612 .002 .36064859914666666666 .06878726298648687453 .00047169811320754716 4.31776148300545128282 .00569314727709462123 -1 ERR|0+/-0
192-168-0-110 node-2 48 44 15 700 822 11.97220961981333333333 .00884426762470608133 .002 .35942343036333333333 .06846460811150984942 .00047169811320754716 4.30309265058220705489 .00569283623954858374 -1 ERR|0+/-0
192-168-0-110 node-2 48 44 15 700 747 11.97220831059333333333 .00909209191974854046 .002 .35953568693333333333 .06845533520833749361 .00047169811320754716 4.30443613905813625687 .00569286398105907761 -1 ERR|0+/-0
192-168-0-110 node-2 48 44 15 700 472 11.97219039022000000000 .00898090749348080636 .002 .35840859808333333333 .06845349238381994188 .00047169811320754716 4.29093597374550564403 .00569257130707485911 -1 ERR|0+/-0
192-168-0-110 node-2 48 44 15 700 447 11.97217201132000000000 .00892088698690927818 .002 .35753810311666666666 .06811029520645326530 .00047169811320754716 4.28050767111380072720 .00569234374038651674 -1 ERR|0+/-0
192-168-0-110 node-2 48 44 15 700 247 11.97218444730666666666 .00880409469534913396 .002 .35712522565333333333 .06788084001702703317 .00047169811320754716 4.27556907230772114953 .00569224588709289595 -1 ERR|0+/-0
192-168-0-110 node-2 48 44 15 700 572 11.97222083238000000000 .00891120910457362570 .002 .35870897789666666666 .06832584241020748893 .00047169811320754716 4.29454309793620962154 .00569266123185528404 -1 ERR|0+/-0
192-168-0-110 node-2 48 44 15 700 1172 11.97220043230666666666 .00888874434868978555 .002 .35986094130666666666 .06893536549185181044 .00047169811320754716 4.30832731708195866639 .00569294249768973514 -1 ERR|0+/-0
192-168-0-110 node-2 48 44 15 700 322 11.97218877602000000000 .00885978117036086337 .002 .35771173137333333333 .06795369884641676177 .00047169811320754716 4.28259237539850263362 .00569239521859149463 -1 ERR|0+/-0
192-168-0-110 node-2 48 44 15 700 197 11.97218719090666666666 .00876419418475691922 .002 .35656050442000000000 .06770960876955027525 .00047169811320754716 4.26880910380034390380 .00569210556138853946 -1 ERR|0+/-0
192-168-0-110 node-2 48 44 15 700 122 11.97218328891333333333 .00891593943269593493 .002 .35750669128000000000 .06804875077571259676 .00047169811320754716 4.28013563501711410667 .00569234112626054764 -1 ERR|0+/-0
192-168-0-110 node-2 48 44 15 700 1347 11.97221178388666666666 .00896314452067729129 .002 .36267420163666666666 .06902441764892977755 .00047169811320754716 4.34201235054618967687 .00569366186883417673 -1 ERR|0+/-0
192-168-0-110 node-2 48 44 15 700 947 11.97219164652666666666 .00901785736791108766 .002 .35887828837666666666 .06872528900668158754 .00047169811320754716 4.29655964622291679978 .00569269025944574117 -1 ERR|0+/-0
192-168-0-110 node-2 48 44 15 700 1247 11.97221680998666666666 .00889666921861353402 .002 .36156523167333333333 .06893486291463759529 .00047169811320754716 4.32873734454620489226 .00569338208928805866 -1 ERR|0+/-0
192-168-0-110 node-2 48 44 15 800 297 11.97221093364666666666 .00895395081072154260 .002 .36209961043000000000 .06914205506434920068 .00047169811320754716 4.33513291505924457926 .00569351518415731372 -1 ERR|0+/-0
192-168-0-110 node-2 48 44 15 800 1447 11.97221436305333333333 .00905360477161243603 .002 .36506617929000000000 .07046452665064856653 .00047169811320754716 4.37065055516074133849 .00569427450798904495 -1 ERR|0+/-0
192-168-0-110 node-2 48 44 15 800 972 11.97221464769333333333 .00890216460696660955 .002 .36296516150666666666 .06974151555591563411 .00047169811320754716 4.34549682319249110004 .00569373737202644604 -1 ERR|0+/-0
192-168-0-110 node-2 48 44 15 800 347 11.97220922091333333333 .00894045454820479024 .002 .36075760382666666666 .06919129631699910158 .00047169811320754716 4.31906551104821789328 .00569317360624386106 -1 ERR|0+/-0
192-168-0-110 node-2 48 44 15 800 422 11.97221100902000000000 .00898417698131546938 .002 .36078305341333333333 .06934742083621030955 .00047169811320754716 4.31937084394296002174 .00569318089373739818 -1 ERR|0+/-0
192-168-0-110 node-2 48 44 15 800 72 11.97220822294000000000 .00891311071731225663 .002 .36098955966666666666 .06879848539348872424 .00047169811320754716 4.32184217463675643200 .00569323195100074506 -1 ERR|0+/-0
192-168-0-110 node-2 48 44 15 800 522 11.97219903177333333333 .00894907048875724466 .002 .36109954831666666666 .06944554656548617077 .00047169811320754716 4.32315566273058466510 .00569325555085799569 -1 ERR|0+/-0
192-168-0-110 node-2 48 44 15 800 1197 11.97221573054666666666 .00900427793891912079 .002 .36461154198333333333 .07009640324264229022 .00047169811320754716 4.36520803847173970740 .00569415862994308317 -1 ERR|0+/-0
192-168-0-110 node-2 48 44 15 800 672 11.97220230478000000000 .00900754485096817544 .002 .36252118977000000000 .06969618968260150339 .00047169811320754716 4.34017702369598175810 .00569361845592263496 -1 ERR|0+/-0
192-168-0-110 node-2 48 44 15 800 1422 11.97219613343333333333 .00889772898974411278 .002 .36444956019333333333 .07017793704597428667 .00047169811320754716 4.36326161537810420842 .00569410798270303879 -1 ERR|0+/-0
192-168-0-110 node-2 48 44 15 800 1122 11.97221691954000000000 .00893282557785658658 .002 .36401786804666666666 .06969265931920031310 .00047169811320754716 4.35810087884318179688 .00569400725010893009 -1 ERR|0+/-0
192-168-0-110 node-2 48 44 15 800 1222 11.97219453987333333333 .00887626740836261985 .002 .36437354079333333333 .06972951857294668917 .00047169811320754716 4.36235091556025861985 .00569408777681235785 -1 ERR|0+/-0
192-168-0-110 node-2 48 44 15 800 997 11.97219291636000000000 .00894916866139587906 .002 .36382289650666666666 .06977213941111530184 .00047169811320754716 4.35575790436669205610 .00569394617570057734 -1 ERR|0+/-0
192-168-0-110 node-2 48 44 15 800 797 11.97219210398000000000 .00895042974619153636 .002 .36276946040666666666 .06948218226400261523 .00047169811320754716 4.34314566944577990633 .00569367693580000813 -1 ERR|0+/-0
192-168-0-110 node-2 48 44 15 800 397 11.97220436098000000000 .00902928974117552227 .002 .36014103639000000000 .06924636585988209894 .00047169811320754716 4.31168208643621487606 .00569301518428434107 -1 ERR|0+/-0
192-168-0-110 node-2 48 44 15 800 847 11.97220641623333333333 .00892557151996664413 .002 .36333706304333333333 .06965971765637367805 .00047169811320754716 4.34994631742277046736 .00569382840092990772 -1 ERR|0+/-0
192-168-0-110 node-2 48 44 15 800 222 11.97221084666000000000 .00902836022488366045 .002 .36149610030666666666 .06911267571831915205 .00047169811320754716 4.32790753311676601889 .00569336173973269592 -1 ERR|0+/-0
192-168-0-110 node-2 48 44 15 800 922 11.97221943719333333333 .00901184188660468066 .002 .36357880751000000000 .06958563930014839606 .00047169811320754716 4.35284526622279547465 .00569389621800707744 -1 ERR|0+/-0
192-168-0-110 node-2 48 44 15 800 647 11.97220801730666666666 .00901072760385273437 .002 .36292196866666666666 .06964396343821309851 .00047169811320754716 4.34497730292778553764 .00569372325679528439 -1 ERR|0+/-0
192-168-0-110 node-2 48 44 15 800 547 11.97219672877333333333 .00891951853833934693 .002 .36232016978333333333 .06917087067695240678 .00047169811320754716 4.33776835144862206685 .00569356466411389148 -1 ERR|0+/-0
192-168-0-110 node-2 48 44 15 800 1372 11.97222099857333333333 .00887890228877444849 .002 .36371515814666666666 .06973171372757822097 .00047169811320754716 4.35447825386294345429 .00569393178110262223 -1 ERR|0+/-0
192-168-0-110 node-2 48 44 15 800 1472 11.97223021367333333333 .00882404916033954221 .002 .36462568357333333333 .06983132355940678445 .00047169811320754716 4.36538262555795376135 .00569416902750662732 -1 ERR|0+/-0
192-168-0-110 node-2 48 44 15 800 497 11.97221638643333333333 .00893718580365782145 .002 .36195505976333333333 .06932493395748763618 .00047169811320754716 4.33340429765103580783 .00569348096969069441 -1 ERR|0+/-0
192-168-0-110 node-2 48 44 15 800 1397 11.97222078058000000000 .00901891029363513571 .002 .36474945177666666666 .07028733783302639318 .00047169811320754716 4.36686096626577126775 .00569419632184282876 -1 ERR|0+/-0
192-168-0-110 node-2 48 44 15 800 772 11.97221786425333333333 .00897219250543481651 .002 .36199732869000000000 .06966395082722186335 .00047169811320754716 4.33391088535440370809 .00569349241048481770 -1 ERR|0+/-0
192-168-0-110 node-2 48 44 15 800 872 11.97220062922000000000 .00898568880932861206 .002 .36153422912666666666 .06965462037085085563 .00047169811320754716 4.32836032543484631766 .00569336664356751663 -1 ERR|0+/-0
192-168-0-110 node-2 48 44 15 800 272 11.97220015130666666666 .00888224684086949308 .002 .36071552617333333333 .06905731144397012977 .00047169811320754716 4.31855847703104521349 .00569315869793927139 -1 ERR|0+/-0
192-168-0-110 node-2 48 44 15 800 1322 11.97221641776666666666 .00900294887581651659 .002 .36425503670000000000 .07008472609333476135 .00047169811320754716 4.36094013063393969870 .00569406768356806415 -1 ERR|0+/-0
192-168-0-110 node-2 48 44 15 800 172 11.97221208605333333333 .00888422431002205110 .002 .36019917050000000000 .06901327203674416276 .00047169811320754716 4.31238086244648528542 .00569303351035524205 -1 ERR|0+/-0
192-168-0-110 node-2 48 44 15 800 1147 11.97222219268666666666 .00896346149703330515 .002 .36336569202000000000 .06997302823404250181 .00047169811320754716 4.35029480206279241635 .00569384308961139268 -1 ERR|0+/-0
192-168-0-110 node-2 48 44 15 800 1097 11.97221724718666666666 .00898908498080021768 .002 .36321668751333333333 .07003412718885559460 .00047169811320754716 4.34850909071313932408 .00569380274730273124 -1 ERR|0+/-0
192-168-0-110 node-2 48 44 15 800 622 11.97219270412666666666 .00896389391117940105 .002 .36111529135333333333 .06943270274492091316 .00047169811320754716 4.32334185648895288960 .00569325658438004882 -1 ERR|0+/-0
192-168-0-110 node-2 48 44 15 800 697 11.97220539365333333333 .00896936468572402679 .002 .36204396809666666666 .06950713782742392112 .00047169811320754716 4.33446474758656800439 .00569349843814373677 -1 ERR|0+/-0
192-168-0-110 node-2 48 44 15 800 97 11.97219948594000000000 .00894256550985241427 .002 .36070680890666666666 .06910296389520148751 .00047169811320754716 4.31845387216745248002 .00569315617735765000 -1 ERR|0+/-0
192-168-0-110 node-2 48 44 15 800 1297 11.97222737361333333333 .00895412293346951764 .002 .36423093896666666666 .07005489627253268662 .00047169811320754716 4.36065561781361397705 .00569406664293374423 -1 ERR|0+/-0
192-168-0-110 node-2 48 44 15 800 372 11.97219220617333333333 .00895232742405498202 .002 .36202568007000000000 .06937843791659022312 .00047169811320754716 4.33424102536865465229 .00569348761658548090 -1 ERR|0+/-0
192-168-0-110 node-2 48 44 15 800 1072 11.97219450895333333333 .00895136310346518509 .002 .36352795522666666666 .06982896339628038141 .00047169811320754716 4.35222738941573187904 .00569387156803860390 -1 ERR|0+/-0
192-168-0-110 node-2 48 44 15 800 597 11.97221431331333333333 .00884637682208584646 .002 .36182832025000000000 .06923463030288299199 .00047169811320754716 4.33188619465917061192 .00569344777613991116 -1 ERR|0+/-0
192-168-0-110 node-2 48 44 15 800 897 11.97219334198000000000 .00886735841117599407 .002 .36190947730000000000 .06939115506231410888 .00047169811320754716 4.33285023453052194705 .00569345859722001930 -1 ERR|0+/-0
192-168-0-110 node-2 48 44 15 800 1022 11.97220614103333333333 .00881699889640884099 .002 .36302471327666666666 .06982373702097872511 .00047169811320754716 4.34620670163777372237 .00569374857869156530 -1 ERR|0+/-0
192-168-0-110 node-2 48 44 15 800 722 11.97220026465333333333 .00891260153398054085 .002 .36262202857000000000 .06956838483328471037 .00047169811320754716 4.34138354641488260114 .00569364318717945566 -1 ERR|0+/-0
192-168-0-110 node-2 48 44 15 800 147 11.97221154026666666666 .00882533730823779562 .002 .35989520682666666666 .06894922694643122508 .00047169811320754716 4.30874154845687750147 .00569295635958675692 -1 ERR|0+/-0
192-168-0-110 node-2 48 44 15 800 1047 11.97221581672000000000 .00882729587891313859 .002 .36251364462000000000 .06969297402196607702 .00047169811320754716 4.34009158989637713404 .00569362285596846149 -1 ERR|0+/-0
192-168-0-110 node-2 48 44 15 800 1272 11.97222484160000000000 .00887332284478427280 .002 .36574286431333333333 .07008847567082657462 .00047169811320754716 4.37875580577002745939 .00569445310000442184 -1 ERR|0+/-0
192-168-0-110 node-2 48 44 15 800 822 11.97220749334666666666 .00877428955632761130 .002 .36191030092000000000 .06933481438438171949 .00047169811320754716 4.33286521659377103120 .00569346542764605096 -1 ERR|0+/-0
192-168-0-110 node-2 48 44 15 800 747 11.97220538268666666666 .00883433898058224784 .002 .36280998881666666666 .06971053117507232586 .00047169811320754716 4.34363570100338600353 .00569369347781551285 -1 ERR|0+/-0
192-168-0-110 node-2 48 44 15 800 472 11.97220873591333333333 .00887717352610151470 .002 .36042115319000000000 .06934088825303460078 .00047169811320754716 4.31503727882927576789 .00569308813937850956 -1 ERR|0+/-0
192-168-0-110 node-2 48 44 15 800 447 11.97219821763333333333 .00887575141418345605 .002 .36135128217666666666 .06934481229062725208 .00047169811320754716 4.32616917641500835763 .00569331905757109576 -1 ERR|0+/-0
192-168-0-110 node-2 48 44 15 800 247 11.97219710866666666666 .00887960263739327132 .002 .36172549332333333333 .06927072677620101619 .00047169811320754716 4.33064890529663497109 .00569341359087157745 -1 ERR|0+/-0
192-168-0-110 node-2 48 44 15 800 572 11.97220334653333333333 .00886349110634723996 .002 .36109695869333333333 .06944104719800271178 .00047169811320754716 4.32312621729133416582 .00569325691268701662 -1 ERR|0+/-0
192-168-0-110 node-2 48 44 15 800 1172 11.97220549843333333333 .00879154368117635357 .002 .36292638846333333333 .06971789370200458358 .00047169811320754716 4.34502930348727120636 .00569372320523254712 -1 ERR|0+/-0
192-168-0-110 node-2 48 44 15 800 322 11.97219554925333333333 .00888288588776529032 .002 .36103702662333333333 .06910143787947942954 .00047169811320754716 4.32240588325552854624 .00569323806081155454 -1 ERR|0+/-0
192-168-0-110 node-2 48 44 15 800 197 11.97219788560000000000 .00882920389420533486 .002 .36145932622666666666 .06904774917212277919 .00047169811320754716 4.32746258118129929292 .00569334633619818003 -1 ERR|0+/-0
192-168-0-110 node-2 48 44 15 800 122 11.97221283454666666666 .00898877552261874209 .002 .36047526629333333333 .06909008188986660203 .00047169811320754716 4.31568660965367275417 .00569310376143208547 -1 ERR|0+/-0
192-168-0-110 node-2 48 44 15 800 1347 11.97221994602666666666 .00881701557810611390 .002 .36434829572000000000 .06999852018845963853 .00047169811320754716 4.36205793331980638567 .00569409320064212155 -1 ERR|0+/-0
192-168-0-110 node-2 48 44 15 800 947 11.97221194014666666666 .00892455722972499795 .002 .36262082291000000000 .06969651746983424809 .00047169811320754716 4.34137334578891193275 .00569364834247862729 -1 ERR|0+/-0
192-168-0-110 node-2 48 44 15 800 1247 11.97220391411333333333 .00882423739509174186 .002 .36341175111666666666 .06985657385043269841 .00047169811320754716 4.35083958915373720234 .00569384629637922523 -1 ERR|0+/-0
192-168-0-110 node-2 6 44 15 100 297 11.97198828876000000000 .00860736217989014971 .002 .31422082728666666666 .04357386305521467016 .00047169811320754716 3.76184806436045198055 .00568202458629619535 -1 ERR|0+/-0
192-168-0-110 node-2 6 44 15 100 1447 11.97198733030000000000 .00856878118669191598 .002 .31437167586000000000 .04370452193148001304 .00047169811320754716 3.76365372040109835655 .00568205751310168542 -1 ERR|0+/-0
192-168-0-110 node-2 6 44 15 100 972 11.97198377257333333333 .00860016844720389822 .002 .31447753378333333333 .04370259399556867436 .00047169811320754716 3.76491993129294888339 .00568207927637837344 -1 ERR|0+/-0
192-168-0-110 node-2 6 44 15 100 347 11.97199541694666666666 .00861851334462793008 .002 .31392153150333333333 .04305138410481838004 .00047169811320754716 3.75826713643878530516 .00568196175395074531 -1 ERR|0+/-0
192-168-0-110 node-2 6 44 15 100 422 11.97198106188666666666 .00862918624267167326 .002 .31403281984666666666 .04304231876446342406 .00047169811320754716 3.75959497201516069082 .00568197962268270634 -1 ERR|0+/-0
192-168-0-110 node-2 6 44 15 100 72 11.97199893144666666666 .00857174805904507788 .002 .31357203805666666666 .04224202410258918878 .00047169811320754716 3.75408410454596682767 .00568188620770932810 -1 ERR|0+/-0
192-168-0-110 node-2 6 44 15 100 522 11.97198985518000000000 .00861157734449241476 .002 .31411215037000000000 .04330994434428932869 .00047169811320754716 3.76054747761841468341 .00568200128504350657 -1 ERR|0+/-0
192-168-0-110 node-2 6 44 15 100 1197 11.97199719692000000000 .00869346909567323244 .002 .31434377194333333333 .04372837500990533617 .00047169811320754716 3.76332275657484640770 .00568205596349331550 -1 ERR|0+/-0
192-168-0-110 node-2 6 44 15 100 672 11.97199067769333333333 .00863236365740033683 .002 .31398172176000000000 .04333899746788813572 .00047169811320754716 3.75898624587682202527 .00568197283516428649 -1 ERR|0+/-0
192-168-0-110 node-2 6 44 15 100 1422 11.97201784051333333333 .00866292929386843316 .002 .31444347178333333333 .04378358021203505646 .00047169811320754716 3.76452285402301759680 .00568208770712127515 -1 ERR|0+/-0
192-168-0-110 node-2 6 44 15 100 1122 11.97199369117333333333 .00868634795224716864 .002 .31444523537666666666 .04391157994199488866 .00047169811320754716 3.76453637414896718266 .00568207677629511356 -1 ERR|0+/-0
192-168-0-110 node-2 6 44 15 100 1222 11.97199390104000000000 .00870672118151638183 .002 .31420168788666666666 .04366460398494233990 .00047169811320754716 3.76162069107564697998 .00568202298378484738 -1 ERR|0+/-0
192-168-0-110 node-2 6 44 15 100 997 11.97200715386000000000 .00855564544492019549 .002 .31438044937333333333 .04349324147528951077 .00047169811320754716 3.76376498893126822054 .00568206874808973074 -1 ERR|0+/-0
192-168-0-110 node-2 6 44 15 100 797 11.97200031846666666666 .00862868291682698872 .002 .31433676509000000000 .04362957721417337903 .00047169811320754716 3.76323985176326178899 .00568205587635999669 -1 ERR|0+/-0
192-168-0-110 node-2 6 44 15 100 397 11.97199229026666666666 .00852842255480555853 .002 .31408006361666666666 .04306117159846309105 .00047169811320754716 3.76016410014519753238 .00568199533171241174 -1 ERR|0+/-0
192-168-0-110 node-2 6 44 15 100 847 11.97199554152666666666 .00857081990312837981 .002 .31418575264000000000 .04314245734318825736 .00047169811320754716 3.76143042981728014129 .00568202022822370019 -1 ERR|0+/-0
192-168-0-110 node-2 6 44 15 100 222 11.97200210656666666666 .00865723780746097559 .002 .31390302782333333333 .04300074433724371834 .00047169811320754716 3.75804771035860164499 .00568196080100628202 -1 ERR|0+/-0
192-168-0-110 node-2 6 44 15 100 922 11.97199575190000000000 .00862432526541066051 .002 .31420543750000000000 .04321075490351205979 .00047169811320754716 3.76166616297388095625 .00568202468085815164 -1 ERR|0+/-0
192-168-0-110 node-2 6 44 15 100 647 11.97199458625333333333 .00857955551921291083 .002 .31407746410666666666 .04308843966043505850 .00047169811320754716 3.76013369994918895066 .00568199583332298035 -1 ERR|0+/-0
192-168-0-110 node-2 6 44 15 100 547 11.97201763390000000000 .00863044006567586390 .002 .31417844081333333333 .04337525553598633233 .00047169811320754716 3.76134983360843412486 .00568202896803418716 -1 ERR|0+/-0
192-168-0-110 node-2 6 44 15 100 1372 11.97200858980000000000 .00852040826524914708 .002 .31431273770666666666 .04314864375649624389 .00047169811320754716 3.76295479570776768597 .00568205443731104533 -1 ERR|0+/-0
192-168-0-110 node-2 6 44 15 100 1472 11.97201013834000000000 .00856445710015994592 .002 .31451639126333333333 .04353582070642635318 .00047169811320754716 3.76539342487873686732 .00568210023948918028 -1 ERR|0+/-0
192-168-0-110 node-2 6 44 15 100 497 11.97201160932000000000 .00867221720024314370 .002 .31411509587000000000 .04358304813633765473 .00047169811320754716 3.76058957441830478550 .00568201213485187745 -1 ERR|0+/-0
192-168-0-110 node-2 6 44 15 100 1397 11.97199594272000000000 .00862209315229081075 .002 .31417537211000000000 .04356304984740402103 .00047169811320754716 3.76130628020346624553 .00568201812038834490 -1 ERR|0+/-0
192-168-0-110 node-2 6 44 15 100 772 11.97200934762666666666 .00843926065791768277 .002 .31433263651000000000 .04309777576704473701 .00047169811320754716 3.76319326256185524451 .00568205919566732250 -1 ERR|0+/-0
192-168-0-110 node-2 6 44 15 100 872 11.97201573118000000000 .00860411308885751977 .002 .31431993361333333333 .04367833230140662753 .00047169811320754716 3.76304318984227992602 .00568205937744127591 -1 ERR|0+/-0
192-168-0-110 node-2 6 44 15 100 272 11.97200685524000000000 .00857185207726494309 .002 .31383986233000000000 .04286572058090221081 .00047169811320754716 3.75729298326233783910 .00568194907017565408 -1 ERR|0+/-0
192-168-0-110 node-2 6 44 15 100 1322 11.97200188953333333333 .00853230877101700182 .002 .31445246698000000000 .04335000254826304840 .00047169811320754716 3.76462552885297810760 .00568208222048706630 -1 ERR|0+/-0
192-168-0-110 node-2 6 44 15 100 172 11.97201029870000000000 .00847551712786582244 .002 .31376476345666666666 .04243512702288869949 .00047169811320754716 3.75639497947238274442 .00568193409426574130 -1 ERR|0+/-0
192-168-0-110 node-2 6 44 15 100 1147 11.97199494862000000000 .00855488639066375620 .002 .31418737288333333333 .04331875566523773037 .00047169811320754716 3.76144964107945503121 .00568202030863078577 -1 ERR|0+/-0
192-168-0-110 node-2 6 44 15 100 1097 11.97198222788000000000 .00853321186994870238 .002 .31425504025000000000 .04330942834025277757 .00047169811320754716 3.76225575689471407217 .00568202931336595446 -1 ERR|0+/-0
192-168-0-110 node-2 6 44 15 100 622 11.97200313608000000000 .00865583562632575642 .002 .31393884305666666666 .04341704788492386961 .00047169811320754716 3.75847681361174026640 .00568196919862621923 -1 ERR|0+/-0
192-168-0-110 node-2 6 44 15 100 697 11.97201900918666666666 .00843062137026355608 .002 .31399275763000000000 .04272275560737586294 .00047169811320754716 3.75912726309330177009 .00568198855658343085 -1 ERR|0+/-0
192-168-0-110 node-2 6 44 15 100 97 11.97199686107333333333 .00863780290115890755 .002 .31379637386666666666 .04304630651689146790 .00047169811320754716 3.75676920294792749986 .00568193477718727690 -1 ERR|0+/-0
192-168-0-110 node-2 6 44 15 100 1297 11.97200577950000000000 .00847661222269225077 .002 .31423674596333333333 .04299551234438059990 .00047169811320754716 3.76204413880429996171 .00568203630737671721 -1 ERR|0+/-0
192-168-0-110 node-2 6 44 15 100 372 11.97199785671333333333 .00850943688235062414 .002 .31372912458000000000 .04241427421087971346 .00047169811320754716 3.75596440706031034267 .00568192038961575296 -1 ERR|0+/-0
192-168-0-110 node-2 6 44 15 100 1072 11.97199116263333333333 .00848781378472846445 .002 .31400224639333333333 .04311929878279726906 .00047169811320754716 3.75923211886800113172 .00568197759936032922 -1 ERR|0+/-0
192-168-0-110 node-2 6 44 15 100 597 11.97199988871333333333 .00851380895275971940 .002 .31389912417333333333 .04258765578868693213 .00047169811320754716 3.75800027967035946778 .00568195889862258683 -1 ERR|0+/-0
192-168-0-110 node-2 6 44 15 100 897 11.97201136008000000000 .00855159746448851332 .002 .31429920578333333333 .04336046687632463281 .00047169811320754716 3.76279366210218830175 .00568205274192192094 -1 ERR|0+/-0
192-168-0-110 node-2 6 44 15 100 1022 11.97200586431333333333 .00838209767033489296 .002 .31435431037333333333 .04285418709193442885 .00047169811320754716 3.76345164726172037976 .00568206235885692827 -1 ERR|0+/-0
192-168-0-110 node-2 6 44 15 100 722 11.97198911950666666666 .00845136884812057176 .002 .31389508137333333333 .04249298889395906979 .00047169811320754716 3.75794849886820641794 .00568195295653943970 -1 ERR|0+/-0
192-168-0-110 node-2 6 44 15 100 147 11.97199253478666666666 .00852661664052987666 .002 .31374156544333333333 .04247239487221091197 .00047169811320754716 3.75611167933986909818 .00568192064238732746 -1 ERR|0+/-0
192-168-0-110 node-2 6 44 15 100 1047 11.97199312985333333333 .00855259931702647344 .002 .31424170841000000000 .04321785959734504470 .00047169811320754716 3.76209957419789443939 .00568203147494666030 -1 ERR|0+/-0
192-168-0-110 node-2 6 44 15 100 1272 11.97201256484000000000 .00858302348005075831 .002 .31443204004666666666 .04358699123412962086 .00047169811320754716 3.76438433422696739321 .00568208270342642496 -1 ERR|0+/-0
192-168-0-110 node-2 6 44 15 100 822 11.97200415006000000000 .00860698861804631992 .002 .31410240241666666666 .04344361557126862616 .00047169811320754716 3.76043526527614950656 .00568200583106289851 -1 ERR|0+/-0
192-168-0-110 node-2 6 44 15 100 747 11.97200620608666666666 .00866637944539686365 .002 .31408321005333333333 .04341886836296854317 .00047169811320754716 3.76020613998612880248 .00568200255123947916 -1 ERR|0+/-0
192-168-0-110 node-2 6 44 15 100 472 11.97199812818000000000 .00853275750287044604 .002 .31392379089000000000 .04295486957634668537 .00047169811320754716 3.75829503692624973628 .00568196352431822550 -1 ERR|0+/-0
192-168-0-110 node-2 6 44 15 100 447 11.97199263934000000000 .00853780407995401239 .002 .31391024198333333333 .04286310373873219403 .00047169811320754716 3.75813110643790490958 .00568195795689633029 -1 ERR|0+/-0
192-168-0-110 node-2 6 44 15 100 247 11.97200237521333333333 .00851446619733010802 .002 .31371920767666666666 .04237721424876166491 .00047169811320754716 3.75584709945509832964 .00568192031772241857 -1 ERR|0+/-0
192-168-0-110 node-2 6 44 15 100 572 11.97200397068000000000 .00849979802518400433 .002 .31383208811000000000 .04269147507864629792 .00047169811320754716 3.75719900497971561661 .00568194600026050933 -1 ERR|0+/-0
192-168-0-110 node-2 6 44 15 100 1172 11.97200193008666666666 .00847516925434206830 .002 .31424063647333333333 .04291948756034267739 .00047169811320754716 3.76208950637040924865 .00568203536339834213 -1 ERR|0+/-0
192-168-0-110 node-2 6 44 15 100 322 11.97198528441333333333 .00832584239964228844 .002 .31401189271666666666 .04237031016298127879 .00047169811320754716 3.75934575873471169710 .00568197697596938877 -1 ERR|0+/-0
192-168-0-110 node-2 6 44 15 100 197 11.97200606434666666666 .00847869405812058240 .002 .31418196490000000000 .04280947150352753443 .00047169811320754716 3.76138838909115156809 .00568202432360977578 -1 ERR|0+/-0
192-168-0-110 node-2 6 44 15 100 122 11.97200135226666666666 .00852731752400417595 .002 .31379861417666666666 .04244910003628431837 .00047169811320754716 3.75679743326245933055 .00568193737761638657 -1 ERR|0+/-0
192-168-0-110 node-2 6 44 15 100 1347 11.97202142645333333333 .00849466770931599536 .002 .31433413943333333333 .04358363334038832563 .00047169811320754716 3.76321505236163630843 .00568206519081548025 -1 ERR|0+/-0
192-168-0-110 node-2 6 44 15 100 947 11.97200337988000000000 .00853244657363249770 .002 .31407792804333333333 .04305017913706215160 .00047169811320754716 3.76014201608049410172 .00568200005841283232 -1 ERR|0+/-0
192-168-0-110 node-2 6 44 15 100 1247 11.97201411662000000000 .00845541974641807655 .002 .31428530930333333333 .04305111215097262617 .00047169811320754716 3.76262815962578968424 .00568205095956273873 -1 ERR|0+/-0
192-168-0-110 node-2 6 44 15 200 297 11.97203816962666666666 .00857948235800536103 .002 .32096614361666666666 .05007299557840461605 .00047169811320754716 3.84261892253660782113 .00568355586662146569 -1 ERR|0+/-0
192-168-0-110 node-2 6 44 15 200 1447 11.97205015612666666666 .00854613563222613908 .002 .32221575161000000000 .05129747218435775339 .00047169811320754716 3.85758313936897174636 .00568384430192236968 -1 ERR|0+/-0
192-168-0-110 node-2 6 44 15 200 972 11.97204630205333333333 .00845967314144520065 .002 .32146723238333333333 .05031933204296888796 .00047169811320754716 3.84862059068620539878 .00568367295676021281 -1 ERR|0+/-0
192-168-0-110 node-2 6 44 15 200 347 11.97203804025333333333 .00846061851951018826 .002 .32091291620000000000 .04990050934490769794 .00047169811320754716 3.84198164035503018676 .00568354378337226940 -1 ERR|0+/-0
192-168-0-110 node-2 6 44 15 200 422 11.97204473240666666666 .00862722059616602072 .002 .32149647783000000000 .05058879504058447140 .00047169811320754716 3.84897021389194819254 .00568367883787404106 -1 ERR|0+/-0
192-168-0-110 node-2 6 44 15 200 72 11.97205631370666666666 .00847304622404574398 .002 .32102251034333333333 .05000948002820483885 .00047169811320754716 3.84329957179786753806 .00568357710421086396 -1 ERR|0+/-0
192-168-0-110 node-2 6 44 15 200 522 11.97206256246666666666 .00862016754064130762 .002 .32147285711000000000 .05044933655314062977 .00047169811320754716 3.84869315745582718246 .00568368185007801435 -1 ERR|0+/-0
192-168-0-110 node-2 6 44 15 200 1197 11.97204379268000000000 .00860388840607338944 .002 .32204959516000000000 .05136955560820289186 .00047169811320754716 3.85559185667038497142 .00568380365174676050 -1 ERR|0+/-0
192-168-0-110 node-2 6 44 15 200 672 11.97203169426666666666 .00861468311175813593 .002 .32173919721666666666 .05091052629185667689 .00047169811320754716 3.85187186636584703754 .00568372766536320686 -1 ERR|0+/-0
192-168-0-110 node-2 6 44 15 200 1422 11.97203358608666666666 .00853552999793745848 .002 .32216405962333333333 .05121917826062874302 .00047169811320754716 3.85695894204057406106 .00568382481555320369 -1 ERR|0+/-0
192-168-0-110 node-2 6 44 15 200 1122 11.97202553714000000000 .00851501689445513196 .002 .32220085119000000000 .05107670149103463386 .00047169811320754716 3.85739681853492495819 .00568382938534022412 -1 ERR|0+/-0
192-168-0-110 node-2 6 44 15 200 1222 11.97202510970000000000 .00859330333375005795 .002 .32241394567000000000 .05144633640912364636 .00047169811320754716 3.85994785327869158999 .00568387751978148980 -1 ERR|0+/-0
192-168-0-110 node-2 6 44 15 200 997 11.97203098365333333333 .00872696368348560048 .002 .32170473164333333333 .05111388572317634344 .00047169811320754716 3.85145901482186759669 .00568371952875436051 -1 ERR|0+/-0
192-168-0-110 node-2 6 44 15 200 797 11.97203218518666666666 .00859758770211002558 .002 .32159270153666666666 .05054844173824721889 .00047169811320754716 3.85011817331810292848 .00568369473212906113 -1 ERR|0+/-0
192-168-0-110 node-2 6 44 15 200 397 11.97204056659333333333 .00851453024162751094 .002 .32127624956000000000 .05032176781733382237 .00047169811320754716 3.84633229281528355903 .00568362707359189163 -1 ERR|0+/-0
192-168-0-110 node-2 6 44 15 200 847 11.97202868622000000000 .00861404083032155472 .002 .32195033420666666666 .05110418185439409409 .00047169811320754716 3.85439863666032945921 .00568377407848257723 -1 ERR|0+/-0
192-168-0-110 node-2 6 44 15 200 222 11.97203566546000000000 .00850807567507494376 .002 .32115116731333333333 .05009065738102501475 .00047169811320754716 3.84483322907933843362 .00568359650007331801 -1 ERR|0+/-0
192-168-0-110 node-2 6 44 15 200 922 11.97204183673333333333 .00873000787310845098 .002 .32200151862666666666 .05149142605013927918 .00047169811320754716 3.85501565249012104547 .00568379183963054368 -1 ERR|0+/-0
192-168-0-110 node-2 6 44 15 200 647 11.97201648494000000000 .00851633821820203897 .002 .32166610461000000000 .05063468966957860066 .00047169811320754716 3.85099190703735452957 .00568370398887884994 -1 ERR|0+/-0
192-168-0-110 node-2 6 44 15 200 547 11.97202519770666666666 .00862367349459578449 .002 .32155901117666666666 .05075261199035087977 .00047169811320754716 3.84971258435669298628 .00568368383268819677 -1 ERR|0+/-0
192-168-0-110 node-2 6 44 15 200 1372 11.97204895395333333333 .00854732229528724568 .002 .32257487826666666666 .05146206689455458696 .00047169811320754716 3.86188223392407050533 .00568392521853345727 -1 ERR|0+/-0
192-168-0-110 node-2 6 44 15 200 1472 11.97203900937333333333 .00853517170336829369 .002 .32207272531333333333 .05107201595536293670 .00047169811320754716 3.85586723130640889856 .00568380665249603472 -1 ERR|0+/-0
192-168-0-110 node-2 6 44 15 200 497 11.97204243074000000000 .00861441940970925793 .002 .32163976964000000000 .05073459611144919955 .00047169811320754716 3.85068496954351925473 .00568371018741352522 -1 ERR|0+/-0
192-168-0-110 node-2 6 44 15 200 1397 11.97203914204666666666 .00871195379008896832 .002 .32246757680666666666 .05205269086907953925 .00047169811320754716 3.86059445157035318671 .00568389626581831364 -1 ERR|0+/-0
192-168-0-110 node-2 6 44 15 200 772 11.97203571838000000000 .00863507317237627581 .002 .32177467387333333333 .05119317838197146838 .00047169811320754716 3.85229788888162245041 .00568373758467938947 -1 ERR|0+/-0
192-168-0-110 node-2 6 44 15 200 872 11.97203294790666666666 .00867912044118248885 .002 .32150076152000000000 .05084638023735184986 .00047169811320754716 3.84901770969452382321 .00568367428406597733 -1 ERR|0+/-0
192-168-0-110 node-2 6 44 15 200 272 11.97203007196666666666 .00869021830622231779 .002 .32119565309000000000 .05077649193864701628 .00047169811320754716 3.84536401777845320070 .00568360393388845841 -1 ERR|0+/-0
192-168-0-110 node-2 6 44 15 200 1322 11.97202902830666666666 .00863718363823239548 .002 .32182085449000000000 .05125597899345521319 .00047169811320754716 3.85284861186873586442 .00568374490775787104 -1 ERR|0+/-0
192-168-0-110 node-2 6 44 15 200 172 11.97202450218000000000 .00872391495137449801 .002 .32130211107000000000 .05082584424138497554 .00047169811320754716 3.84663674633219981713 .00568362539231419350 -1 ERR|0+/-0
192-168-0-110 node-2 6 44 15 200 1147 11.97203047403333333333 .00860562668971071914 .002 .32175390817333333333 .05104306642272726261 .00047169811320754716 3.85204759379046947105 .00568373042453449493 -1 ERR|0+/-0
192-168-0-110 node-2 6 44 15 200 1097 11.97202383176666666666 .00866328158504175656 .002 .32217746479333333333 .05167085970125006580 .00047169811320754716 3.85711628656395287955 .00568382328344947578 -1 ERR|0+/-0
192-168-0-110 node-2 6 44 15 200 622 11.97202704527333333333 .00877814240291212238 .002 .32176369522333333333 .05125387308380585349 .00047169811320754716 3.85216366140083272503 .00568373103379356349 -1 ERR|0+/-0
192-168-0-110 node-2 6 44 15 200 697 11.97202532986666666666 .00872584674396660716 .002 .32145485547000000000 .05114301343736166589 .00047169811320754716 3.84846567209546840770 .00568366032762275828 -1 ERR|0+/-0
192-168-0-110 node-2 6 44 15 200 97 11.97201460940000000000 .00868016824624774079 .002 .32090338501000000000 .05027987857328554090 .00047169811320754716 3.84186001354563296509 .00568353064915054276 -1 ERR|0+/-0
192-168-0-110 node-2 6 44 15 200 1297 11.97202779247333333333 .00869032936609276679 .002 .32189472352666666666 .05135335061687368700 .00047169811320754716 3.85373257631177308884 .00568376106069926817 -1 ERR|0+/-0
192-168-0-110 node-2 6 44 15 200 372 11.97201823924000000000 .00877772701776658978 .002 .32132752386666666666 .05087801553020365868 .00047169811320754716 3.84693897650155974311 .00568362820372991938 -1 ERR|0+/-0
192-168-0-110 node-2 6 44 15 200 1072 11.97203115986000000000 .00866153689002106426 .002 .32210468114666666666 .05142109318007165811 .00047169811320754716 3.85624727942466320802 .00568381021721432831 -1 ERR|0+/-0
192-168-0-110 node-2 6 44 15 200 597 11.97201133732666666666 .00868875058565076489 .002 .32136944233333333333 .05069708606035253432 .00047169811320754716 3.84743860708501508412 .00568363444915328012 -1 ERR|0+/-0
192-168-0-110 node-2 6 44 15 200 897 11.97201562437333333333 .00874943498905310399 .002 .32179248551333333333 .05127066906223782086 .00047169811320754716 3.85250466437155618820 .00568373220094135944 -1 ERR|0+/-0
192-168-0-110 node-2 6 44 15 200 1022 11.97203409720000000000 .00864559500952146034 .002 .32193144930000000000 .05128742379571228609 .00047169811320754716 3.85417428798061307196 .00568377233567756476 -1 ERR|0+/-0
192-168-0-110 node-2 6 44 15 200 722 11.97204252430000000000 .00868220903647733420 .002 .32128830365666666666 .05068082742591897749 .00047169811320754716 3.84647723393782452044 .00568363071667774172 -1 ERR|0+/-0
192-168-0-110 node-2 6 44 15 200 147 11.97202125102000000000 .00874389274673186850 .002 .32142688672333333333 .05090405699701649752 .00047169811320754716 3.84812951850094496191 .00568365208886261527 -1 ERR|0+/-0
192-168-0-110 node-2 6 44 15 200 1047 11.97203459186000000000 .00872734007500401120 .002 .32213324903333333333 .05160792796159530652 .00047169811320754716 3.85659040061531857282 .00568381830176414418 -1 ERR|0+/-0
192-168-0-110 node-2 6 44 15 200 1272 11.97203718744666666666 .00871563082328980017 .002 .32206431442000000000 .05128376579312560398 .00047169811320754716 3.85576594898575573031 .00568380389224568338 -1 ERR|0+/-0
192-168-0-110 node-2 6 44 15 200 822 11.97203032024666666666 .00874870064420151136 .002 .32163191252666666666 .05115788598254397268 .00047169811320754716 3.85058700872817701354 .00568370273311321587 -1 ERR|0+/-0
192-168-0-110 node-2 6 44 15 200 747 11.97202629540000000000 .00874856060977926299 .002 .32220853127000000000 .05123646000729245453 .00047169811320754716 3.85748900896665315715 .00568383148217578139 -1 ERR|0+/-0
192-168-0-110 node-2 6 44 15 200 472 11.97202525578666666666 .00874358894846573743 .002 .32142013399000000000 .05088900092179542946 .00047169811320754716 3.84804996184661442285 .00568365243825174974 -1 ERR|0+/-0
192-168-0-110 node-2 6 44 15 200 447 11.97202946536000000000 .00878719727797284690 .002 .32113826665333333333 .05076333158831634259 .00047169811320754716 3.84467679082834338308 .00568359067848633431 -1 ERR|0+/-0
192-168-0-110 node-2 6 44 15 200 247 11.97201771004000000000 .00879008453579583101 .002 .32094543864333333333 .05048093764107308149 .00047169811320754716 3.84236447539454285760 .00568354160069879140 -1 ERR|0+/-0
192-168-0-110 node-2 6 44 15 200 572 11.97202940456000000000 .00870420587661606726 .002 .32174273376666666666 .05111979723287984873 .00047169811320754716 3.85191346935805293922 .00568372739303645614 -1 ERR|0+/-0
192-168-0-110 node-2 6 44 15 200 1172 11.97202584318000000000 .00873369134260703307 .002 .32234333578333333333 .05181205272620044746 .00047169811320754716 3.85910274637491511575 .00568386184407747634 -1 ERR|0+/-0
192-168-0-110 node-2 6 44 15 200 322 11.97202450446666666666 .00876696484138164033 .002 .32139605342666666666 .05089646706728367821 .00047169811320754716 3.84776142726293132522 .00568364663914477973 -1 ERR|0+/-0
192-168-0-110 node-2 6 44 15 200 197 11.97202435581333333333 .00876490511944630465 .002 .32123843837666666666 .05065137508360319688 .00047169811320754716 3.84587440826889392684 .00568361092715154896 -1 ERR|0+/-0
192-168-0-110 node-2 6 44 15 200 122 11.97203410453333333333 .00875629828504440739 .002 .32113837388000000000 .05062569862807365752 .00047169811320754716 3.84467956436573660292 .00568359287699266422 -1 ERR|0+/-0
192-168-0-110 node-2 6 44 15 200 1347 11.97201130269333333333 .00883825360529703571 .002 .32186988726333333333 .05152472473560585689 .00047169811320754716 3.85342992831325563865 .00568374770644661003 -1 ERR|0+/-0
192-168-0-110 node-2 6 44 15 200 947 11.97201300833333333333 .00871282008464404365 .002 .32196750431000000000 .05136606055199016515 .00047169811320754716 3.85459914985993856591 .00568377062128602177 -1 ERR|0+/-0
192-168-0-110 node-2 6 44 15 200 1247 11.97201517447333333333 .00865280358103998683 .002 .32186922772333333333 .05137011801052310343 .00047169811320754716 3.85342327849975957494 .00568374937160792127 -1 ERR|0+/-0
