37.9996 0.0037675 31.6225 1.30029 41963840 htc 22.4914 Rrpaa 5
37.9996 0.0037675 31.6225 1.30029 41963840 linksys 54.1513 Rrpaa 5
37.9996 0.0037675 31.6225 1.30029 41963840 rpi 39.5399 Rrpaa 5
37.9996 0.0037675 31.6225 1.30029 41963840 galaxy 24.8368 Rrpaa 5
37.9996 0.0037675 31.6225 1.30029 41963840 soekris 59.2728 Rrpaa 5
37.9997 1.0076 26.1069 2.18456 70503000 htc 23.3529 Parf 2
37.9997 1.0076 26.1069 2.18456 70503000 linksys 57.8049 Parf 2
37.9997 1.0076 26.1069 2.18456 70503000 rpi 42.6542 Parf 2
37.9997 1.0076 26.1069 2.18456 70503000 galaxy 23.813 Parf 2
37.9997 1.0076 26.1069 2.18456 70503000 soekris 71.0144 Parf 2
37.9997 1.0006 26.0875 2.18693 70578260 htc 23.363 Parf 3
37.9997 1.0006 26.0875 2.18693 70578260 linksys 57.8488 Parf 3
37.9997 1.0006 26.0875 2.18693 70578260 rpi 42.6904 Parf 3
37.9997 1.0006 26.0875 2.18693 70578260 galaxy 23.8161 Parf 3
37.9997 1.0006 26.0875 2.18693 70578260 soekris 71.0959 Parf 3
37.9997 1.00062 26.0957 2.18654 70565480 htc 23.361 Parf 1
37.9997 1.00062 26.0957 2.18654 70565480 linksys 57.8352 Parf 1
37.9997 1.00062 26.0957 2.18654 70565480 rpi 42.6792 Parf 1
37.9997 1.00062 26.0957 2.18654 70565480 galaxy 23.8163 Parf 1
37.9997 1.00062 26.0957 2.18654 70565480 soekris 71.0713 Parf 1
37.9996 1.0016 26.0762 2.18504 70517200 htc 23.3614 Parf 4
37.9996 1.0016 26.0762 2.18504 70517200 linksys 57.8684 Parf 4
37.9996 1.0016 26.0762 2.18504 70517200 rpi 42.7085 Parf 4
37.9996 1.0016 26.0762 2.18504 70517200 galaxy 23.8147 Parf 4
37.9996 1.0016 26.0762 2.18504 70517200 soekris 71.1178 Parf 4
37.9998 1.0016 26.0963 2.18302 70451880 htc 23.3572 Parf 6
37.9998 1.0016 26.0963 2.18302 70451880 linksys 57.846 Parf 6
37.9998 1.0016 26.0963 2.18302 70451880 rpi 42.6886 Parf 6
37.9998 1.0016 26.0963 2.18302 70451880 galaxy 23.8165 Parf 6
37.9998 1.0016 26.0963 2.18302 70451880 soekris 71.0658 Parf 6
37.9997 1.0076 26.1047 2.18706 70583940 htc 23.353 Parf 7
37.9997 1.0076 26.1047 2.18706 70583940 linksys 57.8035 Parf 7
37.9997 1.0076 26.1047 2.18706 70583940 rpi 42.6523 Parf 7
37.9997 1.0076 26.1047 2.18706 70583940 galaxy 23.812 Parf 7
37.9997 1.0076 26.1047 2.18706 70583940 soekris 71.0164 Parf 7
37.9999 1.0016 26.0903 2.18935 70656360 htc 23.3615 Parf 10
37.9999 1.0016 26.0903 2.18935 70656360 linksys 57.8359 Parf 10
37.9999 1.0016 26.0903 2.18935 70656360 rpi 42.6791 Parf 10
37.9999 1.0016 26.0903 2.18935 70656360 galaxy 23.8147 Parf 10
37.9999 1.0016 26.0903 2.18935 70656360 soekris 71.0798 Parf 10
38 1.0086 26.1021 2.18737 70592460 htc 23.3518 Parf 8
38 1.0086 26.1021 2.18737 70592460 linksys 57.8064 Parf 8
38 1.0086 26.1021 2.18737 70592460 rpi 42.6548 Parf 8
38 1.0086 26.1021 2.18737 70592460 galaxy 23.8111 Parf 8
38 1.0086 26.1021 2.18737 70592460 soekris 71.0175 Parf 8
38 0.0037675 29.8947 1.78059 57464560 htc 22.9879 Prcs 5
38 0.0037675 29.8947 1.78059 57464560 linksys 55.6182 Prcs 5
38 0.0037675 29.8947 1.78059 57464560 rpi 40.719 Prcs 5
38 0.0037675 29.8947 1.78059 57464560 galaxy 24.634 Prcs 5
38 0.0037675 29.8947 1.78059 57464560 soekris 63.8008 Prcs 5
37.9997 1.0006 26.1124 2.18799 70612340 htc 23.3606 Parf 9
37.9997 1.0006 26.1124 2.18799 70612340 linksys 57.8115 Parf 9
37.9997 1.0006 26.1124 2.18799 70612340 rpi 42.6565 Parf 9
37.9997 1.0006 26.1124 2.18799 70612340 galaxy 23.8177 Parf 9
37.9997 1.0006 26.1124 2.18799 70612340 soekris 71.0338 Parf 9
37.9998 1.0036 26.085 2.18328 70460400 htc 23.3564 Parf 5
37.9998 1.0036 26.085 2.18328 70460400 linksys 57.8434 Parf 5
37.9998 1.0036 26.085 2.18328 70460400 rpi 42.6901 Parf 5
37.9998 1.0036 26.085 2.18328 70460400 galaxy 23.8134 Parf 5
37.9998 1.0036 26.085 2.18328 70460400 soekris 71.0776 Parf 5
37.9998 0.000749501 28.0542 2.24734 72527920 htc 23.6068 Rrpaa 1
37.9998 0.000749501 28.0542 2.24734 72527920 linksys 57.706 Rrpaa 1
37.9998 0.000749501 28.0542 2.24734 72527920 rpi 42.3278 Rrpaa 1
37.9998 0.000749501 28.0542 2.24734 72527920 galaxy 24.4853 Rrpaa 1
37.9998 0.000749501 28.0542 2.24734 72527920 soekris 69.1785 Rrpaa 1
37.9999 0.0077405 27.7951 2.27902 73550320 htc 23.6038 Rrpaa 2
37.9999 0.0077405 27.7951 2.27902 73550320 linksys 57.8134 Rrpaa 2
37.9999 0.0077405 27.7951 2.27902 73550320 rpi 42.4723 Rrpaa 2
37.9999 0.0077405 27.7951 2.27902 73550320 galaxy 24.4329 Rrpaa 2
37.9999 0.0077405 27.7951 2.27902 73550320 soekris 69.5817 Rrpaa 2
37.9997 0.0077495 28.4795 2.1527 69473500 htc 23.4751 Rrpaa 7
37.9997 0.0077495 28.4795 2.1527 69473500 linksys 57.229 Rrpaa 7
37.9997 0.0077495 28.4795 2.1527 69473500 rpi 41.944 Rrpaa 7
37.9997 0.0077495 28.4795 2.1527 69473500 galaxy 24.5188 Rrpaa 7
37.9997 0.0077495 28.4795 2.1527 69473500 soekris 67.9655 Rrpaa 7
37.9997 0.0087405 28.3448 2.16115 69747560 htc 23.4235 Rrpaa 8
37.9997 0.0087405 28.3448 2.16115 69747560 linksys 57.1785 Rrpaa 8
37.9997 0.0087405 28.3448 2.16115 69747560 rpi 41.9679 Rrpaa 8
37.9997 0.0087405 28.3448 2.16115 69747560 galaxy 24.4731 Rrpaa 8
37.9997 0.0087405 28.3448 2.16115 69747560 soekris 67.9752 Rrpaa 8
37.9998 0.0017675 28.9463 2.00301 64642660 htc 23.3232 Prcs 6
37.9998 0.0017675 28.9463 2.00301 64642660 linksys 56.8186 Prcs 6
37.9998 0.0017675 28.9463 2.00301 64642660 rpi 41.6379 Prcs 6
37.9998 0.0017675 28.9463 2.00301 64642660 galaxy 24.5735 Prcs 6
37.9998 0.0017675 28.9463 2.00301 64642660 soekris 66.6913 Prcs 6
37.9997 0.000722501 27.6332 2.3305 75211720 htc 23.707 Rrpaa 3
37.9997 0.000722501 27.6332 2.3305 75211720 linksys 58.1247 Rrpaa 3
37.9997 0.000722501 27.6332 2.3305 75211720 rpi 42.6826 Rrpaa 3
37.9997 0.000722501 27.6332 2.3305 75211720 galaxy 24.4408 Rrpaa 3
37.9997 0.000722501 27.6332 2.3305 75211720 soekris 70.2636 Rrpaa 3
37.9998 0.000749501 28.6491 2.05454 66305480 htc 23.5264 Prcs 1
37.9998 0.000749501 28.6491 2.05454 66305480 linksys 57.5803 Prcs 1
37.9998 0.000749501 28.6491 2.05454 66305480 rpi 42.1672 Prcs 1
37.9998 0.000749501 28.6491 2.05454 66305480 galaxy 24.6098 Prcs 1
37.9998 0.000749501 28.6491 2.05454 66305480 soekris 68.0939 Prcs 1
38 0.0017675 27.4682 2.33094 75225920 htc 23.6911 Rrpaa 6
38 0.0017675 27.4682 2.33094 75225920 linksys 58.2103 Rrpaa 6
38 0.0017675 27.4682 2.33094 75225920 rpi 42.8047 Rrpaa 6
38 0.0017675 27.4682 2.33094 75225920 galaxy 24.4095 Rrpaa 6
38 0.0017675 27.4682 2.33094 75225920 soekris 70.4959 Rrpaa 6
37.9998 0.000695501 27.792 2.3052 74395220 htc 23.623 Rrpaa 9
37.9998 0.000695501 27.792 2.3052 74395220 linksys 57.7483 Rrpaa 9
37.9998 0.000695501 27.792 2.3052 74395220 rpi 42.4134 Rrpaa 9
37.9998 0.000695501 27.792 2.3052 74395220 galaxy 24.4301 Rrpaa 9
37.9998 0.000695501 27.792 2.3052 74395220 soekris 69.6025 Rrpaa 9
37.9999 0.0017675 27.5086 2.32984 75190420 htc 23.6798 Rrpaa 10
37.9999 0.0017675 27.5086 2.32984 75190420 linksys 58.1259 Rrpaa 10
37.9999 0.0017675 27.5086 2.32984 75190420 rpi 42.7377 Rrpaa 10
37.9999 0.0017675 27.5086 2.32984 75190420 galaxy 24.4092 Rrpaa 10
37.9999 0.0017675 27.5086 2.32984 75190420 soekris 70.3615 Rrpaa 10
37.9997 0.0077405 27.5077 2.34348 75632040 htc 23.7269 Prcs 2
37.9997 0.0077405 27.5077 2.34348 75632040 linksys 58.2047 Prcs 2
37.9997 0.0077405 27.5077 2.34348 75632040 rpi 42.7659 Prcs 2
37.9997 0.0077405 27.5077 2.34348 75632040 galaxy 24.4229 Prcs 2
37.9997 0.0077405 27.5077 2.34348 75632040 soekris 70.5369 Prcs 2
38 0.0077495 28.0434 2.21043 71336540 htc 23.522 Prcs 7
38 0.0077495 28.0434 2.21043 71336540 linksys 57.5455 Prcs 7
38 0.0077495 28.0434 2.21043 71336540 rpi 42.2681 Prcs 7
38 0.0077495 28.0434 2.21043 71336540 galaxy 24.4556 Prcs 7
38 0.0077495 28.0434 2.21043 71336540 soekris 68.8705 Prcs 7
37.9998 0.0017675 27.7293 2.30133 74270260 htc 23.6498 Prcs 4
37.9998 0.0017675 27.7293 2.30133 74270260 linksys 57.8994 Prcs 4
37.9998 0.0017675 27.7293 2.30133 74270260 rpi 42.5319 Prcs 4
37.9998 0.0017675 27.7293 2.30133 74270260 galaxy 24.4354 Prcs 4
37.9998 0.0017675 27.7293 2.30133 74270260 soekris 69.8507 Prcs 4
37.9996 0.0017675 27.8922 2.2766 73472220 htc 23.6142 Rrpaa 4
37.9996 0.0017675 27.8922 2.2766 73472220 linksys 57.7735 Rrpaa 4
37.9996 0.0017675 27.8922 2.2766 73472220 rpi 42.4116 Rrpaa 4
37.9996 0.0017675 27.8922 2.2766 73472220 galaxy 24.4539 Rrpaa 4
37.9996 0.0017675 27.8922 2.2766 73472220 soekris 69.4559 Rrpaa 4
37.9999 0.000695501 28.1009 2.21954 71630480 htc 23.5372 Prcs 9
37.9999 0.000695501 28.1009 2.21954 71630480 linksys 57.5168 Prcs 9
37.9999 0.000695501 28.1009 2.21954 71630480 rpi 42.2217 Prcs 9
37.9999 0.000695501 28.1009 2.21954 71630480 galaxy 24.469 Prcs 9
37.9999 0.000695501 28.1009 2.21954 71630480 soekris 68.8176 Prcs 9
37.9996 0.000722501 27.4654 2.34793 75774040 htc 23.7185 Prcs 3
37.9996 0.000722501 27.4654 2.34793 75774040 linksys 58.2416 Prcs 3
37.9996 0.000722501 27.4654 2.34793 75774040 rpi 42.8087 Prcs 3
37.9996 0.000722501 27.4654 2.34793 75774040 galaxy 24.4153 Prcs 3
37.9996 0.000722501 27.4654 2.34793 75774040 soekris 70.5916 Prcs 3
37.9999 0.000749501 26.7206 2.04921 66133660 htc 24.126 MinstrelBlues 1
37.9999 0.000749501 26.7206 2.04921 66133660 linksys 61.3844 MinstrelBlues 1
37.9999 0.000749501 26.7206 2.04921 66133660 rpi 45.2518 MinstrelBlues 1
37.9999 0.000749501 26.7206 2.04921 66133660 galaxy 24.6418 MinstrelBlues 1
37.9999 0.000749501 26.7206 2.04921 66133660 soekris 74.5919 MinstrelBlues 1
37.9997 0.0087405 27.5052 2.314 74680640 htc 23.7226 Prcs 8
37.9997 0.0087405 27.5052 2.314 74680640 linksys 58.3493 Prcs 8
37.9997 0.0087405 27.5052 2.314 74680640 rpi 42.881 Prcs 8
37.9997 0.0087405 27.5052 2.314 74680640 galaxy 24.4358 Prcs 8
37.9997 0.0087405 27.5052 2.314 74680640 soekris 70.6122 Prcs 8
38 0.0017675 27.5571 2.32047 74887960 htc 23.6964 Prcs 10
38 0.0017675 27.5571 2.32047 74887960 linksys 58.1709 Prcs 10
38 0.0017675 27.5571 2.32047 74887960 rpi 42.751 Prcs 10
38 0.0017675 27.5571 2.32047 74887960 galaxy 24.428 Prcs 10
38 0.0017675 27.5571 2.32047 74887960 soekris 70.3682 Prcs 10
37.9999 0.0027405 26.6492 2.0482 66101000 htc 24.1065 MinstrelBlues 2
37.9999 0.0027405 26.6492 2.0482 66101000 linksys 61.3673 MinstrelBlues 2
37.9999 0.0027405 26.6492 2.0482 66101000 rpi 45.2723 MinstrelBlues 2
37.9999 0.0027405 26.6492 2.0482 66101000 galaxy 24.6213 MinstrelBlues 2
37.9999 0.0027405 26.6492 2.0482 66101000 soekris 74.627 MinstrelBlues 2
37.9997 0.000740501 26.4136 2.05146 66206080 htc 24.1368 MinstrelBlues 3
37.9997 0.000740501 26.4136 2.05146 66206080 linksys 61.7216 MinstrelBlues 3
37.9997 0.000740501 26.4136 2.05146 66206080 rpi 45.5849 MinstrelBlues 3
37.9997 0.000740501 26.4136 2.05146 66206080 galaxy 24.6057 MinstrelBlues 3
37.9997 0.000740501 26.4136 2.05146 66206080 soekris 75.2351 MinstrelBlues 3
37.9998 0.0067675 26.274 2.03223 65585540 htc 24.1622 MinstrelBlues 6
37.9998 0.0067675 26.274 2.03223 65585540 linksys 62.0081 MinstrelBlues 6
37.9998 0.0067675 26.274 2.03223 65585540 rpi 45.8288 MinstrelBlues 6
37.9998 0.0067675 26.274 2.03223 65585540 galaxy 24.6061 MinstrelBlues 6
37.9998 0.0067675 26.274 2.03223 65585540 soekris 75.6628 MinstrelBlues 6
37.9997 0.0077675 26.4941 2.03482 65669320 htc 24.1072 MinstrelBlues 5
37.9997 0.0077675 26.4941 2.03482 65669320 linksys 61.5983 MinstrelBlues 5
37.9997 0.0077675 26.4941 2.03482 65669320 rpi 45.4877 MinstrelBlues 5
37.9997 0.0077675 26.4941 2.03482 65669320 galaxy 24.6071 MinstrelBlues 5
37.9997 0.0077675 26.4941 2.03482 65669320 soekris 74.9729 MinstrelBlues 5
37.9996 0.0057675 26.6173 2.04798 66093900 htc 24.1202 MinstrelBlues 4
37.9996 0.0057675 26.6173 2.04798 66093900 linksys 61.4454 MinstrelBlues 4
37.9996 0.0057675 26.6173 2.04798 66093900 rpi 45.3304 MinstrelBlues 4
37.9996 0.0057675 26.6173 2.04798 66093900 galaxy 24.623 MinstrelBlues 4
37.9996 0.0057675 26.6173 2.04798 66093900 soekris 74.7528 MinstrelBlues 4
37.9997 0.0037675 26.2981 2.04833 66105260 htc 24.1611 MinstrelBlues 8
37.9997 0.0037675 26.2981 2.04833 66105260 linksys 61.9359 MinstrelBlues 8
37.9997 0.0037675 26.2981 2.04833 66105260 rpi 45.7634 MinstrelBlues 8
37.9997 0.0037675 26.2981 2.04833 66105260 galaxy 24.6033 MinstrelBlues 8
37.9997 0.0037675 26.2981 2.04833 66105260 soekris 75.5828 MinstrelBlues 8
37.9998 0.0097405 26.433 2.04956 66145020 htc 24.1465 MinstrelBlues 7
37.9998 0.0097405 26.433 2.04956 66145020 linksys 61.7337 MinstrelBlues 7
37.9998 0.0097405 26.433 2.04956 66145020 rpi 45.5792 MinstrelBlues 7
37.9998 0.0097405 26.433 2.04956 66145020 galaxy 24.6112 MinstrelBlues 7
37.9998 0.0097405 26.433 2.04956 66145020 soekris 75.2408 MinstrelBlues 7
37.9999 0.000758501 26.3266 2.04697 66061240 htc 24.0863 MinstrelBlues 10
37.9999 0.000758501 26.3266 2.04697 66061240 linksys 61.635 MinstrelBlues 10
37.9999 0.000758501 26.3266 2.04697 66061240 rpi 45.5767 MinstrelBlues 10
37.9999 0.000758501 26.3266 2.04697 66061240 galaxy 24.5705 MinstrelBlues 10
37.9999 0.000758501 26.3266 2.04697 66061240 soekris 75.1663 MinstrelBlues 10
37.9998 0.000759508 26.5657 2.03658 65726120 htc 24.2006 MinstrelBlues 9
37.9998 0.000759508 26.5657 2.03658 65726120 linksys 61.8448 MinstrelBlues 9
37.9998 0.000759508 26.5657 2.03658 65726120 rpi 45.6024 MinstrelBlues 9
37.9998 0.000759508 26.5657 2.03658 65726120 galaxy 24.6637 MinstrelBlues 9
37.9998 0.000759508 26.5657 2.03658 65726120 soekris 75.2763 MinstrelBlues 9
