#TXnode RXnode MCS CHANNEL TXPOWER FPS SIZE Vmu Vsd Verr Imu Isd Ierr Pmu Perr loss status
node-1 node-2 24 44 15 1200 1297 19.47672310936000000000 .11582032800834840318 .002 .42639633365333333333 .13952392183210416584 .00047169811320754716 8.30480332541225440826 .00922662874807061693 0 ERR|0+/-0
node-1 node-2 24 44 15 1200 1247 19.47683837506000000000 .11560809924444800640 .002 .42664995187333333333 .13945395778238118685 .00047169811320754716 8.30979215536404080288 .00922672978200673166 -1 ERR|0+/-0
node-1 node-2 24 44 15 1200 1222 19.47668427510000000000 .11576893396132266562 .002 .42682599763000000000 .13963540180522521083 .00047169811320754716 8.31315519624409086801 .00922668997365614913 -1 ERR|0+/-0
node-1 node-2 24 44 15 1200 1272 19.47662397513333333333 .11568242038518328343 .002 .42668316880000000000 .13950546116682920424 .00047169811320754716 8.31034763523594306917 .00922663522757268756 -1 ERR|0+/-0
node-1 node-2 24 44 15 1200 1472 19.47674811454000000000 .11557677293696680442 .002 .42687434899000000000 .13968912482557712609 .00047169811320754716 8.31412417183647245331 .00922672890483546720 -1 ERR|0+/-0
node-1 node-2 24 44 15 1200 597 19.47673171260666666666 .11559454605983006467 .002 .42699003648666666666 .13966473141744032201 .00047169811320754716 8.31637038460693835384 .00922674261327493300 -1 ERR|0+/-0
node-1 node-2 24 44 15 1200 1347 19.47668633000666666666 .11548204232021939678 .002 .42698268226000000000 .13936398749722224552 .00047169811320754716 8.31620777072292205701 .00922671993694492333 -1 ERR|0+/-0
node-1 node-2 24 44 15 1200 1047 19.47676836520000000000 .11588251727667464197 .002 .42698644626666666666 .13937795393082479599 .00047169811320754716 8.31631610901578297645 .00922675916344202949 0 ERR|0+/-0
node-1 node-2 24 44 15 1200 922 19.47662180843333333333 .11582368151414272486 .002 .42721146112000000000 .13955238862381383011 .00047169811320754716 8.32063606046246107144 .00922673199283805197 -1 ERR|0+/-0
node-1 node-2 24 44 15 1200 672 19.47646676130666666666 .11601761466932069858 .002 .42719936618333333333 .13958471410652260396 .00047169811320754716 8.32033425592096690441 .00922665693161749999 -1 ERR|0+/-0
node-1 node-2 24 44 15 1200 422 19.47672311148000000000 .11549611513814161857 .002 .42842178941333333333 .13909275550938272079 .00047169811320754716 8.34425256732828692373 .00922700404564026946 -1 ERR|0+/-0
node-1 node-2 24 44 15 1200 847 19.47661465318666666666 .11579565158731080610 .002 .42704924393333333333 .13943762403121935521 .00047169811320754716 8.31747356202424721393 .00922669859427698440 -1 ERR|0+/-0
node-1 node-2 24 44 15 1200 122 19.47661854420666666666 .11575940177417439245 .002 .42704659591666666666 .13976094496100477006 .00047169811320754716 8.31742364927088097502 .00922669993154082745 -1 ERR|0+/-0
node-1 node-2 24 44 15 1200 72 19.47663741918666666666 .11583068032072568181 .002 .42717652612666666666 .13941473552407653662 .00047169811320754716 8.31996231335680675181 .00922673285485867364 -1 ERR|0+/-0
node-1 node-2 24 44 15 1200 722 19.47682467282000000000 .11561669899933823249 .002 .42724721666666666666 .13937441241015453264 .00047169811320754716 8.32141913096700565087 .00922683389476535011 0 ERR|0+/-0
node-1 node-2 24 44 15 1200 997 19.47674665760000000000 .11577155688714294823 .002 .42714710708000000000 .13922513492654381902 .00047169811320754716 8.31943599012389929580 .00922677871312085982 -1 ERR|0+/-0
node-1 node-2 24 44 15 1200 172 19.47677630994000000000 .11543642171583131838 .002 .42715994192333333333 .13928251011803280141 .00047169811320754716 8.31969863740772490631 .00922679501674346941 -1 ERR|0+/-0
node-1 node-2 24 44 15 1200 572 19.47694308274000000000 .11557347194414283710 .002 .42732695493000000000 .13967732094402573062 .00047169811320754716 8.32302277889221124090 .00922690427882306796 -1 ERR|0+/-0
node-1 node-2 24 44 15 1200 1147 19.47655114086000000000 .11572431396248836155 .002 .42723950221666666666 .13954397876916168649 .00047169811320754716 8.32115201431847766544 .00922670399587515650 -1 ERR|0+/-0
node-1 node-2 24 44 15 1200 347 19.47661787866000000000 .11565178024032210771 .002 .42836169543666666666 .13930175733238165962 .00047169811320754716 8.34303705587489173558 .00922694346175892528 -1 ERR|0+/-0
node-1 node-2 24 44 15 1200 1022 19.47685875776666666666 .11577861842122002148 .002 .42713567164000000000 .13934231844723913786 .00047169811320754716 8.31926114693608123306 .00922682924587993229 -1 ERR|0+/-0
node-1 node-2 24 44 15 1200 397 19.47657068868000000000 .11561857850963878927 .002 .42724444576333333333 .13956908553167343705 .00047169811320754716 8.32125664925547000822 .00922671409256093672 0 ERR|0+/-0
node-1 node-2 24 44 15 1200 297 19.47665462602666666666 .11551049623141472778 .002 .42729319446666666666 .13954409974744171816 .00047169811320754716 8.32224197267891542118 .00922676254523324990 -1 ERR|0+/-0
node-1 node-2 24 44 15 1200 322 19.47653268440000000000 .11591752624793040660 .002 .42715285755333333333 .13964719836724889225 .00047169811320754716 8.31945659137235408276 .00922667928079856420 -1 ERR|0+/-0
node-1 node-2 24 44 15 1200 222 19.47662593761333333333 .11583194023097489382 .002 .42715432114000000000 .13954379320841597027 .00047169811320754716 8.31952493047893939181 .00922672335023378816 -1 ERR|0+/-0
node-1 node-2 24 44 15 1200 1172 19.47650735742000000000 .11558824223689095584 .002 .42719458461333333333 .13947623487811548976 .00047169811320754716 8.32025847027156739243 .00922667511289878299 0 ERR|0+/-0
node-1 node-2 24 44 15 1200 522 19.47665253792000000000 .11549932156251207495 .002 .42737680561000000000 .13955234709402372029 .00047169811320754716 8.32386954563214899373 .00922677705420929415 -1 ERR|0+/-0
node-1 node-2 24 44 15 1200 747 19.47669960301333333333 .11569161612708679146 .002 .42719983573666666666 .13974315395418102946 .00047169811320754716 8.32044287109969687688 .00922676637766576216 -1 ERR|0+/-0
node-1 node-2 24 44 15 1200 497 19.47659559972666666666 .11560548546647701232 .002 .42731563706333333333 .13941964615487313070 .00047169811320754716 8.32265385652211531380 .00922673897972592102 -1 ERR|0+/-0
node-1 node-2 24 44 15 1200 1197 19.47649837301333333333 .11583964848758298437 .002 .42734309446333333333 .13957027918117810747 .00047169811320754716 8.32314708403359488268 .00922669840192587578 0 ERR|0+/-0
node-1 node-2 24 44 15 1200 872 19.47660257086000000000 .11583587760048183979 .002 .42730572060000000000 .13939299167175452479 .00047169811320754716 8.32246369638114486171 .00922674041684726708 -1 ERR|0+/-0
node-1 node-2 24 44 15 1200 947 19.47660968471333333333 .11581651870815757359 .002 .42700473101666666666 .13942149356260331900 .00047169811320754716 8.31660447953762187339 .00922668802018654578 -1 ERR|0+/-0
node-1 node-2 24 44 15 1200 772 19.47686395292666666666 .11559196773203513257 .002 .42733404275333333333 .13983686790420363366 .00047169811320754716 8.32312701316082104072 .00922686842695761322 -1 ERR|0+/-0
node-1 node-2 24 44 15 1200 272 19.47662540754000000000 .11543243569069430365 .002 .42715918585000000000 .13929767356314567484 .00047169811320754716 8.31961945219021085130 .00922672400213206117 0 ERR|0+/-0
node-1 node-2 24 44 15 1200 97 19.47644545760000000000 .11592785093848391654 .002 .42876275702333333333 .13902643555903065434 .00047169811320754716 8.35077445141515299714 .00922693699491657144 -1 ERR|0+/-0
node-1 node-2 24 44 15 1200 1322 19.47682535616666666666 .11582472242323409384 .002 .42742812794666666666 .13945630585794759295 .00047169811320754716 8.32494300033048757020 .00922686773102891997 -1 ERR|0+/-0
node-1 node-2 24 44 15 1200 247 19.47662718759333333333 .11575829159708753662 .002 .42731834202666666666 .13922616253418454063 .00047169811320754716 8.32272003807388289512 .00922675431670647931 -1 ERR|0+/-0
node-1 node-2 24 44 15 1200 972 19.47692429108666666666 .11547323351483943120 .002 .42739555187666666666 .13945177042748668527 .00047169811320754716 8.32435080624904058380 .00922690816172714921 0 ERR|0+/-0
node-1 node-2 24 44 15 1200 1397 19.47664575088000000000 .11563488281135032079 .002 .42741189842666666666 .13959538372101217244 .00047169811320754716 8.32455013536729149048 .00922678036869183095 -1 ERR|0+/-0
node-1 node-2 24 44 15 1200 1447 19.47652841348666666666 .11564729732050968786 .002 .42716813750666666666 .13949781775314400311 .00047169811320754716 8.31975236748477280370 .00922668010448828121 -1 ERR|0+/-0
node-1 node-2 24 44 15 1200 1122 19.47662406594000000000 .11571446607755976951 .002 .42728319575666666666 .13938052203854197471 .00047169811320754716 8.32203417344604608806 .00922674633991136010 -1 ERR|0+/-0
node-1 node-2 24 44 15 1200 472 19.47672855611333333333 .11565782257101965772 .002 .42730090800666666666 .13958093521730123563 .00047169811320754716 8.32242379702660114114 .00922679869688537206 0 ERR|0+/-0
node-1 node-2 24 44 15 1200 147 19.47645307134666666666 .11576489215659908526 .002 .42729523363000000000 .13923420361975923543 .00047169811320754716 8.32219556540480499205 .00922666825868800866 -1 ERR|0+/-0
node-1 node-2 24 44 15 1200 647 19.47650040036666666666 .11567993954543033607 .002 .42729536724333333333 .13955289097357614135 .00047169811320754716 8.32221839118960353192 .00922669051248152898 -1 ERR|0+/-0
node-1 node-2 24 44 15 1200 822 19.47670151723333333333 .11560608935806247234 .002 .42748508330333333333 .13933714600185771599 .00047169811320754716 8.32599937056865022386 .00922682012211832598 -1 ERR|0+/-0
node-1 node-2 24 44 15 1200 1072 19.47664472964000000000 .11577328650394355350 .002 .42711184130333333333 .13942102537237316431 .00047169811320754716 8.31870559288740323516 .00922672431024007728 0 ERR|0+/-0
node-1 node-2 24 44 15 1200 1372 19.47678394608666666666 .11578140468920490416 .002 .42746239055666666666 .13968479387195981512 .00047169811320754716 8.32559262594991407698 .00922685463101716369 -1 ERR|0+/-0
node-1 node-2 24 44 15 1200 372 19.47674761112666666666 .11586435317579090084 .002 .42734186839000000000 .13938777165679519162 .00047169811320754716 8.32322971429933888628 .00922681523445642375 -1 ERR|0+/-0
node-1 node-2 24 44 15 1200 1097 19.47670693133333333333 .11548656008056442101 .002 .42731340891666666666 .13938016925943791922 .00047169811320754716 8.32265803329891667092 .00922679085611239320 -1 ERR|0+/-0
node-1 node-2 24 44 15 1200 447 19.47677300995333333333 .11594799663282296146 .002 .42728471545000000000 .13958346652795102613 .00047169811320754716 8.32212741344215005111 .00922681657603972638 0 ERR|0+/-0
node-1 node-2 24 44 15 1200 897 19.47669831498000000000 .11549224962493277925 .002 .42725018256000000000 .13939013661116994582 .00047169811320754716 8.32142291074124938274 .00922677509750242151 -1 ERR|0+/-0
node-1 node-2 24 44 15 1200 622 19.47676518100000000000 .11560295728418750892 .002 .42740239775000000000 .13937870526840079640 .00047169811320754716 8.32441613877311274275 .00922683470099714965 -1 ERR|0+/-0
node-1 node-2 24 44 15 1200 197 19.47663884862666666666 .11569126338985277318 .002 .42737406154000000000 .13951245468375812998 .00047169811320754716 8.32381024988532778448 .00922677011635156270 -1 ERR|0+/-0
node-1 node-2 24 44 15 1200 547 19.47675767133333333333 .11573692934815588937 .002 .42856717815333333333 .13944674172481875149 .00047169811320754716 8.34709907477961434020 .00922704728386406178 0 ERR|0+/-0
node-1 node-2 24 44 15 1200 1422 19.47665701397333333333 .11558040264735092689 .002 .42732754640666666666 .13945386834599749445 .00047169811320754716 8.32291205398541942832 .00922677003041469815 -1 ERR|0+/-0
node-1 node-2 24 44 15 1200 697 19.47661171045333333333 .11562048170227992213 .002 .42732876740333333333 .13946017075379835623 .00047169811320754716 8.32291647542135066752 .00922674897889920380 -1 ERR|0+/-0
node-1 node-2 24 44 15 1200 797 19.47649808526666666666 .11584844881745622359 .002 .42719375617000000000 .13975713148012370903 .00047169811320754716 8.32023837408288026942 .00922667060460595829 -1 ERR|0+/-0
node-1 node-2 12 44 15 600 1297 19.47621789454666666666 .11448527746600894048 .002 .41701502591666666666 .13762825716949408507 .00047169811320754716 8.12187551005302530020 .00922467615445442127 0 ERR|0+/-0
node-1 node-2 12 44 15 600 1247 19.47634383480666666666 .11451123513039653459 .002 .41720671161000000000 .13776027226264836374 .00047169811320754716 8.12566136550538646010 .00922476998634585739 -1 ERR|0+/-0
node-1 node-2 12 44 15 600 1222 19.47658301798000000000 .11469419230690872182 .002 .41716072565000000000 .13747195872963895206 .00047169811320754716 8.12486550496300379718 .00922487402747488850 -1 ERR|0+/-0
node-1 node-2 12 44 15 600 1272 19.47632044016000000000 .11452701861967116421 .002 .41698242362666666666 .13743100842739733876 .00047169811320754716 8.12128330046750411671 .00922471843184135187 -1 ERR|0+/-0
node-1 node-2 12 44 15 600 1472 19.47646749506000000000 .11459862967797050621 .002 .41694650944333333333 .13786422486696349140 .00047169811320754716 8.12064513835180900161 .00922478101996348583 0 ERR|0+/-0
node-1 node-2 12 44 15 600 597 19.47647912836000000000 .11470182036765282253 .002 .41698220489666666666 .13762621887841008294 .00047169811320754716 8.12134521056746132373 .00922479293870039394 -1 ERR|0+/-0
node-1 node-2 12 44 15 600 1347 19.47631878837333333333 .11446737977183630916 .002 .41697981397333333333 .13762169824511838333 .00047169811320754716 8.12123178526124939480 .00922471718403490405 -1 ERR|0+/-0
node-1 node-2 12 44 15 600 1047 19.47655066084000000000 .11440822997976550362 .002 .41858342591333333333 .13755121692826971369 .00047169811320754716 8.15256130058900351383 .00922511660825653737 -1 ERR|0+/-0
node-1 node-2 12 44 15 600 922 19.47638747283333333333 .11452100538477214119 .002 .41708954966333333333 .13797833539499812163 .00047169811320754716 8.12339768011264177574 .00922476929350545438 0 ERR|0+/-0
node-1 node-2 12 44 15 600 672 19.47652054524000000000 .11445441800218597970 .002 .41698196527000000000 .13763075125245138397 .00047169811320754716 8.12135781357570714381 .00922481235163928741 -1 ERR|0+/-0
node-1 node-2 12 44 15 600 422 19.47652802185333333333 .11448802681318549574 .002 .41697338389666666666 .13776998287117424338 .00047169811320754716 8.12119379583043578929 .00922481431233036202 -1 ERR|0+/-0
node-1 node-2 12 44 15 600 847 19.47653774094666666666 .11463935986703569246 .002 .41712575569333333333 .13776051918867908371 .00047169811320754716 8.12416552348210558172 .00922484643261411317 -1 ERR|0+/-0
node-1 node-2 12 44 15 600 122 19.47623667801333333333 .11436248652458441334 .002 .41704100369333333333 .13746058561092747414 .00047169811320754716 8.12238929236759267739 .00922468967588711246 -1 ERR|0+/-0
node-1 node-2 12 44 15 600 72 19.47645538704666666666 .11428149436841285223 .002 .41705954153000000000 .13772091688975946949 .00047169811320754716 8.12284155435118150071 .00922479577031474827 -1 ERR|0+/-0
node-1 node-2 12 44 15 600 722 19.47652646172666666666 .11468810136830094620 .002 .41720746157000000000 .13791156104177489535 .00047169811320754716 8.12575216529791635917 .00922485591365913530 -1 ERR|0+/-0
node-1 node-2 12 44 15 600 997 19.47649858786000000000 .11422844265425416076 .002 .41713457643666666666 .13784424608154652096 .00047169811320754716 8.12432098891631756392 .00922482963528720729 0 ERR|0+/-0
node-1 node-2 12 44 15 600 172 19.47647825275333333333 .11435593031143270678 .002 .41693402756333333333 .13796355806140297616 .00047169811320754716 8.12040652067012051999 .00922478381695603151 -1 ERR|0+/-0
node-1 node-2 12 44 15 600 572 19.47654495236000000000 .11471693612303623270 .002 .41720448654333333333 .13787793421185785959 .00047169811320754716 8.12570193648750437767 .00922486406170510785 -1 ERR|0+/-0
node-1 node-2 12 44 15 600 1147 19.47665283727333333333 .11433207588144194056 .002 .41688301529333333333 .13763523960624695701 .00047169811320754716 8.11948576262396307796 .00922485660920904341 -1 ERR|0+/-0
node-1 node-2 12 44 15 600 347 19.47653294210666666666 .11444837219723690919 .002 .41686418400666666666 .13744748578454894090 .00047169811320754716 8.11906901219025839377 .00922479688237270783 -1 ERR|0+/-0
node-1 node-2 12 44 15 600 1022 19.47644251942000000000 .11449044221649007422 .002 .41713653915666666666 .13782723884713279283 .00047169811320754716 8.12433582763460841529 .00922480365129587026 -1 ERR|0+/-0
node-1 node-2 12 44 15 600 397 19.47643879123333333333 .11471393095757842148 .002 .41707054856666666666 .13774182006322452529 .00047169811320754716 8.12304901078479257743 .00922478996473987151 -1 ERR|0+/-0
node-1 node-2 12 44 15 600 297 19.47649467406000000000 .11432158008821698109 .002 .41837876790666666666 .13762116556032934558 .00047169811320754716 8.14855184487397818837 .00922505317239137381 0 ERR|0+/-0
node-1 node-2 12 44 15 600 322 19.47643057522666666666 .11462695218394932186 .002 .41693359918666666666 .13786093169582266438 .00047169811320754716 8.12037829903849474801 .00922476134218150437 -1 ERR|0+/-0
node-1 node-2 12 44 15 600 222 19.47669921854666666666 .11458664598167095513 .002 .41680175279000000000 .13794004757879228990 .00047169811320754716 8.11792237285387394307 .00922486370965529061 -1 ERR|0+/-0
node-1 node-2 12 44 15 600 1172 19.47641902901333333333 .11452132180415056137 .002 .41712395047333333333 .13781168862518604542 .00047169811320754716 8.12408084645604454299 .00922479033936176838 -1 ERR|0+/-0
node-1 node-2 12 44 15 600 522 19.47657757764666666666 .11470319301212598872 .002 .41704136254000000000 .13774810179906454482 .00047169811320754716 8.12253845059777851335 .00922484988383834406 -1 ERR|0+/-0
node-1 node-2 12 44 15 600 747 19.47660292877333333333 .11470445618365711392 .002 .41702240937000000000 .13785327137330315796 .00047169811320754716 8.12217987969985396527 .00922485836564301945 -1 ERR|0+/-0
node-1 node-2 12 44 15 600 497 19.47630664366000000000 .11426577958531765047 .002 .41685633530666666666 .13771931125804955197 .00047169811320754716 8.11882181278499262335 .00922468915596681230 -1 ERR|0+/-0
node-1 node-2 12 44 15 600 1197 19.47659964496666666666 .11436812623224595017 .002 .41707932982000000000 .13754558400590422873 .00047169811320754716 8.12328712709514726956 .00922486711638890004 0 ERR|0+/-0
node-1 node-2 12 44 15 600 872 19.47636559360666666666 .11462022032383489856 .002 .41697051611000000000 .13776545103674782242 .00047169811320754716 8.12107021351321831633 .00922473749044605930 -1 ERR|0+/-0
node-1 node-2 12 44 15 600 947 19.47654436840666666666 .11473887677355614025 .002 .41688114640333333333 .13755450180775298053 .00047169811320754716 8.11940414427675695589 .00922480531622957450 -1 ERR|0+/-0
node-1 node-2 12 44 15 600 772 19.47640466423333333333 .11451026759813380184 .002 .41722916768000000000 .13784927829021398442 .00047169811320754716 8.12612410745694353197 .00922480262440898081 -1 ERR|0+/-0
node-1 node-2 12 44 15 600 272 19.47628330838000000000 .11458332074547236929 .002 .41704111848000000000 .13808998463476677467 .00047169811320754716 8.12241097476014995686 .00922471160200453963 -1 ERR|0+/-0
node-1 node-2 12 44 15 600 97 19.47630235820000000000 .11458887715868465149 .002 .41693005299666666666 .13763843062890784784 .00047169811320754716 8.12025577438342997660 .00922470046894180407 -1 ERR|0+/-0
node-1 node-2 12 44 15 600 1322 19.47639886994666666666 .11455475517343408071 .002 .41702655375333333333 .13778002437122456961 .00047169811320754716 8.12217550025917417579 .00922476325512573357 -1 ERR|0+/-0
node-1 node-2 12 44 15 600 247 19.47628680258666666666 .11467830115361318679 .002 .41677584907666666666 .13736793504886369263 .00047169811320754716 8.11724596900873538414 .00922466528821623966 0 ERR|0+/-0
node-1 node-2 12 44 15 600 972 19.47627266708000000000 .11443546627141701003 .002 .41705759094333333333 .13778077336242627506 .00047169811320754716 8.12272735908787435308 .00922470958196623445 -1 ERR|0+/-0
node-1 node-2 12 44 15 600 1397 19.47621812170666666666 .11460371639500666433 .002 .41722897575333333333 .13789521592665801021 .00047169811320754716 8.12604253846818210228 .00922471495867490747 -1 ERR|0+/-0
node-1 node-2 12 44 15 600 1447 19.47642192862666666666 .11420779491077682325 .002 .41705777522000000000 .13780588673959234833 .00047169811320754716 8.12279319879905922996 .00922477973326750929 -1 ERR|0+/-0
node-1 node-2 12 44 15 600 1122 19.47645016848000000000 .11452185721322173165 .002 .41721626345333333333 .13745401493612142768 .00047169811320754716 8.12589176462827006655 .00922482166613552210 -1 ERR|0+/-0
node-1 node-2 12 44 15 600 472 19.47648503854666666666 .11436124927686840681 .002 .41700251619666666666 .13725338277781122688 .00047169811320754716 8.12174326774069237419 .00922479938766904133 -1 ERR|0+/-0
node-1 node-2 12 44 15 600 147 19.47626930884666666666 .11458107179398561229 .002 .41689998949666666666 .13754571200303625270 .00047169811320754716 8.11965647029242669261 .00922467950849473956 -1 ERR|0+/-0
node-1 node-2 12 44 15 600 647 19.47637337978000000000 .11447587821342769502 .002 .41702471274000000000 .13785215681365891835 .00047169811320754716 8.12212901391973742439 .00922475094780002556 0 ERR|0+/-0
node-1 node-2 12 44 15 600 822 19.47666837113333333333 .11452373978081882678 .002 .41848359620333333333 .13757352273229265833 .00047169811320754716 8.15066622201159583086 .00922515378630996535 -1 ERR|0+/-0
node-1 node-2 12 44 15 600 1072 19.47629559480666666666 .11466299554101471240 .002 .41698289161000000000 .13801377961604970827 .00047169811320754716 8.12128205497358876556 .00922470684494264565 -1 ERR|0+/-0
node-1 node-2 12 44 15 600 1372 19.47650991052666666666 .11482859242607474242 .002 .41714634003000000000 .13783478732769512696 .00047169811320754716 8.12455482573422176971 .00922483708204653931 -1 ERR|0+/-0
node-1 node-2 12 44 15 600 372 19.47637586328666666666 .11441021823629446127 .002 .41701354501666666666 .13755833422085665188 .00047169811320754716 8.12191254282621448215 .00922475009505062906 -1 ERR|0+/-0
node-1 node-2 12 44 15 600 1097 19.47654173174000000000 .11438915193249522478 .002 .41695492671666666666 .13744127565514410849 .00047169811320754716 8.12084003045175179219 .00922481741570114980 -1 ERR|0+/-0
node-1 node-2 12 44 15 600 447 19.47623330979333333333 .11475132890811601407 .002 .41714379654333333333 .13764687525556722248 .00047169811320754716 8.12438990521092180708 .00922470668462464068 -1 ERR|0+/-0
node-1 node-2 12 44 15 600 897 19.47618456654666666666 .11445638445994612584 .002 .41840503457666666666 .13730405885811837194 .00047169811320754716 8.14893367698749976249 .00922491226350848824 0 ERR|0+/-0
node-1 node-2 12 44 15 600 622 19.47669058983333333333 .11421533166854347707 .002 .41695155620333333333 .13772786892820504804 .00047169811320754716 8.12083645112182653386 .00922488673492563864 -1 ERR|0+/-0
node-1 node-2 12 44 15 600 197 19.47641165993333333333 .11444483035490625078 .002 .41705636546000000000 .13777372347908431973 .00047169811320754716 8.12276145909456150590 .00922477465444195281 -1 ERR|0+/-0
node-1 node-2 12 44 15 600 547 19.47623212836000000000 .11467125595673177543 .002 .41702376049333333333 .13787725042389300827 .00047169811320754716 8.12205156240976435019 .00922468442047167053 -1 ERR|0+/-0
node-1 node-2 12 44 15 600 1422 19.47643522422666666666 .11466783535554949225 .002 .41723369746000000000 .13776202894283285671 .00047169811320754716 8.12622508194427630246 .00922481779991607639 -1 ERR|0+/-0
node-1 node-2 12 44 15 600 697 19.47634654902000000000 .11468173495841079491 .002 .41710392563000000000 .13811547188369354183 .00047169811320754716 8.12366060252654522938 .00922475266894255002 -1 ERR|0+/-0
node-1 node-2 12 44 15 600 797 19.47632266269333333333 .11455374735585813698 .002 .41688581419000000000 .13776010829203151464 .00047169811320754716 8.11940263066405900495 .00922470200988238156 -1 ERR|0+/-0
node-1 node-2 48 44 15 2400 1297 19.47716589672666666666 .11779623149409291968 .002 .44701970404666666666 .14056229727975398129 .00047169811320754716 8.70667693482258351062 .00923074032316447032 0 ERR|0+/-0
node-1 node-2 48 44 15 2400 1247 19.47708956684666666666 .11807211349908128065 .002 .44716244047666666666 .14033210527394450216 .00047169811320754716 8.70942290409377793259 .00923073214161114687 -1 ERR|0+/-0
node-1 node-2 48 44 15 2400 1222 19.47708696760000000000 .11830731140397165817 .002 .44719749482666666666 .14056697373257271515 .00047169811320754716 8.71010449843183775415 .00923073771410640017 -1 ERR|0+/-0
node-1 node-2 48 44 15 2400 1272 19.47705642681333333333 .11788777917094006351 .002 .44723908486000000000 .14054156199036594744 .00047169811320754716 8.71090089209457676604 .00923073143581850560 -1 ERR|0+/-0
node-1 node-2 48 44 15 2400 1472 19.47716219424000000000 .11813141346894710740 .002 .44734198929333333333 .14076761822293404332 .00047169811320754716 8.71295248176022685360 .00923080103682423002 -1 ERR|0+/-0
node-1 node-2 48 44 15 2400 597 19.47722785285333333333 .11821042664114045959 .002 .44721840247666666666 .14029540837897568178 .00047169811320754716 8.71057472502710415010 .00923080790841050434 -1 ERR|0+/-0
node-1 node-2 48 44 15 2400 1347 19.47720100964666666666 .11765637520173183955 .002 .44715210300000000000 .14006109791699676916 .00047169811320754716 8.70927139201723028693 .00923078245859860246 0 ERR|0+/-0
node-1 node-2 48 44 15 2400 1047 19.47702513312000000000 .11826836786113070470 .002 .44729649957666666666 .13993812307131319706 .00047169811320754716 8.71200516421133610684 .00923072787205974185 -1 ERR|0+/-0
node-1 node-2 48 44 15 2400 922 19.47710504488000000000 .11807521064659486733 .002 .44744011579000000000 .14077601176378152054 .00047169811320754716 8.71483813653510034665 .00923079323019987107 -1 ERR|0+/-0
node-1 node-2 48 44 15 2400 672 19.47691505362000000000 .11786168019569119790 .002 .44732923838333333333 .14023174829734899165 .00047169811320754716 8.71259357699271451204 .00923068253819947054 -1 ERR|0+/-0
node-1 node-2 48 44 15 2400 422 19.47716290564666666666 .11817577835529122098 .002 .44724269309000000000 .14033923076342446523 .00047169811320754716 8.71101879167406476797 .00923078212460689053 -1 ERR|0+/-0
node-1 node-2 48 44 15 2400 847 19.47725637774000000000 .11784514301158195756 .002 .44728965060666666666 .14051447337513011719 .00047169811320754716 8.71197519997579459336 .00923083510874906323 -1 ERR|0+/-0
node-1 node-2 48 44 15 2400 122 19.47691301122000000000 .11793614855303104161 .002 .44738097975000000000 .14027704869328430852 .00047169811320754716 8.71360042546512634279 .00923069160969346543 0 ERR|0+/-0
node-1 node-2 48 44 15 2400 72 19.47723274768666666666 .11779561990213350772 .002 .44858964439666666666 .14035202672462612251 .00047169811320754716 8.73728491211587261332 .00923107634814641049 -1 ERR|0+/-0
node-1 node-2 48 44 15 2400 722 19.47697374156666666666 .11821613486636735189 .002 .44768959094333333333 .14051692197386314322 .00047169811320754716 8.71963840717602552047 .00923077997088141517 -1 ERR|0+/-0
node-1 node-2 48 44 15 2400 997 19.47701649911333333333 .11809188536603135383 .002 .44724492604333333333 .14072221781806615578 .00047169811320754716 8.71099680369072588050 .00923071382268825404 -1 ERR|0+/-0
node-1 node-2 48 44 15 2400 172 19.47715974393333333333 .11780276815274635710 .002 .44727296581333333333 .14038561195131392246 .00047169811320754716 8.71160700428912602066 .00923078650745090409 -1 ERR|0+/-0
node-1 node-2 48 44 15 2400 572 19.47702565387333333333 .11793553179322583115 .002 .44741498160666666666 .14033732945701317844 .00047169811320754716 8.71431307468031223962 .00923075108484925835 -1 ERR|0+/-0
node-1 node-2 48 44 15 2400 1147 19.47717521026666666666 .11806117295042846850 .002 .44746383427666666666 .14069701477497788193 .00047169811320754716 8.71533150046436397044 .00923083077007244131 0 ERR|0+/-0
node-1 node-2 48 44 15 2400 347 19.47699346870000000000 .11798587316467033321 .002 .44732129123000000000 .14040242013034338458 .00047169811320754716 8.71247386769716058950 .00923071781181098667 -1 ERR|0+/-0
node-1 node-2 48 44 15 2400 1022 19.47710760660000000000 .11779692181095224565 .002 .44737487782000000000 .14079474109285404481 .00047169811320754716 8.71356863578966762561 .00923078178477789713 -1 ERR|0+/-0
node-1 node-2 48 44 15 2400 397 19.47677478196666666666 .11769034871516892480 .002 .44853183022333333333 .13998560806885984034 .00047169811320754716 8.73595343980317303357 .00923085011170781117 -1 ERR|0+/-0
node-1 node-2 48 44 15 2400 297 19.47706245026000000000 .11803028267814912566 .002 .44710468099666666666 .14059926312530319040 .00047169811320754716 8.70828579357565212542 .00923070821952128546 0 ERR|0+/-0
node-1 node-2 48 44 15 2400 322 19.47719486216666666666 .11784190917264760107 .002 .44739952357000000000 .14026576507100078656 .00047169811320754716 8.71408770181341848459 .00923082752724252940 -1 ERR|0+/-0
node-1 node-2 48 44 15 2400 222 19.47704676997333333333 .11786375971531329226 .002 .44736230776666666666 .14038068854181688305 .00047169811320754716 8.71329659149457125199 .00923075078655389330 -1 ERR|0+/-0
node-1 node-2 48 44 15 2400 1172 19.47698362292666666666 .11808749127350500170 .002 .44731215376666666666 .14037338172975298795 .00047169811320754716 8.71229149324942153855 .00923071141825094269 -1 ERR|0+/-0
node-1 node-2 48 44 15 2400 522 19.47701965828666666666 .11816261471414503867 .002 .44751809968666666666 .14055081031879164086 .00047169811320754716 8.71631882503629882893 .00923076826490509347 -1 ERR|0+/-0
node-1 node-2 48 44 15 2400 747 19.47685728338000000000 .11820314398268150016 .002 .44734140848000000000 .14055652044491301137 .00047169811320754716 8.71280476991115569506 .00923065777552627232 -1 ERR|0+/-0
node-1 node-2 48 44 15 2400 497 19.47704588876666666666 .11829571022260817400 .002 .44720245047666666666 .14043900187640892981 .00047169811320754716 8.71018264950293935184 .00923071938881439890 0 ERR|0+/-0
node-1 node-2 48 44 15 2400 1197 19.47733488046666666666 .11787853792939603507 .002 .44760552749000000000 .14068107018220520464 .00047169811320754716 8.71816275327065843069 .00923093320977106951 -1 ERR|0+/-0
node-1 node-2 48 44 15 2400 872 19.47716738899333333333 .11832743116407171661 .002 .44757774617000000000 .14079597867745284482 .00047169811320754716 8.71754668174145979848 .00923084918844776057 -1 ERR|0+/-0
node-1 node-2 48 44 15 2400 947 19.47713070982666666666 .11763955359706380584 .002 .44899437772000000000 .14039785602953448672 .00047169811320754716 8.74512218282972608905 .00923110715353679772 -1 ERR|0+/-0
node-1 node-2 48 44 15 2400 772 19.47711294773333333333 .11798567533366701601 .002 .44773409474666666666 .14035732256866013568 .00047169811320754716 8.72056753393196435444 .00923085395857062565 -1 ERR|0+/-0
node-1 node-2 48 44 15 2400 272 19.47693185198000000000 .11811667880571909472 .002 .44751207890333333333 .14054466821961850620 .00047169811320754716 8.71616226373811998733 .00923072587442129547 -1 ERR|0+/-0
node-1 node-2 48 44 15 2400 97 19.47727201172666666666 .11806937834866795503 .002 .44745876358666666666 .14070835204644392686 .00047169811320754716 8.71527605240840200752 .00923087523284755972 0 ERR|0+/-0
node-1 node-2 48 44 15 2400 1322 19.47692316714666666666 .11799568864468923650 .002 .44743693432333333333 .14037526875269263234 .00047169811320754716 8.71469479195921255229 .00923070722606178101 -1 ERR|0+/-0
node-1 node-2 48 44 15 2400 247 19.47697619963333333333 .11804793639757892417 .002 .44734510059000000000 .14046040180493705842 .00047169811320754716 8.71292987721400942111 .00923071431971326691 -1 ERR|0+/-0
node-1 node-2 48 44 15 2400 972 19.47687353508666666666 .11790388939740769090 .002 .44731475130000000000 .14040624823157843782 .00047169811320754716 8.71229284144884412394 .00923066023798699136 -1 ERR|0+/-0
node-1 node-2 48 44 15 2400 1397 19.47708866098000000000 .11800641472404658583 .002 .44750442442333333333 .14019678883153187403 .00047169811320754716 8.71608335067408704193 .00923079800805996241 -1 ERR|0+/-0
node-1 node-2 48 44 15 2400 1447 19.47696646450000000000 .11807933254723067361 .002 .44736486044666666666 .14067756386428875329 .00047169811320754716 8.71331038431544915734 .00923071357983786700 -1 ERR|0+/-0
node-1 node-2 48 44 15 2400 1122 19.47693079072000000000 .11819683469324097576 .002 .44746921231666666666 .14066337406251575646 .00047169811320754716 8.71532687926971006290 .00923071706377061640 0 ERR|0+/-0
node-1 node-2 48 44 15 2400 472 19.47699051360666666666 .11832820094040192141 .002 .44773836029000000000 .14082530167092649785 .00047169811320754716 8.72059579594613386734 .00923079730660199200 -1 ERR|0+/-0
node-1 node-2 48 44 15 2400 147 19.47698018708000000000 .11813044425182865695 .002 .44752800232666666666 .14063692923975997617 .00047169811320754716 8.71649403447997880847 .00923075165453052582 -1 ERR|0+/-0
node-1 node-2 48 44 15 2400 647 19.47705205428000000000 .11810827721113545909 .002 .44752520009000000000 .14045095630139327716 .00047169811320754716 8.71647161775500254088 .00923078485098128749 -1 ERR|0+/-0
node-1 node-2 48 44 15 2400 822 19.47709328237333333333 .11802174249410358726 .002 .44760242911333333333 .14060206056446988760 .00047169811320754716 8.71799426525729079009 .00923081918462008007 -1 ERR|0+/-0
node-1 node-2 48 44 15 2400 1072 19.47709258867333333333 .11805969091923925378 .002 .44750551096666666666 .14006337405007687222 .00047169811320754716 8.71610627103933642565 .00923080006271684285 -1 ERR|0+/-0
node-1 node-2 48 44 15 2400 1372 19.47696071626666666666 .11805252548357816571 .002 .44769337523666666666 .14059095627122604844 .00047169811320754716 8.71970628241738876938 .00923077458999554273 -1 ERR|0+/-0
node-1 node-2 48 44 15 2400 372 19.47714387307333333333 .11785036095661323132 .002 .44749488184666666666 .14063875232393579944 .00047169811320754716 8.71592219619147888334 .00923082207834125465 0 ERR|0+/-0
node-1 node-2 48 44 15 2400 1097 19.47718431108666666666 .11821296117779964693 .002 .44740561610000000000 .14055855802668225505 .00047169811320754716 8.71420164659498416049 .00923082375493521704 -1 ERR|0+/-0
node-1 node-2 48 44 15 2400 447 19.47711860724000000000 .11776089697968002107 .002 .44763645334333333333 .14057564231842989263 .00047169811320754716 8.71866829469235777480 .00923083767358364611 -1 ERR|0+/-0
node-1 node-2 48 44 15 2400 897 19.47715254906666666666 .11798640890016899026 .002 .44888927168333333333 .14019040318594222382 .00047169811320754716 8.74308482221571530552 .00923109695947404075 -1 ERR|0+/-0
node-1 node-2 48 44 15 2400 622 19.47709659152666666666 .11787024373557915549 .002 .44739608314333333333 .14030434994102027159 .00047169811320754716 8.71397672605339883476 .00923078072446417827 -1 ERR|0+/-0
node-1 node-2 48 44 15 2400 197 19.47712786446000000000 .11807414739979062351 .002 .44794808180000000000 .14039533058900740880 .00047169811320754716 8.72474206585818739282 .00923090248835522961 -1 ERR|0+/-0
node-1 node-2 48 44 15 2400 547 19.47709580222000000000 .11790336792504502765 .002 .44754792551333333333 .14035648516731102631 .00047169811320754716 8.71693382130801390524 .00923080979674481863 -1 ERR|0+/-0
node-1 node-2 48 44 15 2400 1422 19.47703163831333333333 .11802593837163178610 .002 .44748567694333333333 .14047601831726458529 .00047169811320754716 8.71569268751736264522 .00923076760189829933 0 ERR|0+/-0
node-1 node-2 48 44 15 2400 697 19.47717801650000000000 .11804145971541708095 .002 .44756442872333333333 .14065275467931987584 .00047169811320754716 8.71729205209748916053 .00923085159493417811 -1 ERR|0+/-0
node-1 node-2 48 44 15 2400 797 19.47707261868666666666 .11785121612642281821 .002 .44897360187000000000 .14021916409176027629 .00047169811320754716 8.74469144749530580227 .00923107584000734932 -1 ERR|0+/-0
node-1 node-2 6 44 15 300 1297 19.47620508339333333333 .11385269890728080781 .002 .41221172796000000000 .13642615284180260483 .00047169811320754716 8.02832015152890183367 .00922380653684521290 0 ERR|0+/-0
node-1 node-2 6 44 15 300 1247 19.47638337096000000000 .11399665998140172874 .002 .41226837167333333333 .13658317735980303097 .00047169811320754716 8.02949685843126604254 .00922390042438757249 -1 ERR|0+/-0
node-1 node-2 6 44 15 300 1222 19.47619126621333333333 .11391368398880050029 .002 .41222444714000000000 .13674554811012229903 .00047169811320754716 8.02856217710768789462 .00922380231910926471 -1 ERR|0+/-0
node-1 node-2 6 44 15 300 1272 19.47623243228666666666 .11385215851872160622 .002 .41206889886000000000 .13671170545814693189 .00047169811320754716 8.02554965231378624519 .00922379385793926554 -1 ERR|0+/-0
node-1 node-2 6 44 15 300 1472 19.47639942851333333333 .11418884377414551630 .002 .41228691470666666666 .13656336645248102977 .00047169811320754716 8.02986462997644807053 .00922391128362618034 -1 ERR|0+/-0
node-1 node-2 6 44 15 300 597 19.47638454144666666666 .11384856161717226469 .002 .41202095661000000000 .13650670038907003901 .00047169811320754716 8.02467859007107179329 .00922385675393912706 -1 ERR|0+/-0
node-1 node-2 6 44 15 300 1347 19.47637016828666666666 .11383593607439620544 .002 .41190162954666666666 .13664937325251298787 .00047169811320754716 8.02234860997136449751 .00922382868339563915 -1 ERR|0+/-0
node-1 node-2 6 44 15 300 1047 19.47603792140666666666 .11409649658449359798 .002 .41205933763000000000 .13665389263712996130 .00047169811320754716 8.02528328555159306453 .00922370076592347340 0 ERR|0+/-0
node-1 node-2 6 44 15 300 922 19.47628511852666666666 .11403264784637336895 .002 .41201151078000000000 .13659726553201975865 .00047169811320754716 8.02445365606620330104 .00922380835612857689 -1 ERR|0+/-0
node-1 node-2 6 44 15 300 672 19.47634832322000000000 .11375006219375547708 .002 .41336181451000000000 .13626377853655077981 .00047169811320754716 8.05077868291501516592 .00922407970475774401 -1 ERR|0+/-0
node-1 node-2 6 44 15 300 422 19.47621971018666666666 .11395803359646017281 .002 .41336937688000000000 .13642835328537511153 .00047169811320754716 8.05087280557783658848 .00922402063799222209 -1 ERR|0+/-0
node-1 node-2 6 44 15 300 847 19.47632537162666666666 .11382488514555807923 .002 .41196878021000000000 .13668056326415237487 .00047169811320754716 8.02363800632211281017 .00922381963312605923 -1 ERR|0+/-0
node-1 node-2 6 44 15 300 122 19.47635342247333333333 .11395429907006403990 .002 .41187792209333333333 .13629606639275061756 .00047169811320754716 8.02187997760369761977 .00922381658136725851 -1 ERR|0+/-0
node-1 node-2 6 44 15 300 72 19.47645718753333333333 .11369218324435414236 .002 .41201090085000000000 .13625717004067257861 .00047169811320754716 8.02451267120206605606 .00922388908724329522 -1 ERR|0+/-0
node-1 node-2 6 44 15 300 722 19.47621846705333333333 .11407858411544409499 .002 .41212136647000000000 .13670285808206298222 .00047169811320754716 8.02656576831026840770 .00922379667337974606 0 ERR|0+/-0
node-1 node-2 6 44 15 300 997 19.47635425315333333333 .11399282139945387254 .002 .41211658723000000000 .13636085801105019675 .00047169811320754716 8.02652864649204719923 .00922385961304758475 -1 ERR|0+/-0
node-1 node-2 6 44 15 300 172 19.47625052356000000000 .11405751091391806210 .002 .41182324658333333333 .13667848360387952507 .00047169811320754716 8.02077272188282481443 .00922375847282221012 -1 ERR|0+/-0
node-1 node-2 6 44 15 300 572 19.47630869420000000000 .11407776599881271614 .002 .41211481299000000000 .13663300333183045482 .00047169811320754716 8.02647531524574409765 .00922383789185848387 -1 ERR|0+/-0
node-1 node-2 6 44 15 300 1147 19.47637851828000000000 .11378124403985346665 .002 .41197303644000000000 .13649463924404347584 .00047169811320754716 8.02374279703059964612 .00922384536248003346 -1 ERR|0+/-0
node-1 node-2 6 44 15 300 347 19.47629787320666666666 .11390670048155258583 .002 .41193138339666666666 .13640136674786137424 .00047169811320754716 8.02289832635557900105 .00922380003321640044 -1 ERR|0+/-0
node-1 node-2 6 44 15 300 1022 19.47625350098000000000 .11412401057004802939 .002 .41209928116666666666 .13669436305036958051 .00047169811320754716 8.02615006757363304541 .00922380918571064001 -1 ERR|0+/-0
node-1 node-2 6 44 15 300 397 19.47623803638000000000 .11419647403066961572 .002 .41195344075333333333 .13675271647213481045 .00047169811320754716 8.02330327201768546787 .00922377586152124199 0 ERR|0+/-0
node-1 node-2 6 44 15 300 297 19.47644629845333333333 .11393501828123427342 .002 .41203877912000000000 .13646125806817734739 .00047169811320754716 8.02505115441095461095 .00922388895263684481 -1 ERR|0+/-0
node-1 node-2 6 44 15 300 322 19.47622834704666666666 .11388192936624785630 .002 .41197511530666666666 .13649639605356798481 .00047169811320754716 8.02372141901352043666 .00922377518158037988 -1 ERR|0+/-0
node-1 node-2 6 44 15 300 222 19.47625947052000000000 .11378988001487023094 .002 .41179623969666666666 .13626574508240529086 .00047169811320754716 8.02025041331672813861 .00922375785316179904 -1 ERR|0+/-0
node-1 node-2 6 44 15 300 1172 19.47642986854666666666 .11393146715403056833 .002 .41328675358000000000 .13616168444898659202 .00047169811320754716 8.04935047170019801939 .00922410456107490956 -1 ERR|0+/-0
node-1 node-2 6 44 15 300 522 19.47661750663333333333 .11403433032813452099 .002 .41201083361666666666 .13670949634457507527 .00047169811320754716 8.02457741494096348785 .00922396439508082446 -1 ERR|0+/-0
node-1 node-2 6 44 15 300 747 19.47632401594666666666 .11406879696660159420 .002 .41198191869333333333 .13657708182838468115 .00047169811320754716 8.02389333718275497002 .00922382134349470311 -1 ERR|0+/-0
node-1 node-2 6 44 15 300 497 19.47644737037333333333 .11402576365563904623 .002 .41180487538333333333 .13699402875696329984 .00047169811320754716 8.02049598226664072857 .00922384767331143863 0 ERR|0+/-0
node-1 node-2 6 44 15 300 1197 19.47637727139333333333 .11403065519036324527 .002 .41201284029000000000 .13661751136164178254 .00047169811320754716 8.02451751814636743243 .00922385188820140476 -1 ERR|0+/-0
node-1 node-2 6 44 15 300 872 19.47624261636666666666 .11411473647229890496 .002 .41186244386666666666 .13642529299356019209 .00047169811320754716 8.02153288131689738448 .00922376175858365554 -1 ERR|0+/-0
node-1 node-2 6 44 15 300 947 19.47640547958666666666 .11392248764361128679 .002 .41207239949333333333 .13639238563332471053 .00047169811320754716 8.02568913947838329827 .00922387578310696300 -1 ERR|0+/-0
node-1 node-2 6 44 15 300 772 19.47643431629333333333 .11378872229274341364 .002 .41219056660666666666 .13652473862694609605 .00047169811320754716 8.02800249631047557378 .00922391045014114607 -1 ERR|0+/-0
node-1 node-2 6 44 15 300 272 19.47626558412666666666 .11403379177026378723 .002 .41194739864000000000 .13654239179275465742 .00047169811320754716 8.02319694260274040958 .00922378772439319366 -1 ERR|0+/-0
node-1 node-2 6 44 15 300 97 19.47623859026666666666 .11385090295753037816 .002 .41184622359666666666 .13655385558702726281 .00047169811320754716 8.02121531326899358819 .00922375697003269920 -1 ERR|0+/-0
node-1 node-2 6 44 15 300 1322 19.47630977396000000000 .11409255799808478774 .002 .41216478170333333333 .13660916272461880863 .00047169811320754716 8.02744896637072077704 .00922384732995099827 0 ERR|0+/-0
node-1 node-2 6 44 15 300 247 19.47637211566666666666 .11408207117828449107 .002 .41185741402333333333 .13662082352815277566 .00047169811320754716 8.02148825411463090196 .00922382170072304248 -1 ERR|0+/-0
node-1 node-2 6 44 15 300 972 19.47640287419333333333 .11377924492653716345 .002 .41190346742666666666 .13647213155328790899 .00047169811320754716 8.02239787687893072114 .00922384437734881940 -1 ERR|0+/-0
node-1 node-2 6 44 15 300 1397 19.47637522836000000000 .11400411113091068787 .002 .41185610748666666666 .13634287491662240033 .00047169811320754716 8.02146408950208820552 .00922382292975337693 -1 ERR|0+/-0
node-1 node-2 6 44 15 300 1447 19.47626834004666666666 .11391584096130833844 .002 .41187439087000000000 .13670674772878882751 .00047169811320754716 8.02177615897738686070 .00922377597778665047 -1 ERR|0+/-0
node-1 node-2 6 44 15 300 1122 19.47642700333333333333 .11393021513979392209 .002 .41210802188666666666 .13651971968219417146 .00047169811320754716 8.02639180576375901282 .00922389226113262719 -1 ERR|0+/-0
node-1 node-2 6 44 15 300 472 19.47628874747333333333 .11400250793523226412 .002 .41175301430333333333 .13656643936228808718 .00047169811320754716 8.01942059921423747129 .00922376388907712175 -1 ERR|0+/-0
node-1 node-2 6 44 15 300 147 19.47627335932666666666 .11385546907922922369 .002 .41174218572333333333 .13654520965997434236 .00047169811320754716 8.01920336271428959194 .00922375472595732567 0 ERR|0+/-0
node-1 node-2 6 44 15 300 647 19.47621345768666666666 .11409024930609082800 .002 .41191783574000000000 .13639433725045855176 .00047169811320754716 8.02259969590055380038 .00922375795362512751 -1 ERR|0+/-0
node-1 node-2 6 44 15 300 822 19.47632681633333333333 .11376895288111954302 .002 .41332534428333333333 .13634167935708093176 .00047169811320754716 8.05005948673569241656 .00922406306369654109 -1 ERR|0+/-0
node-1 node-2 6 44 15 300 1072 19.47606239514666666666 .11389468087029689842 .002 .41192848464000000000 .13637104363609756209 .00047169811320754716 8.02274486918685529054 .00922368888479079936 -1 ERR|0+/-0
node-1 node-2 6 44 15 300 1372 19.47622071266666666666 .11406117692021991248 .002 .41192756094666666666 .13645298241733275058 .00047169811320754716 8.02279209462773003452 .00922376309937461858 -1 ERR|0+/-0
node-1 node-2 6 44 15 300 372 19.47622562466000000000 .11382436911231331718 .002 .41167435820666666666 .13662162056821920500 .00047169811320754716 8.01786268432014109724 .00922372018938205160 -1 ERR|0+/-0
node-1 node-2 6 44 15 300 1097 19.47630243220666666666 .11393459542351693070 .002 .41186596289333333333 .13642922450752637591 .00047169811320754716 8.02162605484256872218 .00922379048939740337 -1 ERR|0+/-0
node-1 node-2 6 44 15 300 447 19.47650272376000000000 .11410694651927175564 .002 .41208214783000000000 .13650953103228446418 .00047169811320754716 8.02591907462386597344 .00922392321156007727 0 ERR|0+/-0
node-1 node-2 6 44 15 300 897 19.47630824499333333333 .11380201351923299063 .002 .41319167041000000000 .13631928671426883379 .00047169811320754716 8.04744833716885091931 .00922403038328076193 -1 ERR|0+/-0
node-1 node-2 6 44 15 300 622 19.47637428929333333333 .11377335303806614295 .002 .41185273468333333333 .13642299431536862546 .00047169811320754716 8.02139801276162202559 .00922382188616880437 -1 ERR|0+/-0
node-1 node-2 6 44 15 300 197 19.47631855856000000000 .11409695521079639502 .002 .41183090105666666666 .13643871474009969084 .00047169811320754716 8.02094982123844411408 .00922379180363851664 -1 ERR|0+/-0
node-1 node-2 6 44 15 300 547 19.47644765324000000000 .11380860827178718601 .002 .41174838387666666666 .13642552106563177352 .00047169811320754716 8.01939584488006715346 .00922383771848768488 -1 ERR|0+/-0
node-1 node-2 6 44 15 300 1422 19.47620346320000000000 .11386500347834258727 .002 .41168525373333333333 .13653118801604253344 .00047169811320754716 8.01806576450951739588 .00922371172278428376 -1 ERR|0+/-0
node-1 node-2 6 44 15 300 697 19.47651435901333333333 .11404446669865232010 .002 .41190797371333333333 .13674153517567624196 .00047169811320754716 8.02253156461982332266 .00922389755930899906 -1 ERR|0+/-0
node-1 node-2 6 44 15 300 797 19.47628616216666666666 .11386005099354093829 .002 .41181240982000000000 .13654449555453314464 .00047169811320754716 8.02057633878577431247 .00922377328099460660 0 ERR|0+/-0
