#TXnode RXnode MCS CHANNEL TXPOWER FPS SIZE Vmu Vsd Verr Imu Isd Ierr Pmu Perr loss status
node-1 node-2 24 44 15 1200 1447 19.47688561766666666666 .11591281690111852216 .002 .42628206937666666666 .13941684979994386367 .00047169811320754716 8.30264710611158320152 .00922668395550515862 0 ERR|0+/-0
node-1 node-2 24 44 15 1200 172 19.47695908608000000000 .11555806016002825780 .002 .42652924087333333333 .13901291260880851463 .00047169811320754716 8.30749257350667458097 .00922676415340122747 -1 ERR|0+/-0
node-1 node-2 24 44 15 1200 797 19.47667285186666666666 .11565335334074546283 .002 .42641724510666666666 .13902978765926561196 .00047169811320754716 8.30518918133678887806 .00922660900886628608 -1 ERR|0+/-0
node-1 node-2 24 44 15 1200 622 19.47671505742666666666 .11567049705191119429 .002 .42655693588666666666 .13900940756784334997 .00047169811320754716 8.30792789603362193805 .00922665465987369498 -1 ERR|0+/-0
node-1 node-2 24 44 15 1200 597 19.47693012243333333333 .11549673686896858823 .002 .42680956687000000000 .13889891954682669877 .00047169811320754716 8.31294010951302707044 .00922680240174319924 -1 ERR|0+/-0
node-1 node-2 24 44 15 1200 297 19.47665488525333333333 .11575967868163621267 .002 .42681021442333333333 .13900135865703106248 .00047169811320754716 8.31283524782423787890 .00922667324951148413 0 ERR|0+/-0
node-1 node-2 24 44 15 1200 1022 19.47689442042000000000 .11583578987244402146 .002 .42697569825666666666 .13917691585033641271 .00047169811320754716 8.31616059503020452093 .00922681637872755382 -1 ERR|0+/-0
node-1 node-2 24 44 15 1200 497 19.47673779284000000000 .11589292737385068314 .002 .42718238506666666666 .13907668118642903214 .00047169811320754716 8.32011930366347630945 .00922678108253891975 -1 ERR|0+/-0
node-1 node-2 24 44 15 1200 1222 19.47672684972666666666 .11564055993530925375 .002 .42688890037333333333 .13897826341280360566 .00047169811320754716 8.31439850775159339116 .00922672161022107678 -1 ERR|0+/-0
node-1 node-2 24 44 15 1200 1472 19.47671773611333333333 .11597216345652638168 .002 .42697386754333333333 .13906389232162987091 .00047169811320754716 8.31604949883814545348 .00922673305591273676 -1 ERR|0+/-0
node-1 node-2 24 44 15 1200 722 19.47656015317333333333 .11585520684100583474 .002 .42718862681000000000 .13883633423067689376 .00047169811320754716 8.32016498681647953057 .00922669880618186593 0 ERR|0+/-0
node-1 node-2 24 44 15 1200 97 19.47652920251333333333 .11582471096396246979 .002 .42693538620000000000 .13908352341073737232 .00047169811320754716 8.31521951691060797731 .00922663738391325423 -1 ERR|0+/-0
node-1 node-2 24 44 15 1200 247 19.47683884791333333333 .11573936830665217973 .002 .42694854005666666666 .13913988013207563497 .00047169811320754716 8.31560791103556724778 .00922678525089626164 -1 ERR|0+/-0
node-1 node-2 24 44 15 1200 547 19.47650730142666666666 .11599623308896488208 .002 .42701471014333333333 .13908722065208403674 .00047169811320754716 8.31675511992322336607 .00922664178083847904 -1 ERR|0+/-0
node-1 node-2 24 44 15 1200 672 19.47660608095333333333 .11581148378278638184 .002 .42714256748666666666 .13875555797125619497 .00047169811320754716 8.31928752734483156647 .00922671184759005628 -1 ERR|0+/-0
node-1 node-2 24 44 15 1200 1122 19.47663878901333333333 .11564851578454053748 .002 .42711645726333333333 .13931478604291978569 .00047169811320754716 8.31879295896099367346 .00922672237480229270 0 ERR|0+/-0
node-1 node-2 24 44 15 1200 1247 19.47664696840666666666 .11570065311341682927 .002 .42690435007666666666 .13884092648889613571 .00047169811320754716 8.31466531572032816977 .00922668695129840199 -1 ERR|0+/-0
node-1 node-2 24 44 15 1200 1272 19.47673288192000000000 .11568621262096867690 .002 .42677857918000000000 .13886442687335001347 .00047169811320754716 8.31225238641420431042 .00922670402926983997 -1 ERR|0+/-0
node-1 node-2 24 44 15 1200 322 19.47638626392666666666 .11572930641328567864 .002 .42713305198666666666 .13894583341613470778 .00047169811320754716 8.31900830658218948720 .00922660684366158358 -1 ERR|0+/-0
node-1 node-2 24 44 15 1200 1147 19.47667789928000000000 .11574380118793066600 .002 .42842764043666666666 .13855208822728283949 .00047169811320754716 8.34434715593350411508 .00922698389797665085 -1 ERR|0+/-0
node-1 node-2 24 44 15 1200 272 19.47676184272000000000 .11552971917772223430 .002 .42706391155000000000 .13880835005193524160 .00047169811320754716 8.31782209687978909141 .00922677044073485931 0 ERR|0+/-0
node-1 node-2 24 44 15 1200 1097 19.47660746764000000000 .11570072082161955269 .002 .42726285751000000000 .13888745391433172672 .00047169811320754716 8.32163096122447125597 .00922673477687219748 -1 ERR|0+/-0
node-1 node-2 24 44 15 1200 997 19.47667661621333333333 .11548403190028164066 .002 .42698207069000000000 .13904250401228485359 .00047169811320754716 8.31619171175027149345 .00922671526142823484 -1 ERR|0+/-0
node-1 node-2 24 44 15 1200 697 19.47652455771333333333 .11585099077817848675 .002 .42700318135333333333 .13924118470418172357 .00047169811320754716 8.31653794784991676310 .00922664775144453967 -1 ERR|0+/-0
node-1 node-2 24 44 15 1200 1322 19.47651712236666666666 .11572653078194436141 .002 .42710054392333333333 .13890089539640107665 .00047169811320754716 8.31843105669491825468 .00922666228480780475 -1 ERR|0+/-0
node-1 node-2 24 44 15 1200 1397 19.47648820734000000000 .11580709663138929341 .002 .42700564386333333333 .13847086971441323654 .00047169811320754716 8.31657038717183550522 .00922663113450321259 0 ERR|0+/-0
node-1 node-2 24 44 15 1200 1072 19.47668850918666666666 .11557421682217242029 .002 .42712127309666666666 .13863154597938556369 .00047169811320754716 8.31890799175102781704 .00922674661871105518 -1 ERR|0+/-0
node-1 node-2 24 44 15 1200 1297 19.47669121726666666666 .11589682279683961724 .002 .42724052798333333333 .13921086040272892620 .00047169811320754716 8.32123183903336186311 .00922676997569324364 -1 ERR|0+/-0
node-1 node-2 24 44 15 1200 1047 19.47641060054000000000 .11549765597395618413 .002 .42863993167333333333 .13862591675283082989 .00047169811320754716 8.34836730905725063370 .00922689779718639129 -1 ERR|0+/-0
node-1 node-2 24 44 15 1200 397 19.47668600426000000000 .11565044275481594454 .002 .42702345077666666666 .13863662863941744767 .00047169811320754716 8.31700166723271269351 .00922672733084673419 -1 ERR|0+/-0
node-1 node-2 24 44 15 1200 647 19.47661086379333333333 .11566278413461886016 .002 .42711347662666666666 .13882285401365963611 .00047169811320754716 8.31872297893947595347 .00922670870719507379 0 ERR|0+/-0
node-1 node-2 24 44 15 1200 747 19.47660754947333333333 .11566938877557789174 .002 .42690456467000000000 .13888639670136314955 .00047169811320754716 8.31465266715634885443 .00922666847695910118 -1 ERR|0+/-0
node-1 node-2 24 44 15 1200 947 19.47662647069333333333 .11591344040922355204 .002 .42694523759000000000 .13887916579036403378 .00047169811320754716 8.31545291598184837202 .00922668489162368219 -1 ERR|0+/-0
node-1 node-2 24 44 15 1200 522 19.47656252502666666666 .11570197451511964577 .002 .42728376918666666666 .13887919525402264711 .00047169811320754716 8.32201904649317596337 .00922671754217458582 -1 ERR|0+/-0
node-1 node-2 24 44 15 1200 1197 19.47664949224000000000 .11545024375553648214 .002 .42708055677333333333 .13886862263002673704 .00047169811320754716 8.31809830922491915937 .00922672075457731082 -1 ERR|0+/-0
node-1 node-2 24 44 15 1200 122 19.47649376592000000000 .11579612357580756753 .002 .42736746491333333333 .13877273356026896953 .00047169811320754716 8.32361976614157099968 .00922670075320097178 0 ERR|0+/-0
node-1 node-2 24 44 15 1200 847 19.47678166394666666666 .11571827084191085924 .002 .42713334784000000000 .13920691094508831977 .00047169811320754716 8.31918295727026556053 .00922679260676735705 -1 ERR|0+/-0
node-1 node-2 24 44 15 1200 897 19.47661353056000000000 .11560558381541082416 .002 .42722140342666666666 .13867096256823990280 .00047169811320754716 8.32082616652464834858 .00922672994635526601 -1 ERR|0+/-0
node-1 node-2 24 44 15 1200 1422 19.47666739111333333333 .11573261671918776441 .002 .42694747237000000000 .13909952083235371763 .00047169811320754716 8.31551391282703986687 .00922670452451157070 -1 ERR|0+/-0
node-1 node-2 24 44 15 1200 372 19.47677024110000000000 .11572665898708562112 .002 .42717578020000000000 .13915188337931367955 .00047169811320754716 8.32000452351803460622 .00922679509940490766 -1 ERR|0+/-0
node-1 node-2 24 44 15 1200 347 19.47663070579333333333 .11571051989640773980 .002 .42695415093333333333 .13887405267893439002 .00047169811320754716 8.31562832603408136767 .00922668853053995857 -1 ERR|0+/-0
node-1 node-2 24 44 15 1200 822 19.47639048876000000000 .11559632367586409640 .002 .42725695726333333333 .13875682458267069967 .00047169811320754716 8.32142333870012313196 .00922663177533808433 0 ERR|0+/-0
node-1 node-2 24 44 15 1200 1372 19.47664102780000000000 .11582229012774669104 .002 .42719258125666666666 .13889018942153055894 .00047169811320754716 8.32027655487537928213 .00922673752303924759 -1 ERR|0+/-0
node-1 node-2 24 44 15 1200 197 19.47652902300666666666 .11547602422733613433 .002 .42858684059333333333 .13860001569302165796 .00047169811320754716 8.34738403969478845251 .00922694355039618360 -1 ERR|0+/-0
node-1 node-2 24 44 15 1200 147 19.47651478216666666666 .11572549179539363525 .002 .42708718354000000000 .13875313187087237653 .00047169811320754716 8.31816984349073828553 .00922665871191974511 -1 ERR|0+/-0
node-1 node-2 24 44 15 1200 872 19.47684069110666666666 .11592170603927581555 .002 .42725557588666666666 .13920050918139155908 .00047169811320754716 8.32158878593164166564 .00922684296639351286 -1 ERR|0+/-0
node-1 node-2 24 44 15 1200 922 19.47642919102000000000 .11573689080894359225 .002 .42700016097666666666 .13902408073741818293 .00047169811320754716 8.31643839981618973963 .00922660240113839954 -1 ERR|0+/-0
node-1 node-2 24 44 15 1200 1172 19.47657157850666666666 .11582620352074391516 .002 .42703012531000000000 .13864825249115869606 .00047169811320754716 8.31708280177888636933 .00922667482379064175 0 ERR|0+/-0
node-1 node-2 24 44 15 1200 972 19.47673002594000000000 .11580808209686053811 .002 .42711412863333333333 .13909869804068755376 .00047169811320754716 8.31878657365604283001 .00922676479507169186 -1 ERR|0+/-0
node-1 node-2 24 44 15 1200 472 19.47670768790666666666 .11543734636856716341 .002 .42713421685000000000 .13902919061474099670 .00047169811320754716 8.31916828509038828255 .00922675802320578904 -1 ERR|0+/-0
node-1 node-2 24 44 15 1200 1347 19.47658544356666666666 .11577147762070047195 .002 .42727174112666666666 .13892865053143840117 .00047169811320754716 8.32179457367502107228 .00922672607832337515 -1 ERR|0+/-0
node-1 node-2 24 44 15 1200 772 19.47655955912000000000 .11583964104496360290 .002 .42717699055666666666 .13914744989515818852 .00047169811320754716 8.31993809886256013658 .00922669637220484783 -1 ERR|0+/-0
node-1 node-2 24 44 15 1200 222 19.47666810355333333333 .11569800372073080807 .002 .42706314732666666666 .13897372701736758549 .00047169811320754716 8.31776717974038666270 .00922672627251855998 -1 ERR|0+/-0
node-1 node-2 24 44 15 1200 422 19.47672509321333333333 .11563780600541461224 .002 .42730893525000000000 .13884526066404284600 .00047169811320754716 8.32257866173794646776 .00922679855747156268 0 ERR|0+/-0
node-1 node-2 24 44 15 1200 447 19.47674546564666666666 .11575165408534940162 .002 .42729156803000000000 .13872475360339056298 .00047169811320754716 8.32224911013735669793 .00922680490864479750 -1 ERR|0+/-0
node-1 node-2 24 44 15 1200 72 19.47672373038666666666 .11581206313535437375 .002 .42728775158333333333 .13891714771800512378 .00047169811320754716 8.32216549096667133637 .00922679399328002933 -1 ERR|0+/-0
node-1 node-2 24 44 15 1200 572 19.47677961516000000000 .11546643340327572337 .002 .42709448692000000000 .13886680651800291641 .00047169811320754716 8.31842519659067525370 .00922678444892220455 -1 ERR|0+/-0
node-1 node-2 12 44 15 600 1447 19.47643597454666666666 .11456570447609295698 .002 .41862115920666666666 .13682262058068096285 .00047169811320754716 8.15324820487915020086 .00922506958300119544 0 ERR|0+/-0
node-1 node-2 12 44 15 600 172 19.47637824379333333333 .11438783106446444423 .002 .41701016171333333333 .13709113078926751777 .00047169811320754716 8.12184764103430499789 .00922475060155316773 -1 ERR|0+/-0
node-1 node-2 12 44 15 600 797 19.47640395962000000000 .11458487221573016952 .002 .41696009417333333333 .13729624984378027526 .00047169811320754716 8.12088322916103742388 .00922475362920462499 -1 ERR|0+/-0
node-1 node-2 12 44 15 600 622 19.47651375440000000000 .11489861451117909772 .002 .41706379728666666666 .13738392301855129071 .00047169811320754716 8.12294878431605673293 .00922482395892888787 -1 ERR|0+/-0
node-1 node-2 12 44 15 600 597 19.47656250185333333333 .11432515072411650606 .002 .41691570939333333333 .13711771620988280035 .00047169811320754716 8.12008487200377753134 .00922482008277356323 -1 ERR|0+/-0
node-1 node-2 12 44 15 600 297 19.47645078382000000000 .11435627020484160321 .002 .41698106544666666666 .13718312675518897247 .00047169811320754716 8.12131119895682971827 .00922477941736010780 -1 ERR|0+/-0
node-1 node-2 12 44 15 600 1022 19.47669300267333333333 .11446176003625164788 .002 .41729178256666666666 .13714767808443739471 .00047169811320754716 8.12746394158927873193 .00922494940424202326 0 ERR|0+/-0
node-1 node-2 12 44 15 600 497 19.47661516361333333333 .11440912049304316997 .002 .41688387305666666666 .13722588377713936264 .00047169811320754716 8.11948676344132993358 .00922483906640184590 -1 ERR|0+/-0
node-1 node-2 12 44 15 600 1222 19.47655781986000000000 .11465305527849692628 .002 .41693739936666666666 .13717349377552995343 .00047169811320754716 8.12050536602694347795 .00922482180454186280 -1 ERR|0+/-0
node-1 node-2 12 44 15 600 1472 19.47635900253333333333 .11454829026725106070 .002 .41706605767666666666 .13716294645283379935 .00047169811320754716 8.12292826708203326931 .00922475167057652614 -1 ERR|0+/-0
node-1 node-2 12 44 15 600 722 19.47632163065333333333 .11432889816405133644 .002 .41837637844000000000 .13713251552611176719 .00047169811320754716 8.14843290916537689111 .00922497145114096328 -1 ERR|0+/-0
node-1 node-2 12 44 15 600 97 19.47648518044000000000 .11446775179330920820 .002 .41689659079000000000 .13741329988660209592 .00047169811320754716 8.11968027229739399214 .00922478030351513032 -1 ERR|0+/-0
node-1 node-2 12 44 15 600 247 19.47649512374666666666 .11439756793012391013 .002 .41700670204666666666 .13718705255642944313 .00047169811320754716 8.12182899898158245580 .00922480488223745196 0 ERR|0+/-0
node-1 node-2 12 44 15 600 547 19.47644367224000000000 .11494733763234746008 .002 .41698791371000000000 .13691425638513178226 .00047169811320754716 8.12144161337768864241 .00922477731481659507 -1 ERR|0+/-0
node-1 node-2 12 44 15 600 672 19.47631314936666666666 .11435884940351407968 .002 .41694476209333333333 .13719974610824944103 .00047169811320754716 8.12054675251794451127 .00922470819755720132 -1 ERR|0+/-0
node-1 node-2 12 44 15 600 1122 19.47643572252000000000 .11487975811564156435 .002 .41707818657666666666 .13694517290453809682 .00047169811320754716 8.12319649212565221524 .00922478990449290124 -1 ERR|0+/-0
node-1 node-2 12 44 15 600 1247 19.47655341885333333333 .11432507171776824557 .002 .41846629967333333333 .13703288031615724244 .00047169811320754716 8.15028123957756385910 .00922509664869530892 -1 ERR|0+/-0
node-1 node-2 12 44 15 600 1272 19.47626321717333333333 .11467576827507672730 .002 .41689141610000000000 .13690779662952942027 .00047169811320754716 8.11948695294373277248 .00922467509697756455 -1 ERR|0+/-0
node-1 node-2 12 44 15 600 322 19.47630643996666666666 .11450630488577048061 .002 .41710574561000000000 .13741620758304429622 .00047169811320754716 8.12367931937114120354 .00922473415626487308 0 ERR|0+/-0
node-1 node-2 12 44 15 600 1147 19.47642603764000000000 .11466049329249537473 .002 .41699838899666666666 .13713184179707540528 .00047169811320754716 8.12163828110861194170 .00922477092475646031 -1 ERR|0+/-0
node-1 node-2 12 44 15 600 272 19.47663580660666666666 .11428482244148193954 .002 .41701503477333333333 .13746732506507546780 .00047169811320754716 8.12204995815962821500 .00922487247703730590 -1 ERR|0+/-0
node-1 node-2 12 44 15 600 1097 19.47643886812000000000 .11472779275058570449 .002 .41700722181666666666 .13707041353652115154 .00047169811320754716 8.12181566327686510335 .00922477854922289719 -1 ERR|0+/-0
node-1 node-2 12 44 15 600 997 19.47629662551333333333 .11473336453314105636 .002 .41686322084666666666 .13711619001723233003 .00047169811320754716 8.11895174147655342907 .00922468569438427045 -1 ERR|0+/-0
node-1 node-2 12 44 15 600 697 19.47633486908666666666 .11476429446913825889 .002 .41701815963333333333 .13709690818748794485 .00047169811320754716 8.12198532350903982846 .00922473167179777647 -1 ERR|0+/-0
node-1 node-2 12 44 15 600 1322 19.47642857178666666666 .11432709756484300782 .002 .41718960664666666666 .13742937618565278592 .00047169811320754716 8.12536357474557932567 .00922480669843503712 0 ERR|0+/-0
node-1 node-2 12 44 15 600 1397 19.47639475046000000000 .11467387074282920646 .002 .41697112614333333333 .13715093974897868442 .00047169811320754716 8.12109425231141179879 .00922475129766062094 -1 ERR|0+/-0
node-1 node-2 12 44 15 600 1072 19.47625588889333333333 .11458567813655006981 .002 .41688197886666666666 .13714988536821898645 .00047169811320754716 8.11930009587542280125 .00922466994841905983 -1 ERR|0+/-0
node-1 node-2 12 44 15 600 1297 19.47642059697333333333 .11467561916654934839 .002 .41705715310333333333 .13721607886657128597 .00047169811320754716 8.12278052681682227854 .00922477899519726000 -1 ERR|0+/-0
node-1 node-2 12 44 15 600 1047 19.47629901076666666666 .11423869095431921102 .002 .41697390937333333333 .13740876572893326142 .00047169811320754716 8.12110853864336171751 .00922470682557371196 -1 ERR|0+/-0
node-1 node-2 12 44 15 600 397 19.47639521367333333333 .11466461771497312867 .002 .41714109322333333333 .13732426120057850269 .00047169811320754716 8.12440479148139107594 .00922478225243374132 -1 ERR|0+/-0
node-1 node-2 12 44 15 600 647 19.47656653530666666666 .11462933454725901556 .002 .41727777058333333333 .13720758433874456041 .00047169811320754716 8.12713826247072261166 .00922488745914908600 0 ERR|0+/-0
node-1 node-2 12 44 15 600 747 19.47640308123333333333 .11427510213245297765 .002 .41839248377000000000 .13695251513356113344 .00047169811320754716 8.14878066006289540824 .00922501263456838090 -1 ERR|0+/-0
node-1 node-2 12 44 15 600 947 19.47642953336000000000 .11460590738447708176 .002 .41697896718000000000 .13740156784696201391 .00047169811320754716 8.12126147117450215512 .00922476905521927849 -1 ERR|0+/-0
node-1 node-2 12 44 15 600 522 19.47649419558000000000 .11443096268079184214 .002 .41708101413333333333 .13717553575596330325 .00047169811320754716 8.12327595085448661079 .00922481788449620126 -1 ERR|0+/-0
node-1 node-2 12 44 15 600 1197 19.47646181283333333333 .11464391422573288351 .002 .41714208384333333333 .13744336486629665426 .00047169811320754716 8.12445186650040226058 .00922481371757552836 0 ERR|0+/-0
node-1 node-2 12 44 15 600 122 19.47644008647333333333 .11464522099229275592 .002 .41699111690666666666 .13739675264414406824 .00047169811320754716 8.12150250502429078251 .00922477620952265865 -1 ERR|0+/-0
node-1 node-2 12 44 15 600 847 19.47651793802000000000 .11469784540472664619 .002 .41716843859333333333 .13738482797202704784 .00047169811320754716 8.12498857743885152258 .00922484485036632689 -1 ERR|0+/-0
node-1 node-2 12 44 15 600 897 19.47642720242000000000 .11429652932864760172 .002 .41694378846333333333 .13702207305882568407 .00047169811320754716 8.12057534350731550401 .00922476159987892966 -1 ERR|0+/-0
node-1 node-2 12 44 15 600 1422 19.47663446461333333333 .11459418908560911436 .002 .41718439455333333333 .13745125961832653649 .00047169811320754716 8.12534795705629898133 .00922490247676257442 0 ERR|0+/-0
node-1 node-2 12 44 15 600 372 19.47637173241333333333 .11466839352521886717 .002 .41706579625333333333 .13725588929503244156 .00047169811320754716 8.12292848470488003982 .00922475760336092950 -1 ERR|0+/-0
node-1 node-2 12 44 15 600 347 19.47645124888000000000 .11459615666163810809 .002 .41686489287000000000 .13718779653254566363 .00047169811320754716 8.11904876335213890748 .00922475863367086369 -1 ERR|0+/-0
node-1 node-2 12 44 15 600 822 19.47645893762000000000 .11479896576782716499 .002 .41718813626000000000 .13734475129824475312 .00047169811320754716 8.12534760513010740010 .00922482069723935555 -1 ERR|0+/-0
node-1 node-2 12 44 15 600 1372 19.47624184519333333333 .11500669934972822829 .002 .41707004364000000000 .13725398025914883758 .00047169811320754716 8.12295703631797765756 .00922469735492550346 0 ERR|0+/-0
node-1 node-2 12 44 15 600 197 19.47643266403333333333 .11454871749666104472 .002 .41689019176333333333 .13708568806826895494 .00047169811320754716 8.11953374817450543051 .00922475447625991669 -1 ERR|0+/-0
node-1 node-2 12 44 15 600 147 19.47658669669333333333 .11430535078164140536 .002 .41688460045666666666 .13728323771571649580 .00047169811320754716 8.11948906331062951402 .00922482582505758099 -1 ERR|0+/-0
node-1 node-2 12 44 15 600 872 19.47655568000666666666 .11451310966096620537 .002 .41707260253666666666 .13728589381778136902 .00047169811320754716 8.12313776591067805881 .00922484524653696453 -1 ERR|0+/-0
node-1 node-2 12 44 15 600 922 19.47620959271333333333 .11461149814534116498 .002 .41690474118000000000 .13741238871435787015 .00047169811320754716 8.11972411941758544726 .00922465231480706539 0 ERR|0+/-0
node-1 node-2 12 44 15 600 1172 19.47654847991333333333 .11440110970180464062 .002 .41696597930333333333 .13749842049879820535 .00047169811320754716 8.12105811037591124066 .00922482258406968876 -1 ERR|0+/-0
node-1 node-2 12 44 15 600 972 19.47635582069333333333 .11465395265759657106 .002 .41708125190333333333 .13729334947098093593 .00047169811320754716 8.12322286820954857865 .00922475292373011365 -1 ERR|0+/-0
node-1 node-2 12 44 15 600 472 19.47646147804666666666 .11466643614803348818 .002 .41705884839333333333 .13741995431634404054 .00047169811320754716 8.12283059481126160487 .00922479850630986682 -1 ERR|0+/-0
node-1 node-2 12 44 15 600 1347 19.47631839852000000000 .11449152912934914181 .002 .41731112691666666666 .13728663557296008202 .00047169811320754716 8.12768437907418979870 .00922477692912665070 0 ERR|0+/-0
node-1 node-2 12 44 15 600 772 19.47632854161333333333 .11462627960083248475 .002 .41712735110666666666 .13722173764174502017 .00047169811320754716 8.12410933384633804392 .00922474844660769652 -1 ERR|0+/-0
node-1 node-2 12 44 15 600 222 19.47643762336666666666 .11467945108857683772 .002 .41685569993000000000 .13752186481943205055 .00047169811320754716 8.11886403763149755636 .00922475057115463312 -1 ERR|0+/-0
node-1 node-2 12 44 15 600 422 19.47643230242666666666 .11467825630039953267 .002 .41689329175000000000 .13734037800945802406 .00047169811320754716 8.11959397410468457964 .00922475486677619797 -1 ERR|0+/-0
node-1 node-2 12 44 15 600 447 19.47640007547333333333 .11475909450308593150 .002 .41734078290666666666 .13745045449764312259 .00047169811320754716 8.12829605570150268844 .00922482066446498080 0 ERR|0+/-0
node-1 node-2 12 44 15 600 72 19.47628132491333333333 .11475398247434138784 .002 .41697728676333333333 .13744397024353378718 .00047169811320754716 8.12116694310174066316 .00922469912801073474 -1 ERR|0+/-0
node-1 node-2 12 44 15 600 572 19.47641028724000000000 .11445143107741209921 .002 .41845153818000000000 .13704692915565324307 .00047169811320754716 8.14993384292035362682 .00922502673380858934 -1 ERR|0+/-0
node-1 node-2 48 44 15 2400 1447 19.47710695486000000000 .11789905312670531770 .002 .44730295891000000000 .14032156850427809389 .00047169811320754716 8.71216757191541780480 .00923076753755376183 0 ERR|0+/-0
node-1 node-2 48 44 15 2400 172 19.47706730845333333333 .11791725683725704480 .002 .44735905720333333333 .14014189094382185768 .00047169811320754716 8.71324246819554834782 .00923075979875598268 -1 ERR|0+/-0
node-1 node-2 48 44 15 2400 797 19.47715485470000000000 .11811088088524768173 .002 .44744833645666666666 .14011273219835294657 .00047169811320754716 8.71502053864440416271 .00923081820864681041 -1 ERR|0+/-0
node-1 node-2 48 44 15 2400 622 19.47714867366000000000 .11825532738772352711 .002 .44742319389000000000 .14003438106895179382 .00047169811320754716 8.71452806743933451593 .00923081043195570504 -1 ERR|0+/-0
node-1 node-2 48 44 15 2400 597 19.47691363402666666666 .11810115841553254561 .002 .44722881391000000000 .13975999694062582509 .00047169811320754716 8.71063698317325395064 .00923066240716489750 0 ERR|0+/-0
node-1 node-2 48 44 15 2400 297 19.47707915216000000000 .11800654014124508552 .002 .44743913775333333333 .13981733596438742263 .00047169811320754716 8.71480750179589504714 .00923078088455010180 -1 ERR|0+/-0
node-1 node-2 48 44 15 2400 1022 19.47719433301333333333 .11781816498469126123 .002 .44747889649000000000 .14006096854468377522 .00047169811320754716 8.71563342685808797645 .00923084266834896065 -1 ERR|0+/-0
node-1 node-2 48 44 15 2400 497 19.47705768882000000000 .11789461705914517881 .002 .44746725074666666666 .14016726921348032258 .00047169811320754716 8.71534545665051088585 .00923077625902610424 -1 ERR|0+/-0
node-1 node-2 48 44 15 2400 1222 19.47713561449333333333 .11758374332870813668 .002 .44728737555666666666 .14009079842160264163 .00047169811320754716 8.71187687236800718026 .00923077797212550064 0 ERR|0+/-0
node-1 node-2 48 44 15 2400 1472 19.47715526099333333333 .11806726204150963710 .002 .44767487479666666666 .13982078504986993048 .00047169811320754716 8.71943304286042797263 .00923086233466066484 -1 ERR|0+/-0
node-1 node-2 48 44 15 2400 722 19.47694429042666666666 .11804604184651889932 .002 .44887174218333333333 .13977997851662129555 .00047169811320754716 8.74264991605154490976 .00923099578029995093 -1 ERR|0+/-0
node-1 node-2 48 44 15 2400 97 19.47733924918000000000 .11775052615407670100 .002 .44731917658333333333 .14025036572035121541 .00047169811320754716 8.71258735497743750430 .00923087973806141404 -1 ERR|0+/-0
node-1 node-2 48 44 15 2400 247 19.47712092758000000000 .11810237633414232550 .002 .44760365001000000000 .14020854034559157266 .00047169811320754716 8.71803041887096487627 .00923083240014994151 0 ERR|0+/-0
node-1 node-2 48 44 15 2400 547 19.47709749713333333333 .11806665140881050133 .002 .44749419798000000000 .14042414608620286728 .00047169811320754716 8.71588812345794634912 .00923080017335090891 -1 ERR|0+/-0
node-1 node-2 48 44 15 2400 672 19.47701249936666666666 .11793309532110034315 .002 .44746028210333333333 .13991140631608301977 .00047169811320754716 8.71518950749675811293 .00923075369243327334 -1 ERR|0+/-0
node-1 node-2 48 44 15 2400 1122 19.47712193004000000000 .11788751963826776154 .002 .44903263316333333333 .13978666296219795141 .00047169811320754716 8.74586334668916624382 .00923111047495571412 -1 ERR|0+/-0
node-1 node-2 48 44 15 2400 1247 19.47684426460666666666 .11803564059117382762 .002 .44753868203666666666 .14003624728875933084 .00047169811320754716 8.71664121241547780464 .00923068991342218200 -1 ERR|0+/-0
node-1 node-2 48 44 15 2400 1272 19.47710424543333333333 .11824595928196694273 .002 .44761684647666666666 .14040872787088568893 .00047169811320754716 8.71827998083816492679 .00923082712793411270 -1 ERR|0+/-0
node-1 node-2 48 44 15 2400 322 19.47715907670666666666 .11797045974821821232 .002 .44767175338000000000 .14021156012712279035 .00047169811320754716 8.71937395473045538259 .00923086352051586775 -1 ERR|0+/-0
node-1 node-2 48 44 15 2400 1147 19.47716194858000000000 .11814690665851538027 .002 .44769726690000000000 .14027172237289009602 .00047169811320754716 8.71987217134794433600 .00923086981826983680 0 ERR|0+/-0
node-1 node-2 48 44 15 2400 272 19.47699438529333333333 .11760787282607503211 .002 .44751966303333333333 .14005844646584704121 .00047169811320754716 8.71633796420859783559 .00923075670302618527 -1 ERR|0+/-0
node-1 node-2 48 44 15 2400 1097 19.47702576094666666666 .11800785595078199635 .002 .44753710732666666666 .14004639583243925752 .00047169811320754716 8.71669176838103986306 .00923077481607850349 -1 ERR|0+/-0
node-1 node-2 48 44 15 2400 997 19.47690762742666666666 .11828059895830195794 .002 .44765608310000000000 .14007043857523412702 .00047169811320754716 8.71895617939433573248 .00923074243177008920 -1 ERR|0+/-0
node-1 node-2 48 44 15 2400 697 19.47695020743333333333 .11803077098865633801 .002 .44764888717000000000 .13975911898989541601 .00047169811320754716 8.71883508582303232862 .00923076102609376460 -1 ERR|0+/-0
node-1 node-2 48 44 15 2400 1322 19.47702732802000000000 .11800851054956953103 .002 .44762846463333333333 .13988527141781289516 .00047169811320754716 8.71847183846306740229 .00923079327073333768 -1 ERR|0+/-0
node-1 node-2 48 44 15 2400 1397 19.47713771272000000000 .11811081167364060389 .002 .44760913276666666666 .14000083034746936675 .00047169811320754716 8.71814472036753680532 .00923084134379059729 -1 ERR|0+/-0
node-1 node-2 48 44 15 2400 1072 19.47709502827333333333 .11818695200424064066 .002 .44760123851333333333 .14002040040784004492 .00047169811320754716 8.71797185729703111683 .00923081977334747609 0 ERR|0+/-0
node-1 node-2 48 44 15 2400 1297 19.47719597469333333333 .11794684390862775260 .002 .44765971776666666666 .14023874581853062261 .00047169811320754716 8.71915605291727367558 .00923087850841950524 -1 ERR|0+/-0
node-1 node-2 48 44 15 2400 1047 19.47731484551333333333 .11812886418657908707 .002 .44762150975333333333 .14000547284988994768 .00047169811320754716 8.71846507708969066317 .00923092690382823310 -1 ERR|0+/-0
node-1 node-2 48 44 15 2400 397 19.47704700808000000000 .11806191016003362191 .002 .44757642965333333333 .13974214341062937911 .00047169811320754716 8.71746716006658459153 .00923079241728895342 -1 ERR|0+/-0
node-1 node-2 48 44 15 2400 647 19.47706341080000000000 .11793822859427863735 .002 .44892107079000000000 .13999269933564166534 .00047169811320754716 8.74366416222106565053 .00923106129799312837 -1 ERR|0+/-0
node-1 node-2 48 44 15 2400 747 19.47708935958000000000 .11790421944766017333 .002 .44782961146000000000 .13999490126962972707 .00047169811320754716 8.72241736027241162878 .00923086141834262237 -1 ERR|0+/-0
node-1 node-2 48 44 15 2400 947 19.47714425860000000000 .11812102511257216840 .002 .44748802459333333333 .13999052920364716904 .00047169811320754716 8.71578880900029793310 .00923082092963390932 -1 ERR|0+/-0
node-1 node-2 48 44 15 2400 522 19.47701508787333333333 .11797574898591337572 .002 .44761032263666666666 .14014642761234793811 .00047169811320754716 8.71811300748220730102 .00923078400532985767 0 ERR|0+/-0
node-1 node-2 48 44 15 2400 1197 19.47694846172666666666 .11800717700862859086 .002 .44765320664666666666 .13995874968645391246 .00047169811320754716 8.71891843458380396747 .00923076104443155921 -1 ERR|0+/-0
node-1 node-2 48 44 15 2400 122 19.47726680095333333333 .11796027216761299622 .002 .44758203454666666666 .13961116531993931641 .00047169811320754716 8.71767470217893859013 .00923089669159799502 -1 ERR|0+/-0
node-1 node-2 48 44 15 2400 847 19.47703801883333333333 .11821649263687963314 .002 .44764256786000000000 .14040567809821689123 .00047169811320754716 8.71875131305740037469 .00923080102546653802 -1 ERR|0+/-0
node-1 node-2 48 44 15 2400 897 19.47719043548666666666 .11814030135315706088 .002 .44737858749666666666 .13995494736085015197 .00047169811320754716 8.71367794543161084016 .00923082139019617094 -1 ERR|0+/-0
node-1 node-2 48 44 15 2400 1422 19.47697894855333333333 .11804353923255227605 .002 .44769712828333333333 .14008550487714815314 .00047169811320754716 8.71978754290226445685 .00923078387767041158 -1 ERR|0+/-0
node-1 node-2 48 44 15 2400 372 19.47710586928000000000 .11811462697506705134 .002 .44755613930666666666 .14001353921989876590 .00047169811320754716 8.71709830772217464303 .00923081611594873121 -1 ERR|0+/-0
node-1 node-2 48 44 15 2400 347 19.47704486623333333333 .11804615138467650292 .002 .44764870912333333333 .13986922348469741708 .00047169811320754716 8.71887399190659822620 .00923080543142099274 0 ERR|0+/-0
node-1 node-2 48 44 15 2400 822 19.47709772826666666666 .11796231854486930153 .002 .44751228314333333333 .14005972066083891947 .00047169811320754716 8.71624047338244697378 .00923080378888992635 -1 ERR|0+/-0
node-1 node-2 48 44 15 2400 1372 19.47698002997333333333 .11842659409735072926 .002 .44771859536000000000 .13998693604527101588 .00047169811320754716 8.72020614087443149825 .00923078855011847349 -1 ERR|0+/-0
node-1 node-2 48 44 15 2400 197 19.47724327961333333333 .11784403381007776674 .002 .44752948399333333333 .13980548252925307903 .00047169811320754716 8.71664063453797449758 .00923087545734376485 -1 ERR|0+/-0
node-1 node-2 48 44 15 2400 147 19.47711216660000000000 .11813147749749187929 .002 .44768849533666666666 .13980106664227864888 .00047169811320754716 8.71967903936863769629 .00923084474526519755 -1 ERR|0+/-0
node-1 node-2 48 44 15 2400 872 19.47692005148000000000 .11816619662075203302 .002 .44785521112000000000 .14002419904638372999 .00047169811320754716 8.72284014162293666845 .00923078690084978237 -1 ERR|0+/-0
node-1 node-2 48 44 15 2400 922 19.47730834542666666666 .11788859487581425800 .002 .44764091535000000000 .13982201873073213321 .00047169811320754716 8.71884013630098705296 .00923092761631118034 -1 ERR|0+/-0
node-1 node-2 48 44 15 2400 1172 19.47689496406666666666 .11787219779929484673 .002 .44752063679000000000 .13983112415654764176 .00047169811320754716 8.71631243701105883467 .00923071021603674220 0 ERR|0+/-0
node-1 node-2 48 44 15 2400 972 19.47701437910000000000 .11804298530194871278 .002 .44756477713333333333 .14013594236739364946 .00047169811320754716 8.71722559980462021118 .00923077483882827628 -1 ERR|0+/-0
node-1 node-2 48 44 15 2400 472 19.47690881247333333333 .11779657791600261996 .002 .44767143225666666666 .13999322652046281367 .00047169811320754716 8.71925566401242985688 .00923074596567330575 -1 ERR|0+/-0
node-1 node-2 48 44 15 2400 1347 19.47704548930666666666 .11793055738110257218 .002 .44759723341000000000 .14017961782940543610 .00047169811320754716 8.71787167601438373906 .00923079573923017321 -1 ERR|0+/-0
node-1 node-2 48 44 15 2400 772 19.47684657713333333333 .11798789420967976530 .002 .44767948445666666666 .13951004620978540812 .00047169811320754716 8.71938463449264346929 .00923071830987888450 -1 ERR|0+/-0
node-1 node-2 48 44 15 2400 222 19.47697397796666666666 .11806795663004868477 .002 .44762093323000000000 .13978407288717597260 .00047169811320754716 8.71830126851386479116 .00923076676337685124 -1 ERR|0+/-0
node-1 node-2 48 44 15 2400 422 19.47702928832000000000 .11806814218295709831 .002 .44738973740000000000 .13984198103010615359 .00047169811320754716 8.71382301863359368716 .00923074789692230517 -1 ERR|0+/-0
node-1 node-2 48 44 15 2400 447 19.47701011026000000000 .11796983318917221529 .002 .44745821915000000000 .13994084699107487015 .00047169811320754716 8.71514825830348474347 .00923075217079953403 0 ERR|0+/-0
node-1 node-2 48 44 15 2400 72 19.47711368628000000000 .11765580385430918086 .002 .44893288560333333333 .13983181095033039330 .00047169811320754716 8.74391685040585724179 .00923108719871935669 -1 ERR|0+/-0
node-1 node-2 48 44 15 2400 572 19.47695120800666666666 .11781307067008081170 .002 .44759171555333333333 .13982766448004172836 .00047169811320754716 8.71772200494027199979 .00923075040631144733 -1 ERR|0+/-0
node-1 node-2 6 44 15 300 1447 19.47625293657333333333 .11367014771530009078 .002 .41227123233333333333 .13585607240726999483 .00047169811320754716 8.02949879939679030380 .00922383965648965626 0 ERR|0+/-0
node-1 node-2 6 44 15 300 172 19.47635636980666666666 .11404175552411014349 .002 .41224302508666666666 .13636499943938751642 .00047169811320754716 8.02899206755506981708 .00922388320758535515 -1 ERR|0+/-0
node-1 node-2 6 44 15 300 797 19.47621147310000000000 .11380590765513903562 .002 .41220460536666666666 .13609071501558427788 .00047169811320754716 8.02818406430693116550 .00922380826557163426 -1 ERR|0+/-0
node-1 node-2 6 44 15 300 622 19.47615461506000000000 .11412359068590094970 .002 .41215560941000000000 .13610080642659648109 .00047169811320754716 8.02720637433343826371 .00922377279521236364 -1 ERR|0+/-0
node-1 node-2 6 44 15 300 597 19.47643366882666666666 .11396214647679381767 .002 .41216597206666666666 .13626355079840930701 .00047169811320754716 8.02752321550389807730 .00922390574984176320 -1 ERR|0+/-0
node-1 node-2 6 44 15 300 297 19.47638797228666666666 .11380336842387543042 .002 .41223169388000000000 .13593237586950604377 .00047169811320754716 8.02878440447979109693 .00922389602907282178 -1 ERR|0+/-0
node-1 node-2 6 44 15 300 1022 19.47638599381333333333 .11396615272130561559 .002 .41210620850666666666 .13608746772911416048 .00047169811320754716 8.02633958732275982990 .00922387267032688770 -1 ERR|0+/-0
node-1 node-2 6 44 15 300 497 19.47642986990000000000 .11369384136663232789 .002 .41221944491666666666 .13625682199068179433 .00047169811320754716 8.02856310992856438287 .00922391352332094882 0 ERR|0+/-0
node-1 node-2 6 44 15 300 1222 19.47629613773333333333 .11412419424212933986 .002 .41226063555666666666 .13617242745937936381 .00047169811320754716 8.02931022403179631054 .00922385805829473126 -1 ERR|0+/-0
node-1 node-2 6 44 15 300 1472 19.47642405384000000000 .11383388096916621826 .002 .41337241867333333333 .13607985870773910760 .00047169811320754716 8.05101651824332851464 .00922411718383197362 -1 ERR|0+/-0
node-1 node-2 6 44 15 300 722 19.47652057826000000000 .11380432673162222451 .002 .41220793049666666666 .13615915612513129228 .00047169811320754716 8.02837624084029615553 .00922395408073768058 -1 ERR|0+/-0
node-1 node-2 6 44 15 300 97 19.47657516588000000000 .11403478172421178787 .002 .41212950749000000000 .13620756710888407770 .00047169811320754716 8.02687133070608945244 .00922396570938816315 -1 ERR|0+/-0
node-1 node-2 6 44 15 300 247 19.47622631430666666666 .11383052483048007944 .002 .41202695939666666666 .13600293493033632662 .00047169811320754716 8.02473030880512383130 .00922378348951026657 0 ERR|0+/-0
node-1 node-2 6 44 15 300 547 19.47634381871333333333 .11411209742544809573 .002 .41214098257000000000 .13623828776255152921 .00047169811320754716 8.02699947831565915315 .00922385907083975183 -1 ERR|0+/-0
node-1 node-2 6 44 15 300 672 19.47617817116666666666 .11399655505796619865 .002 .41216052699333333333 .13598404604014032219 .00047169811320754716 8.02731185884410835029 .00922378474107764670 -1 ERR|0+/-0
node-1 node-2 6 44 15 300 1122 19.47616639260000000000 .11396207055923366466 .002 .41211430692666666666 .13590447659946936151 .00047169811320754716 8.02640681447478672594 .00922377094654750736 -1 ERR|0+/-0
node-1 node-2 6 44 15 300 1247 19.47633578494666666666 .11430499015650559509 .002 .41220742457000000000 .13613104599945858786 .00047169811320754716 8.02829021397339484147 .00922386717250385821 -1 ERR|0+/-0
node-1 node-2 6 44 15 300 1272 19.47637286454000000000 .11372046849375002482 .002 .41191275334000000000 .13584962744249456737 .00047169811320754716 8.02256637170913425256 .00922383193714469680 0 ERR|0+/-0
node-1 node-2 6 44 15 300 322 19.47636715906000000000 .11388670694910531251 .002 .41203034561000000000 .13613754049221835155 .00047169811320754716 8.02485429177474564272 .00922385026509743923 -1 ERR|0+/-0
node-1 node-2 6 44 15 300 1147 19.47647700261333333333 .11417869687407953326 .002 .41208470539000000000 .13618714484156830751 .00047169811320754716 8.02595828765702572675 .00922391158451325898 -1 ERR|0+/-0
node-1 node-2 6 44 15 300 272 19.47628375455333333333 .11386585172922021690 .002 .41211560159333333333 .13612436595325236889 .00047169811320754716 8.02648039631021181418 .00922382631587327266 -1 ERR|0+/-0
node-1 node-2 6 44 15 300 1097 19.47633678714666666666 .11401104571861882962 .002 .41212640517000000000 .13633136519447796012 .00047169811320754716 8.02671266596698319487 .00922385316198536521 -1 ERR|0+/-0
node-1 node-2 6 44 15 300 997 19.47640554793333333333 .11407432601092420458 .002 .41191826249333333333 .13613907887635593074 .00047169811320754716 8.02268713292021642878 .00922384827632971421 0 ERR|0+/-0
node-1 node-2 6 44 15 300 697 19.47647961965333333333 .11389477567070940945 .002 .41215083103666666666 .13611222437475552548 .00047169811320754716 8.02724726090882285117 .00922392463180560793 -1 ERR|0+/-0
node-1 node-2 6 44 15 300 1322 19.47601641096666666666 .11389942544782171788 .002 .41344509725000000000 .13589260516772735713 .00047169811320754716 8.05226349907470946650 .00922393870293592584 -1 ERR|0+/-0
node-1 node-2 6 44 15 300 1397 19.47629516108000000000 .11405826392419834026 .002 .41203340426333333333 .13611129635504851314 .00047169811320754716 8.02488419765727844200 .00922381698611764250 -1 ERR|0+/-0
node-1 node-2 6 44 15 300 1072 19.47630007588666666666 .11403922069549185291 .002 .41176705910000000000 .13611690541409703562 .00047169811320754716 8.01969880439695955823 .00922377171923404281 -1 ERR|0+/-0
node-1 node-2 6 44 15 300 1297 19.47628821352666666666 .11401299283613029452 .002 .41203075041333333333 .13615279035860100432 .00047169811320754716 8.02482964788575173985 .00922381324788000030 0 ERR|0+/-0
node-1 node-2 6 44 15 300 1047 19.47650921926666666666 .11393858413143007092 .002 .41194329392333333333 .13583352340548265738 .00047169811320754716 8.02321736191287989085 .00922390145398215212 -1 ERR|0+/-0
node-1 node-2 6 44 15 300 397 19.47626179129333333333 .11389111004821767141 .002 .41182324742666666666 .13597636679779656401 .00047169811320754716 8.02077737862232856027 .00922376376670870403 -1 ERR|0+/-0
node-1 node-2 6 44 15 300 647 19.47624997657333333333 .11393503100979854124 .002 .41200548750666666666 .13624744712819429707 .00047169811320754716 8.02432186639980144587 .00922379076982556288 -1 ERR|0+/-0
node-1 node-2 6 44 15 300 747 19.47625397296666666666 .11389304862700776072 .002 .41165288733333333333 .13616957619322157169 .00047169811320754716 8.01745618240903294568 .00922372967478489961 -1 ERR|0+/-0
node-1 node-2 6 44 15 300 947 19.47637359082666666666 .11411561145383872844 .002 .41179132124666666666 .13627644907867665826 .00047169811320754716 8.02020161406019870096 .00922381059014881820 0 ERR|0+/-0
node-1 node-2 6 44 15 300 522 19.47642840393333333333 .11388990911654362383 .002 .41207094727666666666 .13607248141919780603 .00047169811320754716 8.02567030197498571649 .00922388629372094276 -1 ERR|0+/-0
node-1 node-2 6 44 15 300 1197 19.47626493552666666666 .11402965515011532310 .002 .41194964539666666666 .13591252911932915384 .00047169811320754716 8.02324043384174331232 .00922378782104715047 -1 ERR|0+/-0
node-1 node-2 6 44 15 300 122 19.47632684598666666666 .11383655437335600658 .002 .41189344455000000000 .13586802584544152325 .00047169811320754716 8.02217135177508547670 .00922380686798024408 -1 ERR|0+/-0
node-1 node-2 6 44 15 300 847 19.47625391294000000000 .11393401878225113090 .002 .41201344544000000000 .13605623144244634071 .00047169811320754716 8.02447847893469119999 .00922379404104170140 -1 ERR|0+/-0
node-1 node-2 6 44 15 300 897 19.47642817090000000000 .11409706075681633294 .002 .41177960809666666666 .13606486022448842199 .00047169811320754716 8.01999595933608039692 .00922383414096425521 0 ERR|0+/-0
node-1 node-2 6 44 15 300 1422 19.47639244718666666666 .11399394191020993976 .002 .41187940512666666666 .13605256806411550367 .00047169811320754716 8.02192493516074790044 .00922383518058694390 -1 ERR|0+/-0
node-1 node-2 6 44 15 300 372 19.47643918184666666666 .11397910033011870255 .002 .41191473333333333333 .13614971431752835191 .00047169811320754716 8.02263225187325454082 .00922386344755954905 -1 ERR|0+/-0
node-1 node-2 6 44 15 300 347 19.47646468055333333333 .11385493412685329870 .002 .41180911569000000000 .13628088882728835383 .00047169811320754716 8.02058569686618653988 .00922385656312387156 -1 ERR|0+/-0
node-1 node-2 6 44 15 300 822 19.47647862718666666666 .11400396908584400084 .002 .41180145783333333333 .13598265470498798395 .00047169811320754716 8.02044229213522800022 .00922386174788633960 -1 ERR|0+/-0
node-1 node-2 6 44 15 300 1372 19.47630759782666666666 .11407090395814115183 .002 .41201353715000000000 .13628880118069126999 .00047169811320754716 8.02450238400198458592 .00922381927923232784 0 ERR|0+/-0
node-1 node-2 6 44 15 300 197 19.47657671359333333333 .11386810832595567884 .002 .41343074586666666666 .13596598071315996365 .00047169811320754716 8.05221563763024324534 .00922419935955420685 -1 ERR|0+/-0
node-1 node-2 6 44 15 300 147 19.47612224712666666666 .11375934331596970268 .002 .41189506235666666666 .13614569374398428522 .00047169811320754716 8.02211858744630128986 .00922371103373683373 -1 ERR|0+/-0
node-1 node-2 6 44 15 300 872 19.47626995863333333333 .11425406118254445286 .002 .41212315237666666666 .13606455503545334171 .00047169811320754716 8.02662177189094062988 .00922382118387019198 -1 ERR|0+/-0
node-1 node-2 6 44 15 300 922 19.47632202661333333333 .11362213792332780229 .002 .41199768888333333333 .13616821572624300679 .00047169811320754716 8.02419966291225226008 .00922382322643693069 -1 ERR|0+/-0
node-1 node-2 6 44 15 300 1172 19.47641311426666666666 .11389577218767055946 .002 .41207897306333333333 .13633900760048551134 .00047169811320754716 8.02582031508424581196 .00922388054466108315 0 ERR|0+/-0
node-1 node-2 6 44 15 300 972 19.47643842564000000000 .11392662536883736301 .002 .41217335393666666666 .13628740443925111596 .00047169811320754716 8.02766894863701062947 .00922390930407654973 -1 ERR|0+/-0
node-1 node-2 6 44 15 300 472 19.47638063288666666666 .11383893315341604236 .002 .41339030447666666666 .13602178688642928774 .00047169811320754716 8.05134691993247296575 .00922409999091892487 -1 ERR|0+/-0
node-1 node-2 6 44 15 300 1347 19.47638621638000000000 .11393328053056254032 .002 .41178516912333333333 .13629886210579236431 .00047169811320754716 8.02008699202339650150 .00922381542318902812 -1 ERR|0+/-0
node-1 node-2 6 44 15 300 772 19.47634933717333333333 .11409186302144142457 .002 .41194063488666666666 .13624952704119275367 .00047169811320754716 8.02309971122969244672 .00922382586433093445 -1 ERR|0+/-0
node-1 node-2 6 44 15 300 222 19.47645685414666666666 .11404192741502005108 .002 .41202957233333333333 .13615208508910668996 .00047169811320754716 8.02487618818266977654 .00922389226674614408 0 ERR|0+/-0
node-1 node-2 6 44 15 300 422 19.47656281588666666666 .11388865531557747846 .002 .41181201073000000000 .13632945448770379808 .00047169811320754716 8.02068249531943898779 .00922390318547689061 -1 ERR|0+/-0
node-1 node-2 6 44 15 300 447 19.47645513081333333333 .11385110522913964017 .002 .41217518352666666666 .13641921743447634976 .00047169811320754716 8.02771146799187430760 .00922391747936752630 -1 ERR|0+/-0
node-1 node-2 6 44 15 300 72 19.47624838547333333333 .11392100983004951971 .002 .41320233694333333333 .13596781987684255989 .00047169811320754716 8.04763134776640410927 .00922400417246761548 -1 ERR|0+/-0
node-1 node-2 6 44 15 300 572 19.47615715789333333333 .11402866571787368336 .002 .41172424275333333333 .13588765133020804017 .00047169811320754716 8.01880605757854537573 .00922369692904517759 0 ERR|0+/-0
