#TXnode RXnode MCS CHANNEL TXPOWER FPS SIZE Vmu Vsd Verr Imu Isd Ierr Pmu Perr loss status
node-1 node-2 24 44 15 1200 722 19.47864421580666666666 .12448772639153835309 .002 .47812677102666666666 .15244134021153016230 .00047169811320754716 9.31326126288089920589 .00923766717383344841 0 OK|1191+/-1
node-1 node-2 24 44 15 1200 422 19.47803577664000000000 .12180709513579295205 .002 .46356364670000000000 .15010195361881818755 .00047169811320754716 9.02930929517230507308 .00923441200893635457 1 OK|1191+/-1
node-1 node-2 24 44 15 1200 947 19.47870127294666666666 .12578123566589106128 .002 .48444114097000000000 .15230710281269379496 .00047169811320754716 9.43628426928007459395 .00923900976425145412 1 OK|1190+/-2
node-1 node-2 24 44 15 1200 1072 19.47895539123333333333 .12665199414517722590 .002 .48864461505666666666 .15179936299694213874 .00047169811320754716 9.51828665885519401387 .00924001436662549946 0 OK|1191+/-1
node-1 node-2 24 44 15 1200 147 19.47729692570666666666 .11970177269369352940 .002 .45014890849333333333 .14748573410921195140 .00047169811320754716 8.76768395150741294493 .00923141009172403411 0 OK|1191+/-1
node-1 node-2 24 44 15 1200 322 19.47753752192666666666 .12103664305367014853 .002 .45902836161333333333 .14957525948645291893 .00047169811320754716 8.94074213695222237557 .00923327188037375080 1 OK|1190+/-2
node-1 node-2 24 44 15 1200 397 19.47793601203333333333 .12162026148343923397 .002 .46269172288666666666 .15055217936659181739 .00047169811320754716 9.01227977168395231860 .00923419026919731387 1 OK|1191+/-1
node-1 node-2 24 44 15 1200 1147 19.47894080802666666666 .12728559271249306163 .002 .49059027809000000000 .15219464955865229173 .00047169811320754716 9.55617898790845170413 .00924041991098469885 1 OK|1190+/-2
node-1 node-2 24 44 15 1200 197 19.47758029156000000000 .12003538651211195979 .002 .45302085713000000000 .14827824514515519194 .00047169811320754716 8.82375011850090650482 .00923210505587532566 1 OK|1190+/-2
node-1 node-2 24 44 15 1200 1047 19.47889106750666666666 .12682527489092910844 .002 .48773431403333333333 .15196072228694769849 .00047169811320754716 9.50052357294038812594 .00923979181242127338 0 OK|1191+/-1
node-1 node-2 24 44 15 1200 1097 19.47900992711333333333 .12700646875529387707 .002 .48923093434000000000 .15207095690300976540 .00047169811320754716 9.52973422665979136573 .00924016404658272503 1 OK|1191+/-1
node-1 node-2 24 44 15 1200 497 19.47823866525333333333 .12280981420151946488 .002 .46787923335666666666 .15118607233364041010 .00047169811320754716 9.11346337383691180783 .00923537777384681920 0 OK|1191+/-1
node-1 node-2 24 44 15 1200 472 19.47797932268000000000 .12272001942516277971 .002 .46652839785666666666 .15105745135920011009 .00047169811320754716 9.08703048689518176359 .00923498271746415343 0 OK|1191+/-1
node-1 node-2 24 44 15 1200 547 19.47833089185333333333 .12313247990472195439 .002 .47035685770000000000 .15120331680464329834 .00047169811320754716 9.16176651153297239593 .00923592444825599740 0 OK|1191+/-1
node-1 node-2 24 44 15 1200 1272 19.47933600132000000000 .12763293846982799811 .002 .49365526979000000000 .15117428438982774275 .00047169811320754716 9.61607686906168439612 .00924125816955795581 0 OK|1191+/-1
node-1 node-2 24 44 15 1200 447 19.47792031740000000000 .12242282062905303420 .002 .46481771837000000000 .15067513933171835623 .00047169811320754716 9.05368248052653421063 .00923460997637612034 0 OK|1191+/-1
node-1 node-2 24 44 15 1200 797 19.47869104110000000000 .12540999387138166529 .002 .48051605596666666666 .15290442340706909457 .00047169811320754716 9.35982379446261620010 .00923818502620232541 0 OK|1191+/-1
node-1 node-2 24 44 15 1200 72 19.47725410981333333333 .11900626482635130902 .002 .44683151795666666666 .14718411187268266667 .00047169811320754716 8.70305101951561608508 .00923074529188258070 1 OK|1191+/-1
node-1 node-2 24 44 15 1200 1222 19.47914622076000000000 .12785481568660469974 .002 .49275938940666666666 .15126035982335410076 .00047169811320754716 9.59853219790487617861 .00924097790589055623 3 OK|1190+/-3
node-1 node-2 24 44 15 1200 222 19.47753430198000000000 .12052037797130349146 .002 .45411679493666666666 .14859131031470550239 .00047169811320754716 8.84507545048414258151 .00923229883695419815 1 OK|1191+/-1
node-1 node-2 24 44 15 1200 822 19.47858411013333333333 .12561111586318133369 .002 .48287398906000000000 .15264269515852246586 .00047169811320754716 9.40570161050081303513 .00923862663723264173 0 OK|1191+/-1
node-1 node-2 24 44 15 1200 572 19.47838295894666666666 .12368928289425150353 .002 .47172969137000000000 .15199045997572005380 .00047169811320754716 9.18853158161057844695 .00923622894017691345 2 OK|1190+/-2
node-1 node-2 24 44 15 1200 872 19.47874451132666666666 .12591889295554424016 .002 .48292005742666666666 .15264264676344661270 .00047169811320754716 9.40667641800924200365 .00923871151542709065 0 OK|1191+/-1
node-1 node-2 24 44 15 1200 997 19.47880161291333333333 .12644221954595225152 .002 .48616391683000000000 .15210898949874219659 .00047169811320754716 9.46989048728846764066 .00923941879728334264 0 OK|1191+/-1
node-1 node-2 24 44 15 1200 597 19.47845521542666666666 .12382916724220317690 .002 .47264132919000000000 .15186457233668585490 .00047169811320754716 9.20632296358714752630 .00923644926591922389 1 OK|1190+/-2
node-1 node-2 24 44 15 1200 347 19.47781420227333333333 .12171096150754843083 .002 .46022134943333333333 .15005670510114117869 .00047169811320754716 8.96410593618197848764 .00923363928076260785 0 OK|1191+/-1
node-1 node-2 24 44 15 1200 622 19.47834697646000000000 .12403286519607764168 .002 .47535708536000000000 .15159022370642975675 .00047169811320754716 9.25917024636079413062 .00923695593648326006 1 OK|1190+/-2
node-1 node-2 24 44 15 1200 272 19.47783870330000000000 .12116988015058619121 .002 .45661615252333333333 .14959611946209651045 .00047169811320754716 8.89389576817091795626 .00923293481041528365 0 OK|1191+/-1
node-1 node-2 24 44 15 1200 172 19.47752317451333333333 .12000313845292850060 .002 .45179009758000000000 .14846695429211108026 .00047169811320754716 8.79975209563009023567 .00923183699396833262 2 OK|1191+/-1
node-1 node-2 24 44 15 1200 97 19.47745544023333333333 .11916841551056238492 .002 .44772877853666666666 .14729243454299366240 .00047169811320754716 8.72061733325802345432 .00923101371829129230 0 OK|1191+/-1
node-1 node-2 24 44 15 1200 1322 19.47921883166000000000 .12798727706912207060 .002 .49446964265000000000 .15147688762670336130 .00047169811320754716 9.63188237479207070629 .00924137737080838994 2 OK|1191+/-1
node-1 node-2 24 44 15 1200 847 19.47890973303333333333 .12595154149610110909 .002 .48343341442333333333 .15268767490343767547 .00047169811320754716 9.41675584148420469605 .00923889641415427765 0 OK|1191+/-1
node-1 node-2 24 44 15 1200 897 19.47867652314000000000 .12571312242787098854 .002 .48316577921000000000 .15232780256054695299 .00047169811320754716 9.41142992028247169591 .00923873101121571565 1 OK|1191+/-1
node-1 node-2 24 44 15 1200 522 19.47817558284666666666 .12324755519867387856 .002 .46913153499666666666 .15154134604436018958 .00047169811320754716 9.13782641011544915089 .00923560228260816729 0 OK|1191+/-1
node-1 node-2 24 44 15 1200 747 19.47843400069333333333 .12525429975069467837 .002 .48047153979333333333 .15292581912911400472 .00047169811320754716 9.35883317707594390752 .00923805517699765960 1 OK|1190+/-2
node-1 node-2 24 44 15 1200 672 19.47834741096000000000 .12463057799139064720 .002 .47774353115000000000 .15245599910717799923 .00047169811320754716 9.30565447307849061140 .00923744861044002073 0 OK|1191+/-1
node-1 node-2 24 44 15 1200 1397 19.47931607106666666666 .12849694047755841346 .002 .49533629557666666666 .15118495473212131854 .00047169811320754716 9.64881226300919163218 .00924160861955280597 1 OK|1190+/-2
node-1 node-2 24 44 15 1200 647 19.47847714046666666666 .12437259348150258846 .002 .47523799943000000000 .15261193475319489805 .00047169811320754716 9.25691250817836576326 .00923699249787241897 1 OK|1191+/-1
node-1 node-2 24 44 15 1200 1122 19.47890083464666666666 .12735179882119807831 .002 .49007672666333333333 .15191930414270061114 .00047169811320754716 9.54615596004330998706 .00924029215701027875 0 OK|1191+/-1
node-1 node-2 24 44 15 1200 1022 19.47894140276000000000 .12690816650065988921 .002 .48687288360666666666 .15231791978520289944 .00047169811320754716 9.48376837036704980795 .00923963369522121098 0 OK|1191+/-1
node-1 node-2 24 44 15 1200 122 19.47714272812000000000 .11936734447667636419 .002 .45042892113666666666 .14726258463898640859 .00047169811320754716 8.77306838585196413123 .00923139233773619926 1 OK|1190+/-2
node-1 node-2 24 44 15 1200 1297 19.47907337730666666666 .12787264719515742472 .002 .49388703884333333333 .15124642897438827203 .00047169811320754716 9.62046186972999789911 .00924118453462193936 2 OK|1190+/-2
node-1 node-2 24 44 15 1200 1172 19.47933645658666666666 .12760461088871758379 .002 .49162846330000000000 .15192831632272577109 .00047169811320754716 9.57659624825537009659 .00924082618519237921 1 OK|1190+/-2
node-1 node-2 24 44 15 1200 772 19.47855964812666666666 .12573212487972889206 .002 .48008501666666666666 .15312038170996060738 .00047169811320754716 9.35136463331355156864 .00923803374332958744 2 OK|1191+/-1
node-1 node-2 24 44 15 1200 1347 19.47917296306666666666 .12837456401486441897 .002 .49526993738000000000 .15144037954997143429 .00047169811320754716 9.64744877363221705276 .00924152727879350307 0 OK|1191+/-2
node-1 node-2 24 44 15 1200 247 19.47769915181333333333 .12079693587375316503 .002 .45592393098000000000 .14930606807522618740 .00047169811320754716 8.88034916374054672850 .00923273247317011671 0 OK|1191+/-1
node-1 node-2 24 44 15 1200 1447 19.47937500628666666666 .12841270233274703241 .002 .49611841689333333333 .15165277282154912237 .00047169811320754716 9.66407669019050611413 .00924180407145130187 3 OK|1190+/-2
node-1 node-2 24 44 15 1200 1472 19.47933704150666666666 .12872127427193591591 .002 .49621402693666666666 .15160070930093714297 .00047169811320754716 9.66592027542259786791 .00924180679919190260 0 OK|1191+/-2
node-1 node-2 24 44 15 1200 922 19.47877170198000000000 .12662461918003151767 .002 .48449045797000000000 .15282650597705914309 .00047169811320754716 9.43727902258536655578 .00923905314641111694 1 OK|1191+/-1
node-1 node-2 24 44 15 1200 297 19.47785344068000000000 .12119370541960158080 .002 .45817889633666666666 .14933788367677862639 .00047169811320754716 8.92434139245810788084 .00923325139441173127 0 OK|1191+/-1
node-1 node-2 24 44 15 1200 697 19.47835749219333333333 .12503815186162092191 .002 .47883708476333333333 .15271725189779886999 .00047169811320754716 9.32695991753988804988 .00923767982242915691 1 OK|1190+/-2
node-1 node-2 24 44 15 1200 1422 19.47960308254000000000 .12844782606546266608 .002 .49590925580000000000 .15169646610237692959 .00047169811320754716 9.66011546794179737373 .00924186612988772360 0 OK|1191+/-1
node-1 node-2 24 44 15 1200 1197 19.47915841048000000000 .12754200515708576208 .002 .49211036187333333333 .15173869932334276520 .00047169811320754716 9.58589569436929732836 .00924084528003807885 0 OK|1191+/-1
node-1 node-2 24 44 15 1200 972 19.47888031612666666666 .12675219794342585241 .002 .48551505341333333333 .15228363834219497702 .00047169811320754716 9.45728961711616585197 .00923931923721656562 1 OK|1190+/-2
node-1 node-2 24 44 15 1200 1247 19.47926742894000000000 .12774877974529204288 .002 .49339322406666666666 .15149032210945260096 .00047169811320754716 9.61093855922151533102 .00924117003123672646 0 OK|1191+/-1
node-1 node-2 24 44 15 1200 1372 19.47927563844666666666 .12856217028729258263 .002 .49569439735000000000 .15134711113523269440 .00047169811320754716 9.65576779841435692344 .00924166645991124860 0 OK|1191+/-1
node-1 node-2 24 44 15 1200 372 19.47794542300000000000 .12189679411745190782 .002 .46152711472000000000 .15009875216120206134 .00047169811320754716 8.98959995175081992656 .00923396155977863327 0 OK|1191+/-1
node-1 node-2 12 44 15 600 722 19.47775729686000000000 .12116595041918461376 .002 .45403549385000000000 .14990706589355495827 .00047169811320754716 8.84359315337027115431 .00923238751850386098 0 OK|590+/-1
node-1 node-2 12 44 15 600 422 19.47749423910000000000 .11973272545993368224 .002 .44575289550666666666 .14905768027197682110 .00047169811320754716 8.68214945429324427551 .00923064942964929634 1 OK|590+/-1
node-1 node-2 12 44 15 600 947 19.47821114587333333333 .12252028508202643571 .002 .46050677953333333333 .15044760203730219983 .00047169811320754716 8.96984828585640715305 .00923388250747308783 0 OK|590+/-1
node-1 node-2 12 44 15 600 1072 19.47808947804000000000 .12324962787912559141 .002 .46415216767333333333 .15063997390738728387 .00047169811320754716 9.04079745336741182782 .00923455545976311249 0 OK|590+/-1
node-1 node-2 12 44 15 600 147 19.47693169235333333333 .11754428380195378620 .002 .43429425923666666666 .14562128269110097706 .00047169811320754716 8.45871962153374736657 .00922820007133355989 1 OK|590+/-1
node-1 node-2 12 44 15 600 322 19.47734137869333333333 .11940680199956066112 .002 .44292484093333333333 .14844025049114739364 .00047169811320754716 8.62699833196197602911 .00923003310241974809 1 OK|590+/-1
node-1 node-2 12 44 15 600 397 19.47761202885333333333 .11947667259143239359 .002 .44473479732333333333 .14883554929241893344 .00047169811320754716 8.66237183799460656536 .00923050829680529890 0 OK|590+/-1
node-1 node-2 12 44 15 600 1147 19.47814241032000000000 .12391381286533052837 .002 .46625394096666666666 .15070708695503443367 .00047169811320754716 9.08176066152166765731 .00923500380903189503 0 OK|590+/-1
node-1 node-2 12 44 15 600 197 19.47689202756666666666 .11809057575141454843 .002 .43703179031000000000 .14679181409247067398 .00047169811320754716 8.51202099248202620620 .00922869838616567531 1 OK|590+/-1
node-1 node-2 12 44 15 600 1047 19.47795207984000000000 .12341029190044114282 .002 .46329387063666666666 .15066644747617241834 .00047169811320754716 9.02401581114458540483 .00923431857358389006 0 OK|590+/-1
node-1 node-2 12 44 15 600 1097 19.47828421842000000000 .12323262052435198064 .002 .46482550922666666666 .15055745903363580528 .00047169811320754716 9.05400338068882143182 .00923478232440310744 1 OK|590+/-1
node-1 node-2 12 44 15 600 497 19.47764197254000000000 .12009398676307683799 .002 .44742676979666666666 .14961255146446049019 .00047169811320754716 8.71481843102954702792 .00923104271748849020 1 OK|590+/-1
node-1 node-2 12 44 15 600 472 19.47732000018000000000 .12003131919027114962 .002 .44683524545333333333 .14923371786005502818 .00047169811320754716 8.70315306305354874411 .00923077694799160608 0 OK|590+/-1
node-1 node-2 12 44 15 600 547 19.47738863356666666666 .12032404700476605877 .002 .44893359267666666666 .14940404775301668840 .00047169811320754716 8.74405405522675508004 .00923121641345181983 0 OK|590+/-1
node-1 node-2 12 44 15 600 1272 19.47860966096000000000 .12453342834089340604 .002 .46999659990333333333 .15058070458882834859 .00047169811320754716 9.15488031149542046870 .00923598190089613536 0 OK|590+/-1
node-1 node-2 12 44 15 600 447 19.47734913706000000000 .11997987807118800843 .002 .44610054416000000000 .14895391327872577930 .00047169811320754716 8.68885604883677242256 .00923064848424222684 0 OK|590+/-1
node-1 node-2 12 44 15 600 797 19.47799298607333333333 .12184222123900409626 .002 .45590106331000000000 .15044093036046782876 .00047169811320754716 8.88003771349555468830 .00923286587987265414 0 OK|590+/-2
node-1 node-2 12 44 15 600 72 19.47694160989333333333 .11679390271645668939 .002 .43255915795000000000 .14425143774619576133 .00047169811320754716 8.42492946221677765598 .00922787874865976931 0 OK|590+/-1
node-1 node-2 12 44 15 600 1222 19.47816032926000000000 .12419778628838539395 .002 .46860339016000000000 .15088489430045421889 .00047169811320754716 9.12753196437125784408 .00923548787389192396 1 OK|590+/-1
node-1 node-2 12 44 15 600 222 19.47721291888000000000 .11802154555128731773 .002 .43785939362000000000 .14672521447597585079 .00047169811320754716 8.52828063806842704954 .00922900598117655626 1 OK|590+/-1
node-1 node-2 12 44 15 600 822 19.47802294552666666666 .12186908004186995921 .002 .45668938234666666666 .15009469694123197309 .00047169811320754716 8.89540626832677435216 .00923303577835163270 0 OK|590+/-1
node-1 node-2 12 44 15 600 572 19.47750564278666666666 .12059539122365707798 .002 .44987801066666666666 .14987988303482786388 .00047169811320754716 8.76250149132564021625 .00923145525128709812 0 OK|590+/-1
node-1 node-2 12 44 15 600 872 19.47785520452000000000 .12259117822450452792 .002 .45806201634000000000 .15065403945906082952 .00047169811320754716 8.92206562896099428185 .00923322902563047008 0 OK|590+/-1
node-1 node-2 12 44 15 600 997 19.47796772678000000000 .12292917724731315047 .002 .46330974290000000000 .15066889770063698849 .00047169811320754716 9.02433221970893924486 .00923432910231919772 0 OK|590+/-1
node-1 node-2 12 44 15 600 597 19.47765829738666666666 .12093812691250780592 .002 .45029125906666666666 .14980773622440929669 .00047169811320754716 8.77061927840054909617 .00923160750696600239 0 OK|590+/-1
node-1 node-2 12 44 15 600 347 19.47732020282000000000 .11935365961793663417 .002 .44357929936333333333 .14852439879693538608 .00047169811320754716 8.63973604904219309680 .00923014887490483275 0 OK|590+/-1
node-1 node-2 12 44 15 600 622 19.47768853780666666666 .12107879045635443260 .002 .45092807166333333333 .14980387730849928358 .00047169811320754716 8.78303653281217083428 .00923174603765221110 1 OK|590+/-1
node-1 node-2 12 44 15 600 272 19.47701417586666666666 .11883592075700432532 .002 .44024737688666666666 .14788221044095587716 .00047169811320754716 8.57470440050972176166 .00922936706693229912 0 OK|590+/-1
node-1 node-2 12 44 15 600 172 19.47711763752666666666 .11787112678534730360 .002 .43730601293333333333 .14602024414006308758 .00047169811320754716 8.51746065750029127194 .00922885628719045283 1 OK|590+/-1
node-1 node-2 12 44 15 600 97 19.47693938050000000000 .11714001818716390049 .002 .43210880503333333333 .14456505282921267981 .00047169811320754716 8.41615700141452661511 .00922779330362377590 0 OK|590+/-1
node-1 node-2 12 44 15 600 1322 19.47839977770000000000 .12456427737298753430 .002 .47120015920333333333 .15058608283630042758 .00047169811320754716 9.17822507627841260903 .00923612871126408945 0 OK|590+/-1
node-1 node-2 12 44 15 600 847 19.47789781076666666666 .12213352651813065231 .002 .45743106253000000000 .15053780528971662542 .00047169811320754716 8.90979549142975720723 .00923312390251166076 1 OK|590+/-1
node-1 node-2 12 44 15 600 897 19.47783022451333333333 .12234791318848474339 .002 .45854393416666666666 .15062331056942886846 .00047169811320754716 8.93144090017875213940 .00923331298277580320 1 OK|590+/-2
node-1 node-2 12 44 15 600 522 19.47749523766666666666 .12040014223261676309 .002 .44815486349333333333 .14926330447362240817 .00047169811320754716 8.72893421942855509018 .00923111510595511044 0 OK|590+/-1
node-1 node-2 12 44 15 600 747 19.47776350996000000000 .12134112857120041872 .002 .45464949472000000000 .14979749124004034808 .00047169811320754716 8.85555533807896768741 .00923251129854662945 0 OK|590+/-1
node-1 node-2 12 44 15 600 672 19.47774362134000000000 .12153425527065765189 .002 .45247565400333333333 .15006475614111584354 .00047169811320754716 8.81320478357507066836 .00923207477815998195 1 OK|590+/-1
node-1 node-2 12 44 15 600 1397 19.47865776184666666666 .12515966359179397255 .002 .47360419293333333333 .15057618560026308645 .00047169811320754716 9.22517398872399957221 .00923674158568309737 0 OK|590+/-1
node-1 node-2 12 44 15 600 647 19.47779414404666666666 .12116732133615486434 .002 .45204530648666666666 .15001397336253806229 .00047169811320754716 8.80484542352977666158 .00923201416730732925 1 OK|590+/-1
node-1 node-2 12 44 15 600 1122 19.47821749748666666666 .12382054541155456830 .002 .46725516345333333333 .15039035263958691353 .00047169811320754716 9.10129770056770978911 .00923524145819999662 0 OK|590+/-1
node-1 node-2 12 44 15 600 1022 19.47804656364666666666 .12322606295404980713 .002 .46272453660000000000 .15073493856785253382 .00047169811320754716 9.01297007003662623946 .00923424873057774418 0 OK|590+/-1
node-1 node-2 12 44 15 600 122 19.47689072732000000000 .11739752838170673936 .002 .43332237777333333333 .14542566650908930714 .00047169811320754716 8.43977260159369006870 .00922799808315393669 1 OK|590+/-1
node-1 node-2 12 44 15 600 1297 19.47854330818000000000 .12458325913261005000 .002 .47082234508333333333 .15074950222672485773 .00047169811320754716 9.17093343916457722438 .00923611899225758513 0 OK|590+/-1
node-1 node-2 12 44 15 600 1172 19.47832328356000000000 .12371237581672902752 .002 .46719460562000000000 .15036200887198325517 .00047169811320754716 9.10016756460167762960 .00923527884637540546 1 OK|590+/-2
node-1 node-2 12 44 15 600 772 19.47799827673333333333 .12161525958612910019 .002 .45570033724333333333 .15027061238701583693 .00047169811320754716 8.87613038353244550640 .00923282872606090966 0 OK|590+/-1
node-1 node-2 12 44 15 600 1347 19.47840771866000000000 .12492238240285994409 .002 .47199809769666666666 .15055976656532648433 .00047169811320754716 9.19377138936758876722 .00923629540773305712 0 OK|590+/-1
node-1 node-2 12 44 15 600 247 19.47713366725333333333 .11865640990354218381 .002 .43910807228333333333 .14701630738888697397 .00047169811320754716 8.55256661823242194122 .00922920607119762875 0 OK|590+/-1
node-1 node-2 12 44 15 600 1447 19.47837964676666666666 .12532655295353605523 .002 .47493879740666666666 .15053271269583855639 .00047169811320754716 9.25103820486585332925 .00923688519816863860 0 OK|590+/-1
node-1 node-2 12 44 15 600 1472 19.47857870940666666666 .12562243567918294191 .002 .47572159088666666666 .15031187494603161119 .00047169811320754716 9.26638045185009387880 .00923713972504162188 0 OK|590+/-1
node-1 node-2 12 44 15 600 922 19.47810248902000000000 .12250756825557776840 .002 .45991206427666666666 .15061102047451083876 .00047169811320754716 8.95821432391766722577 .00923371294785539020 0 OK|590+/-1
node-1 node-2 12 44 15 600 297 19.47722909227333333333 .11903126510617791556 .002 .44179769971333333333 .14806078402014456704 .00047169811320754716 8.60499500975597409814 .00922976429906373015 1 OK|590+/-1
node-1 node-2 12 44 15 600 697 19.47777511533333333333 .12119136469255122506 .002 .45438505827666666666 .14977568862836157058 .00047169811320754716 8.85040998088054447111 .00923246467313857096 0 OK|590+/-2
node-1 node-2 12 44 15 600 1422 19.47843443671333333333 .12524018314345847689 .002 .47557752535000000000 .15031838579282464221 .00047169811320754716 9.26350564710434825401 .00923704236002433410 1 OK|590+/-1
node-1 node-2 12 44 15 600 1197 19.47838301985333333333 .12416533536421094392 .002 .46935882932666666666 .15059468176409232911 .00047169811320754716 9.14235105137478273810 .00923574581715405320 1 OK|590+/-1
node-1 node-2 12 44 15 600 972 19.47808467948000000000 .12276980640446662999 .002 .46397558536000000000 .15017458596979580486 .00047169811320754716 9.03735574085338098041 .00923451771253441475 0 OK|590+/-1
node-1 node-2 12 44 15 600 1247 19.47852332153333333333 .12431831999155113011 .002 .47063399249000000000 .15035501649438207889 .00047169811320754716 9.16725519862280865528 .00923607121527670768 1 OK|590+/-2
node-1 node-2 12 44 15 600 1372 19.47855208174666666666 .12496583170662548977 .002 .47433881212000000000 .15033506678537011349 .00047169811320754716 9.23943325627326700143 .00923684278311163635 1 OK|590+/-1
node-1 node-2 12 44 15 600 372 19.47731012349333333333 .11929234099326863981 .002 .44553446395333333333 .14869538112374958958 .00047169811320754716 8.67781292512343493507 .00923052080581770965 0 OK|590+/-1
node-1 node-2 48 44 15 2400 722 19.47905340934000000000 .12797805043962440561 .002 .50086571997000000000 .15019604355121521638 .00047169811320754716 9.75639011020316222251 .00924267746742518166 39 OK|2384+/-8
node-1 node-2 48 44 15 2400 422 19.47901676430000000000 .12592345108018344007 .002 .49356408651000000000 .14822145449590334397 .00047169811320754716 9.61414311538470547959 .00924108896585604893 7 OK|2390+/-6
node-1 node-2 48 44 15 2400 947 19.47961327239333333333 .12959213053998521317 .002 .50787280889000000000 .15156491092352350430 .00047169811320754716 9.89316590874132689290 .00924446932454672056 1 OK|2388+/-8
node-1 node-2 48 44 15 2400 1072 19.47969902564666666666 .13053267560105388217 .002 .51117212441666666666 .15216659161893542994 .00047169811320754716 9.95747913393707833407 .00924523688393789453 2 OK|2391+/-5
node-1 node-2 48 44 15 2400 147 19.47821692640666666666 .12416877918561696763 .002 .48236149798333333333 .14734758817496985369 .00047169811320754716 9.39554189466583854167 .00923834729532920677 1 OK|2394+/-2
node-1 node-2 48 44 15 2400 322 19.47861204076000000000 .12517537027090901910 .002 .49007412109666666666 .14711645904578942169 .00047169811320754716 9.54596367605840566910 .00924015614925708601 1 OK|2392+/-4
node-1 node-2 48 44 15 2400 397 19.47849653058666666666 .12579554150121554709 .002 .49235766356666666666 .14760711371759767845 .00047169811320754716 9.59038704159107391949 .00924058754237517031 1 OK|2393+/-3
node-1 node-2 48 44 15 2400 1147 19.47982978906666666666 .13100377998696351880 .002 .51244812961000000000 .15251484691161842037 .00047169811320754716 9.98240234052837416092 .00924558073550308087 2 OK|2392+/-4
node-1 node-2 48 44 15 2400 197 19.47828273897333333333 .12451146813520946657 .002 .48627590742000000000 .14688689884417567007 .00047169811320754716 9.47181961387758066584 .00923919897891561322 1 OK|2391+/-6
node-1 node-2 48 44 15 2400 1047 19.47955461073333333333 .13029027814687378569 .002 .51044827731666666666 .15204631130475773587 .00047169811320754716 9.94330509394476133306 .00924500920530300770 1 OK|2391+/-5
node-1 node-2 48 44 15 2400 1097 19.47974011518000000000 .13082663282288200105 .002 .51223272637000000000 .15248292008951834311 .00047169811320754716 9.97816038817770922329 .00924549095089261119 1 OK|2391+/-5
node-1 node-2 48 44 15 2400 497 19.47917994495333333333 .12648653055033885860 .002 .49575363555333333333 .14823793870196540877 .00047169811320754716 9.65687427530819447484 .00924163429217117690 1 OK|2390+/-6
node-1 node-2 48 44 15 2400 472 19.47888083671333333333 .12630666637190748084 .002 .49480745989000000000 .14791073401150943490 .00047169811320754716 9.63829554831412232275 .00924129118147283951 0 OK|2393+/-3
node-1 node-2 48 44 15 2400 547 19.47900396594666666666 .12704638583333167006 .002 .49555493228000000000 .14950729776303528438 .00047169811320754716 9.65291649122655182608 .00924150913383734366 0 OK|2393+/-3
node-1 node-2 48 44 15 2400 1272 19.47990861306000000000 .13158774933587009907 .002 .51673696556333333333 .15310816946667798748 .00047169811320754716 10.06598886616366561485 .00924657247022962665 1 OK|2392+/-4
node-1 node-2 48 44 15 2400 447 19.47890669204666666666 .12602772212047231816 .002 .49392247917333333333 .14828354451511698157 .00047169811320754716 9.62106988492172301023 .00924111393658608453 4 OK|2392+/-5
node-1 node-2 48 44 15 2400 797 19.47910796467333333333 .12885158430928161750 .002 .50426591133333333333 .15073678639411608353 .00047169811320754716 9.82265012976639023889 .00924344255245679178 1 OK|2391+/-6
node-1 node-2 48 44 15 2400 72 19.47803555135333333333 .12341056194482413351 .002 .48086560502333333333 .14668919837970341966 .00047169811320754716 9.36631735006751669823 .00923795026509037501 2 OK|2392+/-5
node-1 node-2 48 44 15 2400 1222 19.47978824962000000000 .13125026139153763353 .002 .51549813853000000000 .15291939421334153110 .00047169811320754716 10.04179458163767697985 .00924623945363613109 1 OK|2392+/-4
node-1 node-2 48 44 15 2400 222 19.47839261412666666666 .12466827850868785791 .002 .48692518674666666666 .14684090685465300091 .00047169811320754716 9.48451996115851987930 .00923938729938658540 2 OK|2393+/-2
node-1 node-2 48 44 15 2400 822 19.47935390570000000000 .12882033291532855773 .002 .50466450885666666666 .15070316898440861263 .00047169811320754716 9.83053857166528207468 .00924364488288698215 1 OK|2393+/-3
node-1 node-2 48 44 15 2400 572 19.47887200111333333333 .12705776183280245378 .002 .49740096472333333333 .14887050042587449786 .00047169811320754716 9.68880972507609848732 .00924184393411776024 1 OK|2392+/-3
node-1 node-2 48 44 15 2400 872 19.47947414279333333333 .12912224751934712540 .002 .50618676086000000000 .15081775465788139606 .00047169811320754716 9.86025191959668251240 .00924403418720147367 1 OK|2394+/-1
node-1 node-2 48 44 15 2400 997 19.47946247866000000000 .12951045399401042320 .002 .51088540653666666666 .15144916005277732661 .00047169811320754716 9.95177310752595863271 .00924506259538443417 1 OK|2389+/-9
node-1 node-2 48 44 15 2400 597 19.47903101977333333333 .12692260884524257717 .002 .49826089259333333333 .14960781196321070409 .00047169811320754716 9.70563938276548910947 .00924210379088863024 2 OK|2393+/-3
node-1 node-2 48 44 15 2400 347 19.47880407503333333333 .12535709982346043338 .002 .49090971464000000000 .14803491771604646313 .00047169811320754716 9.56233415000308281515 .00924042363904009219 2 OK|2390+/-6
node-1 node-2 48 44 15 2400 622 19.47923835309333333333 .12721307265742155203 .002 .49889712575666666666 .14920396818164878291 .00047169811320754716 9.71813602628728921037 .00924233830716835694 2 OK|2392+/-4
node-1 node-2 48 44 15 2400 272 19.47843760204666666666 .12531596969850367554 .002 .48778727425000000000 .14737618813394307370 .00047169811320754716 9.50133398455104975462 .00923959029214978665 2 OK|2388+/-8
node-1 node-2 48 44 15 2400 172 19.47855385569333333333 .12415168499264888064 .002 .48558496097333333333 .14641674103758261997 .00047169811320754716 9.45849281383381879174 .00923918079479517653 2 OK|2382+/-10
node-1 node-2 48 44 15 2400 97 19.47807473690000000000 .12368594991095982592 .002 .48186010012666666666 .14659511806223598427 .00047169811320754716 9.38570704299733048987 .00923817592670974793 2 OK|2393+/-3
node-1 node-2 48 44 15 2400 1322 19.48019629801333333333 .13253432688219293336 .002 .51683747583000000000 .15391258311549764282 .00047169811320754716 10.06809548333812164368 .00924672978999093765 1 OK|2392+/-4
node-1 node-2 48 44 15 2400 847 19.47951575611333333333 .12893413562395332400 .002 .50546851107333333333 .15096110340356982207 .00047169811320754716 9.84628182567214356929 .00924389648837799459 1 OK|2394+/-2
node-1 node-2 48 44 15 2400 897 19.47950934692000000000 .12947442569266249238 .002 .50674872604000000000 .15126115655810418124 .00047169811320754716 9.87121654543598239779 .00924417384915234272 2 OK|2392+/-3
node-1 node-2 48 44 15 2400 522 19.47897396476000000000 .12690478801646407206 .002 .49525016015333333333 .14885795841585683711 .00047169811320754716 9.64696497567000036946 .00924142971287180379 2 OK|2394+/-1
node-1 node-2 48 44 15 2400 747 19.47921998540666666666 .12785626345333210878 .002 .50565728962333333333 .15021516604337289677 .00047169811320754716 9.84980958179740175336 .00924379910960878465 2 OK|2392+/-3
node-1 node-2 48 44 15 2400 672 19.47906358943333333333 .12740656799146002512 .002 .50161227999666666666 .14965859653067288346 .00047169811320754716 9.77093749929570802923 .00924284418614734032 1 OK|2390+/-7
node-1 node-2 48 44 15 2400 1397 19.48010159854000000000 .13300830425215313089 .002 .51886765305333333333 .15444403928757910969 .00047169811320754716 10.10759459767493677847 .00924714018246231033 1 OK|2392+/-4
node-1 node-2 48 44 15 2400 647 19.47891127574666666666 .12768686020553472596 .002 .49808553447333333333 .14967447668159871655 .00047169811320754716 9.70216393373891771917 .00924200982783065860 2 OK|2393+/-3
node-1 node-2 48 44 15 2400 1122 19.47996779451333333333 .13104278358883558754 .002 .51169860097666666666 .15290423799732320973 .00047169811320754716 9.96787226752299556050 .00924547937808109439 1 OK|2391+/-5
node-1 node-2 48 44 15 2400 1022 19.47960225509333333333 .13025700269983591891 .002 .50878760105333333333 .15212954860598028613 .00047169811320754716 9.91098010084203921796 .00924466536561095325 3 OK|2393+/-3
node-1 node-2 48 44 15 2400 122 19.47807736548000000000 .12373656602433686421 .002 .48017587088000000000 .14691547781573472039 .00047169811320754716 9.35290276203737504922 .00923782637204941301 0 OK|2393+/-3
node-1 node-2 48 44 15 2400 1297 19.48007909273333333333 .13210014281533526525 .002 .51623464257000000000 .15356396967908940169 .00047169811320754716 10.05629166767252221765 .00924654014858347922 2 OK|2391+/-5
node-1 node-2 48 44 15 2400 1172 19.47959025484000000000 .13136966854061061434 .002 .51298548818000000000 .15268010747128936888 .00047169811320754716 9.99274711642546800779 .00924558764231314071 6 OK|2378+/-16
node-1 node-2 48 44 15 2400 772 19.47912303824666666666 .12892709220822004849 .002 .50208245182000000000 .15065155805386545092 .00047169811320754716 9.78012585434633403393 .00924297417486720504 3 OK|2392+/-5
node-1 node-2 48 44 15 2400 1347 19.48019183466000000000 .13271426862293372014 .002 .51783635872000000000 .15392684131058191155 .00047169811320754716 10.08755160682741068923 .00924695123755990723 1 OK|2387+/-7
node-1 node-2 48 44 15 2400 247 19.47851680922000000000 .12495889670739605813 .002 .48639280202000000000 .14741534283810973398 .00047169811320754716 9.47421037003018557062 .00923933338815184057 1 OK|2391+/-5
node-1 node-2 48 44 15 2400 1447 19.48045769126666666666 .13340024911818055907 .002 .52060745870000000000 .15431771569001957459 .00047169811320754716 10.14167157296320851734 .00924769821902514939 2 OK|2379+/-13
node-1 node-2 48 44 15 2400 1472 19.48043107270666666666 .13367034419468150733 .002 .52120054298000000000 .15485407158557847067 .00047169811320754716 10.15321125257917852492 .00924781937107149492 2 OK|2385+/-9
node-1 node-2 48 44 15 2400 922 19.47942582773333333333 .12979593056854093081 .002 .50607662281000000000 .15167867934100321823 .00047169811320754716 9.85808203717717417059 .00924398741284628264 3 OK|2392+/-4
node-1 node-2 48 44 15 2400 297 19.47848641496666666666 .12543553694730997905 .002 .48814168640666666666 .14769570018156138915 .00047169811320754716 9.50826120725117544242 .00923968805727322214 1 OK|2390+/-7
node-1 node-2 48 44 15 2400 697 19.47919478518666666666 .12817493566457587245 .002 .49980069397333333333 .15012077600363102566 .00047169811320754716 9.73571507167803172520 .00924251314819337057 14 OK|2391+/-5
node-1 node-2 48 44 15 2400 1422 19.48017686635333333333 .13297195170746671995 .002 .51985812668333333333 .15421061631529339189 .00047169811320754716 10.12692825320245051246 .00924739797698270743 0 OK|2384+/-10
node-1 node-2 48 44 15 2400 1197 19.47992049559333333333 .13130441679147310290 .002 .51359686393666666666 .15252006051331074016 .00047169811320754716 10.00482607627233352112 .00924587821894366938 3 OK|2391+/-5
node-1 node-2 48 44 15 2400 972 19.47961329688666666666 .13007947193311812603 .002 .50776067144333333333 .15176733099218405952 .00047169811320754716 9.89098152708365797250 .00924444469628231428 1 OK|2390+/-5
node-1 node-2 48 44 15 2400 1247 19.48014961766000000000 .13186259743929598317 .002 .51514480952666666666 .15293836257855694484 .00047169811320754716 10.03509796434042919211 .00924633007994309653 2 OK|2390+/-7
node-1 node-2 48 44 15 2400 1372 19.48017395953333333333 .13289333695942317562 .002 .51905904228333333333 .15395322644414402567 .00047169811320754716 10.11136043894810138886 .00924721706333897301 2 OK|2391+/-5
node-1 node-2 48 44 15 2400 372 19.47856877158666666666 .12564888638916663104 .002 .49214190724666666666 .14761578525464972995 .00047169811320754716 9.58621998568402317929 .00924057545063823879 2 OK|2392+/-4
node-1 node-2 6 44 15 300 722 19.47753510749333333333 .11949695797972069380 .002 .44231228039666666666 .14710769988646099866 .00047169811320754716 8.61515296990151027730 .00923000656318139841 1 OK|290+/-1
node-1 node-2 6 44 15 300 422 19.47716474812000000000 .11831217594770292589 .002 .43452595201666666666 .14556209350337876072 .00047169811320754716 8.46333355476230262257 .00922835314165271635 0 OK|290+/-1
node-1 node-2 6 44 15 300 947 19.47768138370000000000 .12069215459910383180 .002 .44850367221666666666 .14780956352817091215 .00047169811320754716 8.73581162685565524607 .00923127025755110746 0 OK|290+/-1
node-1 node-2 6 44 15 300 1072 19.47785965431333333333 .12122383064782253101 .002 .45282732719333333333 .14854169100195986253 .00047169811320754716 8.82010712670957028689 .00923219821703287304 0 OK|290+/-1
node-1 node-2 6 44 15 300 147 19.47669400216666666666 .11670803417450230628 .002 .42584841664666666666 .14360195324088355707 .00047169811320754716 8.29411930233430435593 .00922651385639121554 2 OK|290+/-1
node-1 node-2 6 44 15 300 322 19.47693384995333333333 .11772035532975958478 .002 .43146542938000000000 .14496397195548088954 .00047169811320754716 8.40362362657597145962 .00922767028612796232 0 OK|290+/-1
node-1 node-2 6 44 15 300 397 19.47705981506000000000 .11793356645164931108 .002 .43309930540333333333 .14538439984364185024 .00047169811320754716 8.43550107720166199197 .00922803560050933212 0 OK|290+/-1
node-1 node-2 6 44 15 300 1147 19.47787201536666666666 .12178426971806115157 .002 .45356531257333333333 .14819424743234020475 .00047169811320754716 8.83448710891316424980 .00923234892524707062 0 OK|290+/-1
node-1 node-2 6 44 15 300 197 19.47672368973333333333 .11693335477271399968 .002 .42696984657333333333 .14413950452414751453 .00047169811320754716 8.31597372555664802978 .00922673510788082015 0 OK|290+/-1
node-1 node-2 6 44 15 300 1047 19.47784116537333333333 .12118550158499717580 .002 .45078895290666666666 .14777281292576067826 .00047169811320754716 8.78039562382101294522 .00923179051056322118 0 OK|290+/-1
node-1 node-2 6 44 15 300 1097 19.47766879094000000000 .12163221261889903838 .002 .45382709060666666666 .14814928616835003525 .00047169811320754716 8.83949375919257096430 .00923230498610828713 0 OK|290+/-1
node-1 node-2 6 44 15 300 497 19.47716186957333333333 .11855201760078774074 .002 .43575649458333333333 .14611462374926621953 .00047169811320754716 8.48729978071743876641 .00922858388032517370 0 OK|290+/-1
node-1 node-2 6 44 15 300 472 19.47722497040666666666 .11861553964739868926 .002 .43487221334666666666 .14590441370739164239 .00047169811320754716 8.47010393273171129956 .00922844666390629956 1 OK|290+/-1
node-1 node-2 6 44 15 300 547 19.47727322852666666666 .11863594098482070062 .002 .43728203175000000000 .14642101434665539933 .00047169811320754716 8.51706161032002285905 .00922892480365700942 0 OK|290+/-1
node-1 node-2 6 44 15 300 1272 19.47807757323333333333 .12291216995344770342 .002 .45775335785333333333 .14876880957107180189 .00047169811320754716 8.91615541367526454005 .00923327216968501205 0 OK|290+/-1
node-1 node-2 6 44 15 300 447 19.47710156464666666666 .11832384425864022759 .002 .43403260997666666666 .14561985619179072946 .00047169811320754716 8.45369722688421075782 .00922823060460562125 0 OK|290+/-1
node-1 node-2 6 44 15 300 797 19.47769539279333333333 .11990831989777404828 .002 .44396239660000000000 .14714791845922931046 .00047169811320754716 8.64736432682930663516 .00923039870507713713 0 OK|290+/-1
node-1 node-2 6 44 15 300 72 19.47665707658000000000 .11583134801315786573 .002 .42273213257000000000 .14232445050066876302 .00047169811320754716 8.23340878131724520221 .00922592327264500178 0 OK|290+/-1
node-1 node-2 6 44 15 300 1222 19.47769104928666666666 .12239256090356668102 .002 .45586446140333333333 .14788787484282554274 .00047169811320754716 8.87918713956359279096 .00923271692393306348 0 OK|290+/-1
node-1 node-2 6 44 15 300 222 19.47703425740000000000 .11692343150024859131 .002 .42788581981000000000 .14407327323003993678 .00047169811320754716 8.33394677069505355909 .00922705069864803820 0 OK|290+/-1
node-1 node-2 6 44 15 300 822 19.47760733575333333333 .12023730207925808533 .002 .44460687300666666666 .14743384619673934932 .00047169811320754716 8.65987809120100134810 .00923048144281963658 3 OK|289+/-3
node-1 node-2 6 44 15 300 572 19.47717482362000000000 .11885588069432299726 .002 .43755910864333333333 .14622041199714411056 .00047169811320754716 8.52241525471354033409 .00922893112536955928 2 OK|290+/-1
node-1 node-2 6 44 15 300 872 19.47761763600000000000 .12056837118779786733 .002 .44582576092333333333 .14766675882552704396 .00047169811320754716 8.68362370354343697717 .00923072143951748768 0 OK|290+/-1
node-1 node-2 6 44 15 300 997 19.47770832397333333333 .12126000761402591599 .002 .44952700363000000000 .14782265165581054705 .00047169811320754716 8.75575586045484182935 .00923148200484813489 0 OK|290+/-1
node-1 node-2 6 44 15 300 597 19.47720959272000000000 .11893595798531828343 .002 .43815917326666666666 .14647044343794136844 .00047169811320754716 8.53411805268778457848 .00922906132940024079 0 OK|290+/-1
node-1 node-2 6 44 15 300 347 19.47697226923333333333 .11748316876637148613 .002 .43277751907666666666 .14485550900434214793 .00047169811320754716 8.42919573780383657260 .00922793410003060435 2 OK|290+/-1
node-1 node-2 6 44 15 300 622 19.47742467227333333333 .11898636885747392837 .002 .43934562891000000000 .14651441022160441683 .00047169811320754716 8.55732139218707827275 .00922938793627780769 0 OK|290+/-1
node-1 node-2 6 44 15 300 272 19.47711243533333333333 .11736028933056611517 .002 .42916635489333333333 .14488684656734886467 .00047169811320754716 8.35892134771962121683 .00922732529640305517 0 OK|290+/-1
node-1 node-2 6 44 15 300 172 19.47678636044000000000 .11649957578842193337 .002 .42632261887666666666 .14397388335761008860 .00047169811320754716 8.30339456848412180777 .00922664483046520220 0 OK|290+/-1
node-1 node-2 6 44 15 300 97 19.47708963322000000000 .11601131562376597873 .002 .42400268171666666666 .14287906169844937013 .00047169811320754716 8.25833823652116756649 .00922635965856351277 0 OK|290+/-1
node-1 node-2 6 44 15 300 1322 19.47828509756000000000 .12276287958677342039 .002 .45916844767000000000 .14887515435321777428 .00047169811320754716 8.94381393152031970468 .00923365062348315786 0 OK|290+/-1
node-1 node-2 6 44 15 300 847 19.47750348392000000000 .12038088406991009027 .002 .44509825789000000000 .14707237813709872744 .00047169811320754716 8.66940286873919762812 .00923052741090226219 0 OK|290+/-1
node-1 node-2 6 44 15 300 897 19.47754622716000000000 .12073487944646896793 .002 .44663952606333333333 .14765294213986636944 .00047169811320754716 8.69944201577540865381 .00923084526937640527 0 OK|290+/-1
node-1 node-2 6 44 15 300 522 19.47725342116000000000 .11856973132723610203 .002 .43630538105333333333 .14615100413941386335 .00047169811320754716 8.49803047579155411102 .00922873060584196216 0 OK|290+/-1
node-1 node-2 6 44 15 300 747 19.47760916457333333333 .11985025279839664042 .002 .44240951429666666666 .14726890083636577967 .00047169811320754716 8.61707961015919180271 .00923005997514635058 0 OK|290+/-1
node-1 node-2 6 44 15 300 672 19.47732466946000000000 .11917125793382732326 .002 .44052368527666666666 .14630188029458676437 .00047169811320754716 8.58022284272065265185 .00922956559415500389 0 OK|290+/-1
node-1 node-2 6 44 15 300 1397 19.47836906095333333333 .12326725760996735028 .002 .46119195678333333333 .14862001708403299460 .00047169811320754716 8.98326714216900678906 .00923409340687371214 0 OK|290+/-1
node-1 node-2 6 44 15 300 647 19.47748152321333333333 .11949018606657023366 .002 .44041871584333333333 .14683092899425143264 .00047169811320754716 8.57824740031586835537 .00922961920582077102 0 OK|290+/-1
node-1 node-2 6 44 15 300 1122 19.47797162844666666666 .12183102177210250624 .002 .45341116150666666666 .14821819983824966570 .00047169811320754716 8.83152973984790271819 .00923236539800703457 0 OK|290+/-1
node-1 node-2 6 44 15 300 1022 19.47760279686000000000 .12147379591685287538 .002 .45079757787000000000 .14821891468150587382 .00047169811320754716 8.78045616353842564148 .00923168029473163514 0 OK|290+/-1
node-1 node-2 6 44 15 300 122 19.47650079495333333333 .11615006696067046357 .002 .42460007572666666666 .14312639791501845530 .00047169811320754716 8.26972371242766886570 .00922619297471933436 2 OK|290+/-1
node-1 node-2 6 44 15 300 1297 19.47810027477333333333 .12291435497176625557 .002 .45768492846666666666 .14866122178180301044 .00047169811320754716 8.91483293092619341108 .00923326925625124613 0 OK|290+/-1
node-1 node-2 6 44 15 300 1172 19.47796612556000000000 .12230229335543486859 .002 .45518320766000000000 .14876538720914918840 .00047169811320754716 8.86604309972522311378 .00923271159680546341 0 OK|290+/-1
node-1 node-2 6 44 15 300 772 19.47765544152000000000 .11978132160267675206 .002 .44330228497333333333 .14699899491641629921 .00047169811320754716 8.63448916314909572802 .00923025304099865996 0 OK|290+/-1
node-1 node-2 6 44 15 300 1347 19.47792911730000000000 .12306828646265163445 .002 .46095654663000000000 .14848720040385158244 .00047169811320754716 8.97847894141453218969 .00923383990528578256 1 OK|290+/-1
node-1 node-2 6 44 15 300 247 19.47699565237333333333 .11726889751159890413 .002 .42872382477666666666 .14477435993383058625 .00047169811320754716 8.35025207124400343217 .00922718816157191572 0 OK|290+/-1
node-1 node-2 6 44 15 300 1447 19.47842308512000000000 .12342264509167529314 .002 .46211120693000000000 .14861193322897855415 .00047169811320754716 9.00119760095797732388 .00923430258907523887 0 OK|290+/-2
node-1 node-2 6 44 15 300 1472 19.47855858248666666666 .12355218930542616313 .002 .46361126979666666666 .14917361219982665630 .00047169811320754716 9.03047927823540304616 .00923466693232776912 0 OK|290+/-1
node-1 node-2 6 44 15 300 922 19.47752780378666666666 .12097159113239073755 .002 .44723097226333333333 .14764606639843128729 .00047169811320754716 8.71095369697361853556 .00923095116487916753 0 OK|290+/-1
node-1 node-2 6 44 15 300 297 19.47701711788000000000 .11756756668642634703 .002 .42995663730333333333 .14479298139816058898 .00047169811320754716 8.37427278470314589525 .00922742769051725433 0 OK|290+/-1
node-1 node-2 6 44 15 300 697 19.47744049544666666666 .11972028153489352941 .002 .44128034680000000000 .14699836893587162897 .00047169811320754716 8.59501169660706888756 .00922976456231482320 0 OK|290+/-1
node-1 node-2 6 44 15 300 1422 19.47826251866000000000 .12342610857651125942 .002 .46195721753666666666 .14877264967096090831 .00047169811320754716 8.99812395556891838743 .00923419641101592932 0 OK|290+/-2
node-1 node-2 6 44 15 300 1197 19.47788128241333333333 .12211526650170454961 .002 .45590892800000000000 .14857148507764899026 .00047169811320754716 8.88013997517632805290 .00923281500043162784 0 OK|290+/-1
node-1 node-2 6 44 15 300 972 19.47785612352000000000 .12110134755468152097 .002 .44895414922666666666 .14795357313368923213 .00047169811320754716 8.74466432469434120568 .00923143988088841479 0 OK|290+/-1
node-1 node-2 6 44 15 300 1247 19.47802511648666666666 .12261325192629298603 .002 .45801334564666666666 .14889225116132997742 .00047169811320754716 8.92119545019186242309 .00923329911964786777 0 OK|290+/-1
node-1 node-2 6 44 15 300 1372 19.47813907521333333333 .12321165187530856689 .002 .46211255116000000000 .14842541607625755286 .00047169811320754716 9.00109253989611658791 .00923416956390197385 0 OK|290+/-1
node-1 node-2 6 44 15 300 372 19.47729031981333333333 .11782785475923697436 .002 .43220927419000000000 .14521712441787807450 .00047169811320754716 8.41826551231443377628 .00922797693394573781 0 OK|290+/-1
