#TXnode RXnode MCS CHANNEL TXPOWER FPS SIZE Vmu Vsd Verr Imu Isd Ierr Pmu Perr loss status
node-1 node-2 24 44 15 1200 1322 19.47928576794000000000 .12825000033933628914 .002 .49322247187666666666 .15050267891101459410 .00047169811320754716 9.60762147685533990283 .00924114217215494850 0 OK|1191+/-2
node-1 node-2 24 44 15 1200 772 19.47880021733333333333 .12579642953607644543 .002 .47923018662000000000 .15244399122102136046 .00047169811320754716 9.33482906328634989207 .00923796906715012009 1 OK|1190+/-2
node-1 node-2 24 44 15 1200 697 19.47870540838000000000 .12484679381870611393 .002 .47657627235666666666 .15196194059060392040 .00047169811320754716 9.28308881385938288821 .00923737539385824462 0 OK|1191+/-1
node-1 node-2 24 44 15 1200 947 19.47882685280666666666 .12681631263046014278 .002 .48401931704666666666 .15188639013178040156 .00047169811320754716 9.42812847016575425271 .00923898023988178524 1 OK|1191+/-1
node-1 node-2 24 44 15 1200 497 19.47817556169333333333 .12353848132648005844 .002 .46767499117000000000 .15078074566596569915 .00047169811320754716 9.10945558382263945691 .00923530678105039616 1 OK|1191+/-1
node-1 node-2 24 44 15 1200 1472 19.47941260350666666666 .12877860308317912954 .002 .49739906898000000000 .15071376576132597898 .00047169811320754716 9.68904169326149388321 .00924209704557765017 1 OK|1191+/-1
node-1 node-2 24 44 15 1200 347 19.47798483002000000000 .12197180883777561376 .002 .45996348693333333333 .14965607137008604844 .00047169811320754716 8.95916182085056915767 .00923366797003625044 0 OK|1191+/-1
node-1 node-2 24 44 15 1200 272 19.47785136475333333333 .12139088057124829951 .002 .45664615317666666666 .14917968825396519801 .00047169811320754716 8.89448589786149653490 .00923294668844866774 1 OK|1191+/-1
node-1 node-2 24 44 15 1200 247 19.47762405756000000000 .12093885868741117274 .002 .45522806948333333333 .14872802426317680863 .00047169811320754716 8.86676119784516861272 .00923255987781569440 0 OK|1191+/-1
node-1 node-2 24 44 15 1200 1197 19.47904480938000000000 .12806109487880984019 .002 .49175384836000000000 .15129162994138536625 .00047169811320754716 9.57889524738949762561 .00924071608334096313 0 OK|1191+/-1
node-1 node-2 24 44 15 1200 622 19.47846779560000000000 .12460586649813017451 .002 .47402692880333333333 .15214952405732916807 .00047169811320754716 9.23331826694290237920 .00923673919183768661 0 OK|1191+/-1
node-1 node-2 24 44 15 1200 447 19.47804351513333333333 .12255082786875768539 .002 .46491105650666666666 .15065384897106244520 .00047169811320754716 9.05555778930346536166 .00923468658750006631 1 OK|1190+/-2
node-1 node-2 24 44 15 1200 522 19.47828442190000000000 .12364299866855866400 .002 .46901108090666666666 .15096588921262707979 .00047169811320754716 9.13553123092280586105 .00923562888507187798 1 OK|1191+/-1
node-1 node-2 24 44 15 1200 1097 19.47906839642000000000 .12731269982467651160 .002 .49038496974333333333 .15154906582873161917 .00047169811320754716 9.55224236620674225225 .00924043616251443782 1 OK|1191+/-1
node-1 node-2 24 44 15 1200 747 19.47850461668666666666 .12564112590438397511 .002 .47876597634666666666 .15258045182396053971 .00047169811320754716 9.32564528058104611983 .00923773410435304096 0 OK|1191+/-1
node-1 node-2 24 44 15 1200 472 19.47826507937333333333 .12304187318291696533 .002 .46684813562666666666 .15049869873667739958 .00047169811320754716 9.09339173754744708500 .00923518144903322189 1 OK|1190+/-0
node-1 node-2 24 44 15 1200 1172 19.47923633856000000000 .12784309437663937857 .002 .49148117702000000000 .15114539531459051342 .00047169811320754716 9.57367800312622401189 .00924074788871703500 2 OK|1190+/-2
node-1 node-2 24 44 15 1200 372 19.47774212375333333333 .12192254852438439485 .002 .46134877936666666666 .14975583989589631586 .00047169811320754716 8.98603255361230600909 .00923383049682760366 2 OK|1191+/-1
node-1 node-2 24 44 15 1200 1297 19.47918195735333333333 .12842429985415874569 .002 .49385233737666666666 .15041811512015717975 .00047169811320754716 9.61983953982433653854 .00924122804014671201 2 OK|1190+/-2
node-1 node-2 24 44 15 1200 1272 19.47936903321333333333 .12801423082972106277 .002 .49374673229666666666 .15082829291485818672 .00047169811320754716 9.61787480734996227188 .00924129320642290896 0 OK|1191+/-1
node-1 node-2 24 44 15 1200 422 19.47794903802666666666 .12234297724865213602 .002 .46383750649000000000 .15016582995384633650 .00047169811320754716 9.03460331333758325678 .00923442630814077047 0 OK|1191+/-1
node-1 node-2 24 44 15 1200 672 19.47855581017333333333 .12499506772362821228 .002 .47642335422000000000 .15194854334597559652 .00047169811320754716 9.28003889444424906626 .00923727365258189804 1 OK|1190+/-2
node-1 node-2 24 44 15 1200 847 19.47884890589333333333 .12615942010840307266 .002 .48210543295000000000 .15234483521468363054 .00047169811320754716 9.39085888514333927318 .00923859030518002080 0 OK|1191+/-1
node-1 node-2 24 44 15 1200 997 19.47893694808666666666 .12676364589595851916 .002 .48765128803000000000 .15164246526222862329 .00047169811320754716 9.49892869218962024406 .00923979580423975928 0 OK|1191+/-1
node-1 node-2 24 44 15 1200 1447 19.47928653211333333333 .12874980807682120498 .002 .49619514187000000000 .15042252766036519441 .00047169811320754716 9.66552734432835574425 .00924177905590852296 0 OK|1191+/-1
node-1 node-2 24 44 15 1200 397 19.47820433432000000000 .12229654348773517274 .002 .46283038082333333333 .15021624225315881526 .00047169811320754716 9.01510472980802754345 .00923434399351262255 1 OK|1190+/-2
node-1 node-2 24 44 15 1200 122 19.47745661242666666666 .11984167010464873557 .002 .44921065729666666666 .14727436167537348175 .00047169811320754716 8.74948108733548942587 .00923130224016012705 1 OK|1190+/-2
node-1 node-2 24 44 15 1200 597 19.47828183296000000000 .12409542068908416267 .002 .47257970941333333333 .15137480895199188841 .00047169811320754716 9.20504076849124656619 .00923635529921301154 0 OK|1191+/-1
node-1 node-2 24 44 15 1200 797 19.47860688949333333333 .12606595725360650471 .002 .48061101450666666666 .15246664125351582398 .00047169811320754716 9.36163301833593770345 .00923816530617066193 1 OK|1191+/-1
node-1 node-2 24 44 15 1200 147 19.47747797752666666666 .12015698818372307312 .002 .45022456995666666666 .14747387620348822647 .00047169811320754716 8.76923914627238911770 .00923150984535714829 1 OK|1190+/-0
node-1 node-2 24 44 15 1200 822 19.47873721043333333333 .12606207309098915151 .002 .48137301544666666666 .15207768926394754897 .00047169811320754716 9.37653846807948574369 .00923838513884575446 0 OK|1191+/-1
node-1 node-2 24 44 15 1200 547 19.47825605135333333333 .12415432739769683416 .002 .47058806117000000000 .15143001157109407782 .00047169811320754716 9.16623475017918508794 .00923593643925102485 1 OK|1190+/-0
node-1 node-2 24 44 15 1200 872 19.47884093574000000000 .12612028376670601445 .002 .48272691614666666666 .15209794239286292557 .00047169811320754716 9.40296081502122104828 .00923871637456407847 1 OK|1191+/-1
node-1 node-2 24 44 15 1200 1247 19.47905697086666666666 .12825632038876713174 .002 .49349951148666666666 .15049488992917446354 .00047169811320754716 9.61290509934364897188 .00924109402788784473 1 OK|1191+/-1
node-1 node-2 24 44 15 1200 1372 19.47928968759333333333 .12871461963660523795 .002 .49554361930666666666 .15069574304473896428 .00047169811320754716 9.65283771331302863767 .00924164070444176973 2 OK|1190+/-2
node-1 node-2 24 44 15 1200 647 19.47843146232666666666 .12457970629137288530 .002 .47518527268000000000 .15163640158845435112 .00047169811320754716 9.25586376580438824723 .00923696021547720427 1 OK|1191+/-1
node-1 node-2 24 44 15 1200 1397 19.47940414888666666666 .12838407786204993827 .002 .49570242250666666666 .15099401976569186228 .00047169811320754716 9.65598782558953403880 .00924172845003046169 0 OK|1191+/-1
node-1 node-2 24 44 15 1200 922 19.47876743388000000000 .12634579862489530106 .002 .48441858169333333333 .15152668138429145086 .00047169811320754716 9.43587689345443967837 .00923903606876527190 0 OK|1191+/-1
node-1 node-2 24 44 15 1200 72 19.47740600261333333333 .11914999871799669822 .002 .44855745573666666666 .14622607973022334629 .00047169811320754716 8.73673568088231590419 .00923115142863742702 1 OK|1191+/-1
node-1 node-2 24 44 15 1200 97 19.47717215402000000000 .11956756916457482389 .002 .44812517291666666666 .14645306421082827231 .00047169811320754716 8.72821113944789746582 .00923095766249364941 1 OK|1191+/-1
node-1 node-2 24 44 15 1200 897 19.47859090455333333333 .12646697154516334803 .002 .48357161811666666666 .15189714474331186611 .00047169811320754716 9.41929372234744123935 .00923877578026095782 0 OK|1191+/-1
node-1 node-2 24 44 15 1200 1222 19.47929210006666666666 .12783851221743941490 .002 .49300439561000000000 .15059622950116119228 .00047169811320754716 9.60337662870401464070 .00924109859506635282 1 OK|1191+/-1
node-1 node-2 24 44 15 1200 1022 19.47913655528000000000 .12700786150630644643 .002 .48720872944666666666 .15188628888891606943 .00047169811320754716 9.49040537181608803368 .00923979604730580836 2 OK|1191+/-1
node-1 node-2 24 44 15 1200 197 19.47764010700666666666 .12074962085611893365 .002 .45351823137666666666 .14832315038962520806 .00047169811320754716 8.83346489272089194537 .00923223081221431497 2 OK|1191+/-1
node-1 node-2 24 44 15 1200 572 19.47821832872666666666 .12397144802846150921 .002 .47163378280333333333 .15128913152180690497 .00047169811320754716 9.18658579264657910159 .00923613209874595557 0 OK|1191+/-1
node-1 node-2 24 44 15 1200 222 19.47756050863333333333 .12080688067412945515 .002 .45451543840000000000 .14811452782368665026 .00047169811320754716 8.85285195354400648485 .00923238960624560351 1 OK|1191+/-1
node-1 node-2 24 44 15 1200 1072 19.47897422078666666666 .12709106228317500163 .002 .48899604320000000000 .15196208412954126456 .00047169811320754716 9.52514131955948319131 .00924009756408179112 1 OK|1190+/-2
node-1 node-2 24 44 15 1200 1147 19.47921529550000000000 .12767101433687817473 .002 .49100423526000000000 .15127983581882833766 .00047169811320754716 9.56437720963187241933 .00924063660056225725 1 OK|1190+/-2
node-1 node-2 24 44 15 1200 1047 19.47884333284666666666 .12705851041093873106 .002 .48790411977666666666 .15160337965748604022 .00047169811320754716 9.50380791058014498379 .00923980528182111313 2 OK|1191+/-1
node-1 node-2 24 44 15 1200 1122 19.47901560899333333333 .12774890732744868233 .002 .49030974078333333333 .15133432916309642640 .00047169811320754716 9.55075109396002515537 .00924039543516288971 0 OK|1191+/-1
node-1 node-2 24 44 15 1200 1422 19.47958572448000000000 .12878307097049450322 .002 .49608609572000000000 .15106561817972894089 .00047169811320754716 9.66355162830033082722 .00924189595234312405 0 OK|1191+/-1
node-1 node-2 24 44 15 1200 322 19.47785947068000000000 .12181956495072908833 .002 .45996526899666666666 .14941912674445507894 .00047169811320754716 8.95913887091059761455 .00923360948755375889 0 OK|1191+/-1
node-1 node-2 24 44 15 1200 1347 19.47935268300666666666 .12849224169250087100 .002 .49543344254000000000 .15056370335418519264 .00047169811320754716 9.65072275819277822443 .00924164661952768566 1 OK|1191+/-2
node-1 node-2 24 44 15 1200 972 19.47903583642000000000 .12678358968068268617 .002 .48578258809333333333 .15207671894947517251 .00047169811320754716 9.46257644217889559962 .00923944843895616530 0 OK|1191+/-1
node-1 node-2 24 44 15 1200 297 19.47780575302666666666 .12169331350637905134 .002 .45833258986000000000 .14916916730240626646 .00047169811320754716 8.92731315557471966697 .00923325952318269509 0 OK|1191+/-1
node-1 node-2 24 44 15 1200 722 19.47886993708000000000 .12540162514718648142 .002 .47863839039666666666 .15272299815745498184 .00047169811320754716 9.32333495342999090944 .00923787905136420856 1 OK|1190+/-2
node-1 node-2 24 44 15 1200 172 19.47755570760666666666 .12056143104585622639 .002 .45240771765666666666 .14771417309433180694 .00047169811320754716 8.81179652320891318184 .00923197324875462418 1 OK|1190+/-2
node-1 node-2 12 44 15 600 1322 19.47851917807333333333 .12501130788364106680 .002 .47139975126000000000 .15005682915321352831 .00047169811320754716 9.18216909545690897937 .00923622547694346242 0 OK|590+/-1
node-1 node-2 12 44 15 600 772 19.47788266976000000000 .12199451739837477528 .002 .45573075235000000000 .14950413436019176560 .00047169811320754716 8.87667012327475139393 .00923278046577640878 0 OK|590+/-1
node-1 node-2 12 44 15 600 697 19.47762870228000000000 .12165914090117385080 .002 .45349440728000000000 .14943925793690957735 .00047169811320754716 8.83299568356038418459 .00923222077749225676 0 OK|590+/-2
node-1 node-2 12 44 15 600 947 19.47806550848000000000 .12299279959624285456 .002 .46064110515000000000 .14985521510713252281 .00047169811320754716 8.97239762201032389667 .00923384095326761137 1 OK|590+/-1
node-1 node-2 12 44 15 600 497 19.47770459664666666666 .12054559821957971352 .002 .44771851692000000000 .14928433980049405239 .00047169811320754716 8.72052901501651240525 .00923112869982140049 0 OK|590+/-1
node-1 node-2 12 44 15 600 1472 19.47864916231333333333 .12509399802457385265 .002 .47703570021000000000 .14912830609688849536 .00047169811320754716 9.29201104228907091008 .00923744386132154905 0 OK|590+/-1
node-1 node-2 12 44 15 600 347 19.47740167216000000000 .11957084256954336424 .002 .44353959472000000000 .14827255412961353307 .00047169811320754716 8.63899884386849670699 .00923017949384354226 1 OK|590+/-1
node-1 node-2 12 44 15 600 272 19.47729711220666666666 .11902076092982724125 .002 .44057123236333333333 .14726210703237376261 .00047169811320754716 8.58113679183168465598 .00922956173292757601 0 OK|590+/-1
node-1 node-2 12 44 15 600 247 19.47713327346000000000 .11864291034224832496 .002 .43931618674000000000 .14677176972451732933 .00047169811320754716 8.55661991832322084592 .00922924550235065585 0 OK|590+/-1
node-1 node-2 12 44 15 600 1197 19.47836518701333333333 .12434321957584233696 .002 .46785270656333333333 .15028582689039374397 .00047169811320754716 9.11300587217319644669 .00923543177140784793 0 OK|590+/-2
node-1 node-2 12 44 15 600 622 19.47755196842000000000 .12132349026252481786 .002 .45141661938000000000 .14961403952192548821 .00047169811320754716 8.79249066338242091997 .00923177743132036248 1 OK|590+/-1
node-1 node-2 12 44 15 600 447 19.47738203481333333333 .12011835081372347105 .002 .44614762355333333333 .14875202189637590079 .00047169811320754716 8.68978770787235664123 .00923067303090140659 1 OK|590+/-1
node-1 node-2 12 44 15 600 522 19.47766568214000000000 .12069850480774548973 .002 .44835161164666666666 .14861232429573162294 .00047169811320754716 8.73284279970244006852 .00923123333953279722 0 OK|590+/-1
node-1 node-2 12 44 15 600 1097 19.47828827327333333333 .12360057865111321820 .002 .46508505205666666666 .14989317955352486834 .00047169811320754716 9.05906071555008811223 .00923483649732098126 0 OK|590+/-1
node-1 node-2 12 44 15 600 747 19.47771727196666666666 .12170269443694311581 .002 .45627715810666666666 .14939236112899410202 .00047169811320754716 8.88723748325808691294 .00923281077652205162 0 OK|590+/-1
node-1 node-2 12 44 15 600 472 19.47755256930000000000 .12014224864232840007 .002 .44680049559333333333 .14852538293789935019 .00047169811320754716 8.70258014090844299455 .00923087940685983341 1 OK|590+/-1
node-1 node-2 12 44 15 600 1172 19.47821060392000000000 .12422914835660168840 .002 .46717729883333333333 .15008496280366408252 .00047169811320754716 9.09977781604613597802 .00923522246632355196 0 OK|590+/-1
node-1 node-2 12 44 15 600 372 19.47734644862000000000 .11975813696743783179 .002 .44416836246333333333 .14836108944065199327 .00047169811320754716 8.65122107721456641490 .00923027450798472027 0 OK|590+/-1
node-1 node-2 12 44 15 600 1297 19.47830963991333333333 .12464566964447905757 .002 .47070182847333333333 .15031751740803249102 .00047169811320754716 9.16847596307696099106 .00923598477461493599 0 OK|590+/-1
node-1 node-2 12 44 15 600 1272 19.47832095626000000000 .12481596948817606215 .002 .47009783357000000000 .15000223628898188319 .00047169811320754716 9.15671648311895672964 .00923586703521232867 0 OK|590+/-1
node-1 node-2 12 44 15 600 422 19.47776020272666666666 .12025830039587183900 .002 .44565071678333333333 .14856842699272576363 .00047169811320754716 8.68027779567902297769 .00923075456316536833 0 OK|590+/-1
node-1 node-2 12 44 15 600 672 19.47779597015333333333 .12122874368975367369 .002 .45256542676000000000 .14945906406631387202 .00047169811320754716 8.81497704557665152263 .00923211695326828926 0 OK|590+/-1
node-1 node-2 12 44 15 600 847 19.47812663428000000000 .12235909977566082890 .002 .45773662889333333333 .14968511266926321333 .00047169811320754716 8.91585202273277620106 .00923329188026411629 0 OK|590+/-1
node-1 node-2 12 44 15 600 997 19.47826571409333333333 .12315062460140049878 .002 .46211668061333333333 .15006141548382514014 .00047169811320754716 9.00123149590131004804 .00923422982588375748 1 OK|590+/-2
node-1 node-2 12 44 15 600 1447 19.47857319626000000000 .12535600197801311651 .002 .47481784760000000000 .14973686230939579531 .00047169811320754716 9.24877419936722556997 .00923695113865060293 0 OK|590+/-1
node-1 node-2 12 44 15 600 397 19.47741899890000000000 .11998404792538459493 .002 .44503738020333333333 .14818088935601749819 .00047169811320754716 8.66817952439308741171 .00923047600383401679 1 OK|590+/-1
node-1 node-2 12 44 15 600 122 19.47729542316000000000 .11768382272905500196 .002 .43326335555000000000 .14453246676670072578 .00047169811320754716 8.43879837207695878453 .00922817704859671079 1 OK|590+/-1
node-1 node-2 12 44 15 600 597 19.47791898620666666666 .12104654888684468859 .002 .45028246365333333333 .14900584206249915163 .00047169811320754716 8.77056534794917463127 .00923172817085368041 1 OK|590+/-1
node-1 node-2 12 44 15 600 797 19.47791836588666666666 .12222866013215858131 .002 .45651074173333333333 .14979989377647240664 .00047169811320754716 8.89187896063223812360 .00923295135288821610 1 OK|590+/-1
node-1 node-2 12 44 15 600 147 19.47700867325333333333 .11772354376760779150 .002 .43611634145333333333 .14480857505377320240 .00047169811320754716 8.49424176503408556452 .00922857993439064003 0 OK|590+/-1
node-1 node-2 12 44 15 600 822 19.47823827921333333333 .12197727709122813723 .002 .45701483567000000000 .14956255177699354765 .00047169811320754716 8.90184386631578511020 .00923320126562925628 1 OK|590+/-1
node-1 node-2 12 44 15 600 547 19.47745216057333333333 .12106199508465942368 .002 .44925968441000000000 .14900713769565140237 .00047169811320754716 8.75043401077004837799 .00923130969368247606 0 OK|590+/-1
node-1 node-2 12 44 15 600 872 19.47804987606666666666 .12250308052994873544 .002 .45831412579333333333 .15018500977155863600 .00047169811320754716 8.92706540110843900994 .00923337044062182961 0 OK|590+/-2
node-1 node-2 12 44 15 600 1247 19.47850209764666666666 .12432239635158526198 .002 .46933305177666666666 .15003096326303397856 .00047169811320754716 9.14190483352671328235 .00923579645517772657 1 OK|590+/-1
node-1 node-2 12 44 15 600 1372 19.47842224791333333333 .12507897529449099240 .002 .47306528890666666666 .14970377059061815681 .00047169811320754716 9.21456544815516460368 .00923652061383510473 0 OK|590+/-1
node-1 node-2 12 44 15 600 647 19.47773135764666666666 .12120238085311310034 .002 .45206541840666666666 .14936043856816335721 .00047169811320754716 8.80520877580719194828 .00923198863265504297 1 OK|590+/-1
node-1 node-2 12 44 15 600 1397 19.47861888699333333333 .12528636627944825126 .002 .47369783379333333333 .14994230667767293425 .00047169811320754716 9.22697957205465153572 .00923674255242310247 1 OK|590+/-1
node-1 node-2 12 44 15 600 922 19.47792213766666666666 .12295330414364788712 .002 .46025166093000000000 .15000702554059043130 .00047169811320754716 8.96474601532629944802 .00923369598338144117 1 OK|590+/-1
node-1 node-2 12 44 15 600 72 19.47679981697333333333 .11724260468628151379 .002 .43123293614000000000 .14388934494448610981 .00047169811320754716 8.39903757168442514141 .00922756386792144397 0 OK|590+/-1
node-1 node-2 12 44 15 600 97 19.47703745153333333333 .11732535808048835168 .002 .43234855661000000000 .14417095515901944959 .00047169811320754716 8.42086902920934949796 .00922788427962740655 0 OK|590+/-1
node-1 node-2 12 44 15 600 897 19.47808165557333333333 .12249188671827092185 .002 .45915194840666666666 .14986359929846104480 .00047169811320754716 8.94339914338064759665 .00923355185421193429 0 OK|590+/-1
node-1 node-2 12 44 15 600 1222 19.47850892790000000000 .12422870120290215547 .002 .46871818760666666666 .14967410133746252424 .00047169811320754716 9.12993140196556380009 .00923567475981269979 0 OK|590+/-1
node-1 node-2 12 44 15 600 1022 19.47813023157333333333 .12355104675868927801 .002 .46275416742000000000 .14986257390709486523 .00047169811320754716 9.01358593821004966333 .00923429393720295758 0 OK|590+/-1
node-1 node-2 12 44 15 600 197 19.47720218134000000000 .11844806095566206574 .002 .43714223527000000000 .14613696749918847125 .00047169811320754716 8.51430769835668748386 .00922886495057603928 1 OK|590+/-1
node-1 node-2 12 44 15 600 572 19.47778616421333333333 .12064965092132356476 .002 .45107586239333333333 .14866571396175706746 .00047169811320754716 8.78595919153546544308 .00923182074769505855 0 OK|590+/-1
node-1 node-2 12 44 15 600 222 19.47714047359333333333 .11860047519314005463 .002 .43822436803333333333 .14635505329320781484 .00047169811320754716 8.53535757513689720473 .00922904125505667733 0 OK|590+/-1
node-1 node-2 12 44 15 600 1072 19.47807616614000000000 .12367461902205487825 .002 .46443313353333333333 .15000328681853104664 .00047169811320754716 9.04626394904133600516 .00923460571756010707 1 OK|590+/-1
node-1 node-2 12 44 15 600 1147 19.47831156603333333333 .12384544076274076545 .002 .46646308036333333333 .15032793225558964362 .00047169811320754716 9.08591321336865191825 .00923512543651809745 0 OK|590+/-1
node-1 node-2 12 44 15 600 1047 19.47832325377333333333 .12329023465505245257 .002 .46347633716333333333 .15015022461952342524 .00047169811320754716 9.02774191574224542632 .00923452939648162309 0 OK|590+/-1
node-1 node-2 12 44 15 600 1122 19.47837459474000000000 .12407932494821083745 .002 .46565858230666666666 .15012852017317443594 .00047169811320754716 9.07027229942482126760 .00923499261450420543 0 OK|590+/-1
node-1 node-2 12 44 15 600 1422 19.47873565436000000000 .12553184859622671178 .002 .47400366896000000000 .14969303947015133415 .00047169811320754716 9.23299216686860642066 .00923686009845050105 0 OK|590+/-1
node-1 node-2 12 44 15 600 322 19.47747059169333333333 .11968461702620770816 .002 .44264293580666666666 .14842104391384698157 .00047169811320754716 8.62156476479514996376 .00923003967648871810 1 OK|590+/-1
node-1 node-2 12 44 15 600 1347 19.47864789442666666666 .12502461370239061466 .002 .47206981124666666666 .14986402482569422624 .00047169811320754716 9.19528163486227763385 .00923642276483345905 1 OK|590+/-1
node-1 node-2 12 44 15 600 972 19.47836596660666666666 .12292098912594774544 .002 .46141037290666666666 .14997497968809969280 .00047169811320754716 8.98752010426450678727 .00923413559952782748 1 OK|590+/-1
node-1 node-2 12 44 15 600 297 19.47754023578666666666 .11901828097391379841 .002 .44176146529000000000 .14734469377289454545 .00047169811320754716 8.60442671480604996250 .00922990345350373098 0 OK|590+/-1
node-1 node-2 12 44 15 600 722 19.47790629096000000000 .12179766669807157102 .002 .45415167333000000000 .14948299660981027955 .00047169811320754716 8.84592373500441785209 .00923248031484549334 0 OK|590+/-1
node-1 node-2 12 44 15 600 172 19.47724955758000000000 .11799709119609418151 .002 .43585819866333333333 .14542417468193814466 .00047169811320754716 8.48931890708302491396 .00922864426898435716 0 OK|590+/-1
node-1 node-2 48 44 15 2400 1322 19.48016865440000000000 .13230812924066144160 .002 .51674699034000000000 .15318244424244365839 .00047169811320754716 10.06631852347680759849 .00924669660358798676 1257 OK|2387+/-8
node-1 node-2 48 44 15 2400 772 19.47912489465333333333 .12883922708264624733 .002 .50363259344333333333 .15071041365359615985 .00047169811320754716 9.81032218870085547265 .00924331237662843243 1 OK|2388+/-10
node-1 node-2 48 44 15 2400 697 19.47936392382000000000 .12790825376663999852 .002 .50089413617333333333 .14960935295082714637 .00047169811320754716 9.75709916582781179958 .00924282923337900417 3 OK|2390+/-6
node-1 node-2 48 44 15 2400 947 19.47965858362666666666 .13013096795212155456 .002 .50776045639000000000 .15080924356521405614 .00047169811320754716 9.89100033274365724803 .00924446588142250433 1 OK|2385+/-7
node-1 node-2 48 44 15 2400 497 19.47895116896000000000 .12696939159736179447 .002 .49430719941333333333 .14825780133290108882 .00047169811320754716 9.62858579983769315947 .00924121707821172221 2 OK|2391+/-6
node-1 node-2 48 44 15 2400 1472 19.48026413680666666666 .13376716576273921805 .002 .52078188340000000000 .15457182674681550967 .00047169811320754716 10.14496864629565112833 .00924764678476035923 0 OK|2384+/-11
node-1 node-2 48 44 15 2400 347 19.47837585067333333333 .12593813159884495535 .002 .48952845942333333333 .14768534303653736734 .00047169811320754716 9.53521932224877675577 .00923992966777439275 3 OK|2389+/-7
node-1 node-2 48 44 15 2400 272 19.47851008004666666666 .12493172584863997463 .002 .48813541837000000000 .14676018008272291425 .00047169811320754716 9.50815066714784182245 .00923969783298305323 1 OK|2387+/-6
node-1 node-2 48 44 15 2400 247 19.47858862195333333333 .12517532432425377842 .002 .48600928962000000000 .14685532022372638675 .00047169811320754716 9.46677501895575427012 .00923928634752152110 2 OK|2388+/-7
node-1 node-2 48 44 15 2400 1197 19.48014266493333333333 .13152978882241070442 .002 .51356969999000000000 .15262005136432211986 .00047169811320754716 10.00441102419221109334 .00924597633159988464 2 OK|2388+/-7
node-1 node-2 48 44 15 2400 622 19.47913387678000000000 .12760749227223320389 .002 .49792377863333333333 .14932184140822914215 .00047169811320754716 9.69912394443086886340 .00924207935213739765 3 OK|2389+/-6
node-1 node-2 48 44 15 2400 447 19.47901852719333333333 .12638522906686337976 .002 .49328181122333333333 .14794205982660223803 .00047169811320754716 9.60864553994679435146 .00924102950471521273 1 OK|2391+/-5
node-1 node-2 48 44 15 2400 522 19.47903725260666666666 .12710769716902367266 .002 .49542974104000000000 .14879875087938770707 .00047169811320754716 9.65049438176743393164 .00924149789555125094 2 OK|2390+/-7
node-1 node-2 48 44 15 2400 1097 19.47975148902666666666 .13110680944690761587 .002 .51121204501000000000 .15206796351931646684 .00047169811320754716 9.95828359499191484108 .00924527030825377598 1 OK|2388+/-6
node-1 node-2 48 44 15 2400 747 19.47930132701333333333 .12859974356987597197 .002 .50133994895000000000 .15028890628606813249 .00047169811320754716 9.76575193286653178930 .00924289656257870333 1 OK|2390+/-6
node-1 node-2 48 44 15 2400 472 19.47882995556000000000 .12688520743015964506 .002 .49420185615666666666 .14826807924403831302 .00047169811320754716 9.62647391979783287893 .00924113769344153317 2 OK|2390+/-7
node-1 node-2 48 44 15 2400 1172 19.47999810850666666666 .13145725784473719889 .002 .51297532776333333333 .15244985556775364364 .00047169811320754716 9.99275841454032070443 .00924577658305314989 1 OK|2390+/-4
node-1 node-2 48 44 15 2400 372 19.47875089274000000000 .12597815921410747407 .002 .49050658447333333333 .14755375971267126180 .00047169811320754716 9.55445557020478988932 .00924031306231635097 2 OK|2391+/-5
node-1 node-2 48 44 15 2400 1297 19.48005242062666666666 .13221579284335699406 .002 .51664735205000000000 .15293094354196276556 .00047169811320754716 10.06431750091196013494 .00924661984892048538 2 OK|2388+/-7
node-1 node-2 48 44 15 2400 1272 19.47995819782666666666 .13228268093242801189 .002 .51569923240666666666 .15282782079729735071 .00047169811320754716 10.04579948993316573610 .00924636397193128667 2 OK|2388+/-8
node-1 node-2 48 44 15 2400 422 19.47883017652000000000 .12631589663555725043 .002 .49268663322666666666 .14778053033712704331 .00047169811320754716 9.59695925886363596370 .00924081416110957184 2 OK|2390+/-7
node-1 node-2 48 44 15 2400 672 19.47924368629333333333 .12807235791954998737 .002 .49926735328666666666 .14970518628603389720 .00047169811320754716 9.72535043928168477148 .00924242077625885955 2 OK|2389+/-6
node-1 node-2 48 44 15 2400 847 19.47950220609333333333 .12914203338640667431 .002 .50450918005000000000 .15086702420169001344 .00047169811320754716 9.82758768577831371376 .00924368050182644077 1 OK|2386+/-9
node-1 node-2 48 44 15 2400 997 19.47961721193333333333 .13015678535235339439 .002 .50988983624000000000 .15147968967092780517 .00047169811320754716 9.93245883021057270712 .00924491528692041450 3 OK|2387+/-7
node-1 node-2 48 44 15 2400 1447 19.48026256404000000000 .13337399872965003567 .002 .52064534922666666666 .15405634197644699563 .00047169811320754716 10.14230810568176683101 .00924761529586133573 1 OK|2386+/-9
node-1 node-2 48 44 15 2400 397 19.47875838184000000000 .12634141824882544019 .002 .49173399164000000000 .14774981217974212348 .00047169811320754716 9.57836761129329048781 .00924057751667645878 3 OK|2391+/-6
node-1 node-2 48 44 15 2400 122 19.47831094214666666666 .12385474344069212454 .002 .48054588299333333333 .14700236948366864838 .00047169811320754716 9.36022213091257644249 .00923801291305491031 1 OK|2391+/-5
node-1 node-2 48 44 15 2400 597 19.47912385490000000000 .12732609978142487845 .002 .49744292715000000000 .14856102032395866161 .00047169811320754716 9.68975238869884787053 .00924197107686126769 2 OK|2389+/-6
node-1 node-2 48 44 15 2400 797 19.47944346167333333333 .12912695349122381226 .002 .50313904160666666666 .15057192256240148486 .00047169811320754716 9.80086851433757022189 .00924335423607260493 1 OK|2381+/-11
node-1 node-2 48 44 15 2400 147 19.47831671051333333333 .12432475996031740350 .002 .48193061454333333333 .14643667880084346279 .00047169811320754716 9.38719714256736973449 .00923830415537361326 3 OK|2392+/-5
node-1 node-2 48 44 15 2400 822 19.47960419731333333333 .12886196401881276902 .002 .50385164355666666666 .15045107259060402045 .00047169811320754716 9.81483059064966552217 .00924358486632547286 1 OK|2391+/-5
node-1 node-2 48 44 15 2400 547 19.47896304932666666666 .12712948473657624126 .002 .49596547571666666666 .14847961127527602457 .00047169811320754716 9.66089317522667218205 .00924157803893345208 1 OK|2391+/-5
node-1 node-2 48 44 15 2400 872 19.47958314410666666666 .12946405518612548098 .002 .50517195901666666666 .15090721214227030951 .00047169811320754716 9.84053917773640382389 .00924386324009170367 3 OK|2389+/-7
node-1 node-2 48 44 15 2400 1247 19.47997549636000000000 .13194559631191276366 .002 .51537461304000000000 .15272230718163156259 .00047169811320754716 10.03948483346521692853 .00924629968303456839 1 OK|2384+/-10
node-1 node-2 48 44 15 2400 1372 19.48015573517333333333 .13298658474295389923 .002 .51911278776000000000 .15331561398946348259 .00047169811320754716 10.11239794968478135347 .00924722058914325185 0 OK|2382+/-10
node-1 node-2 48 44 15 2400 647 19.47913138330000000000 .12779331751230898031 .002 .49866280019000000000 .14911431899810484058 .00047169811320754716 9.71351820086528620282 .00924223756095524305 1 OK|2392+/-3
node-1 node-2 48 44 15 2400 1397 19.48010067360000000000 .13295799195579912976 .002 .51967087158000000000 .15352656992404297544 .00047169811320754716 10.12324089551585709628 .00924732016476661307 2 OK|2375+/-15
node-1 node-2 48 44 15 2400 922 19.47963346169333333333 .12938474031136682205 .002 .50645337315666666666 .15126009387901186186 .00047169811320754716 9.86552607453006420048 .00924416729716934969 1 OK|2392+/-3
node-1 node-2 48 44 15 2400 72 19.47826124617333333333 .12354683337961511314 .002 .47999504897333333333 .14631729196140975831 .00047169811320754716 9.34946896077234989586 .00923787504961983505 3 OK|2393+/-3
node-1 node-2 48 44 15 2400 97 19.47832343756666666666 .12402782165335169531 .002 .47953702456000000000 .14690206885382770282 .00047169811320754716 9.34057726466803025996 .00923780907676840439 1 OK|2392+/-4
node-1 node-2 48 44 15 2400 897 19.47947679375333333333 .12984825226876245156 .002 .50573236644000000000 .15085100228950154668 .00047169811320754716 9.85140189591793707630 .00924393594698335304 2 OK|2383+/-15
node-1 node-2 48 44 15 2400 1222 19.47999767134666666666 .13193006321627117226 .002 .51455522816666666666 .15283798697046428509 .00047169811320754716 10.02353464646591941213 .00924612753632261877 2 OK|2386+/-9
node-1 node-2 48 44 15 2400 1022 19.47974100128666666666 .13049265585558419651 .002 .50937970074333333333 .15165585194431813276 .00047169811320754716 9.92258464179304269155 .00924486083499736030 2 OK|2383+/-10
node-1 node-2 48 44 15 2400 197 19.47842394144000000000 .12464503854934446318 .002 .48539978758333333333 .14659530111158374304 .00047169811320754716 9.45482284363309043905 .00923908093231839646 0 OK|2383+/-11
node-1 node-2 48 44 15 2400 572 19.47902575648666666666 .12725710003876049155 .002 .49684233552666666666 .14907192017009259406 .00047169811320754716 9.67800465063693042798 .00924179584365636698 2 OK|2387+/-7
node-1 node-2 48 44 15 2400 222 19.47856128530666666666 .12503697099836075383 .002 .48607271438666666666 .14641912673547885318 .00047169811320754716 9.46799715629605015247 .00923928687051239036 1 OK|2389+/-5
node-1 node-2 48 44 15 2400 1072 19.47989736249333333333 .13080196301707652755 .002 .51067849557666666666 .15170990091355022620 .00047169811320754716 9.94796467906597239310 .00924522074687680997 1 OK|2384+/-9
node-1 node-2 48 44 15 2400 1147 19.47973064246666666666 .13164158433745391849 .002 .51264518314333333333 .15259962633885473479 .00047169811320754716 9.98619008279012663008 .00924557795276535213 2 OK|2390+/-4
node-1 node-2 48 44 15 2400 1047 19.47976463732000000000 .13072111070483148843 .002 .51014766904000000000 .15198839097540069395 .00047169811320754716 9.93755652317661899257 .00924504129818561383 1 OK|2386+/-6
node-1 node-2 48 44 15 2400 1122 19.47976885672666666666 .13121879341933588858 .002 .51193782130666666666 .15210364270515409303 .00047169811320754716 9.97243042807010670852 .00924543908830462145 2 OK|2388+/-6
node-1 node-2 48 44 15 2400 1422 19.48031865454666666666 .13330284670619887118 .002 .52033136690666666666 .15388362794747313127 .00047169811320754716 10.13622083329770475740 .00924757089719164034 1 OK|2389+/-7
node-1 node-2 48 44 15 2400 322 19.47853497831333333333 .12570527880740727472 .002 .48966143178333333333 .14724086702907045860 .00047169811320754716 9.53788732652264649932 .00924003248831671154 0 OK|2392+/-3
node-1 node-2 48 44 15 2400 1347 19.48026625301333333333 .13264020388986585114 .002 .51819580874333333333 .15290965329909556664 .00047169811320754716 10.09459232551570794944 .00924706666488893114 1 OK|2388+/-7
node-1 node-2 48 44 15 2400 972 19.47955326174000000000 .12988237820928961508 .002 .50946567706333333333 .15097675404180678671 .00047169811320754716 9.92416379138363233782 .00924479176843526692 1 OK|2390+/-6
node-1 node-2 48 44 15 2400 297 19.47866956634666666666 .12542067466987328241 .002 .48858302411333333333 .14729326187107105389 .00047169811320754716 9.51694728243000558310 .00923986727184421897 2 OK|2392+/-4
node-1 node-2 48 44 15 2400 722 19.47923644530000000000 .12842033884409251682 .002 .50083247961333333333 .14977000352053110474 .00047169811320754716 9.75583428987401191841 .00924275609161885381 2 OK|2382+/-11
node-1 node-2 48 44 15 2400 172 19.47823562220000000000 .12468497702927375171 .002 .48494795897333333333 .14624367539022049028 .00047169811320754716 9.44593060938756547314 .00923889768493884339 2 OK|2390+/-6
node-1 node-2 6 44 15 300 1322 19.47829393920666666666 .12235208785147118559 .002 .46092367665000000000 .14770851513300687418 .00047169811320754716 8.97800685732854838418 .00923400456809808005 0 OK|290+/-1
node-1 node-2 6 44 15 300 772 19.47747079570000000000 .11983411410915177813 .002 .44540161236666666666 .14647746826731625484 .00047169811320754716 8.67529689722944196002 .00923057059495720394 0 OK|290+/-1
node-1 node-2 6 44 15 300 697 19.47723792472666666666 .11983245220712590353 .002 .44239011905000000000 .14689473749527757146 .00047169811320754716 8.61653760428500500537 .00922988194994610589 0 OK|290+/-1
node-1 node-2 6 44 15 300 947 19.47756512768000000000 .12094237420156574791 .002 .44844225141666666666 .14705488853310950461 .00047169811320754716 8.73456315797157374408 .00923120374347012720 0 OK|290+/-1
node-1 node-2 6 44 15 300 497 19.47715761619333333333 .11842203998676702351 .002 .43596887816000000000 .14537807946362146374 .00047169811320754716 8.49143455567730738300 .00922862200610043839 0 OK|290+/-1
node-1 node-2 6 44 15 300 1472 19.47818536123333333333 .12330220848358137538 .002 .46289482461000000000 .14750280988128242406 .00047169811320754716 9.01635119650917332661 .00923434800975536875 0 OK|290+/-1
node-1 node-2 6 44 15 300 347 19.47685977748000000000 .11799845609375723187 .002 .43166562064666666666 .14458451699266849364 .00047169811320754716 8.40749076409400222690 .00922767295014812388 0 OK|290+/-1
node-1 node-2 6 44 15 300 272 19.47693489226666666666 .11736370213732321071 .002 .42960642340000000000 .14405775620302552782 .00047169811320754716 8.36741633786134698570 .00922732382614450623 0 OK|290+/-1
node-1 node-2 6 44 15 300 247 19.47689840364666666666 .11719180148651799588 .002 .42869541854000000000 .14344042281262238321 .00047169811320754716 8.34965711301236562893 .00922713720879970929 0 OK|290+/-1
node-1 node-2 6 44 15 300 1197 19.47820132678000000000 .12242432081996105123 .002 .45544112041000000000 .14813459139987452231 .00047169811320754716 8.87117383584023173757 .00923287287537632622 0 OK|290+/-1
node-1 node-2 6 44 15 300 622 19.47749808706000000000 .11920768702401764971 .002 .43945883619000000000 .14629960897572271973 .00047169811320754716 8.55955864123233889870 .00922944396724427110 0 OK|290+/-1
node-1 node-2 6 44 15 300 447 19.47708271734666666666 .11844678842385802247 .002 .43452837237333333333 .14478799402733344827 .00047169811320754716 8.46334505174942744070 .00922831507571202674 0 OK|290+/-1
node-1 node-2 6 44 15 300 522 19.47715258575333333333 .11869761155692158277 .002 .43645558082333333333 .14549476761699974387 .00047169811320754716 8.50091194459965979913 .00922871166395304171 0 OK|290+/-1
node-1 node-2 6 44 15 300 1097 19.47780032275333333333 .12160139992263811968 .002 .45317387010333333333 .14779719222276832536 .00047169811320754716 8.82683015336208315535 .00923223838132120156 0 OK|290+/-1
node-1 node-2 6 44 15 300 747 19.47762209636000000000 .11983543772100967032 .002 .44257456142666666666 .14612658642854098239 .00047169811320754716 8.62030005693087879227 .00923009769652749504 0 OK|290+/-1
node-1 node-2 6 44 15 300 472 19.47709133524000000000 .11836624541709845613 .002 .43516697496333333333 .14546204352091981651 .00047169811320754716 8.47578691744094168330 .00922843948828941392 0 OK|290+/-1
node-1 node-2 6 44 15 300 1172 19.47830640453333333333 .12196992627121245193 .002 .45520129005000000000 .14800024611598434423 .00047169811320754716 8.86655020333275050155 .00923287488953425654 1 OK|290+/-1
node-1 node-2 6 44 15 300 372 19.47707247377333333333 .11779225573515949983 .002 .43237465058333333333 .14471470069561834048 .00047169811320754716 8.42139240523400478896 .00922790561726382364 0 OK|290+/-1
node-1 node-2 6 44 15 300 1297 19.47801325321333333333 .12280325062690136888 .002 .45800343465000000000 .14777506829764128814 .00047169811320754716 8.92099697012992681584 .00923329158486994712 0 OK|290+/-2
node-1 node-2 6 44 15 300 1272 19.47808705504000000000 .12268459899901637242 .002 .45743151168000000000 .14774217643579535247 .00047169811320754716 8.90989080622158656286 .00923321281841029536 0 OK|290+/-1
node-1 node-2 6 44 15 300 422 19.47721991672000000000 .11821918822683205943 .002 .43372429034000000000 .14520086107422677746 .00047169811320754716 8.44774338617549590048 .00922822819933254197 0 OK|290+/-1
node-1 node-2 6 44 15 300 672 19.47715813486666666666 .11945076900346014951 .002 .44059340953000000000 .14630391257531639003 .00047169811320754716 8.58150751059588023860 .00922950071164024018 0 OK|290+/-1
node-1 node-2 6 44 15 300 847 19.47765914315333333333 .12032851177170174088 .002 .44599442777333333333 .14708424967024384569 .00047169811320754716 8.68692744391470494377 .00923077351795750376 0 OK|290+/-1
node-1 node-2 6 44 15 300 997 19.47803898248666666666 .12146452278428209421 .002 .45058472356666666666 .14747599629176559243 .00047169811320754716 8.77650681054451197446 .00923184349371016687 0 OK|290+/-1
node-1 node-2 6 44 15 300 1447 19.47803768982000000000 .12366883174358829168 .002 .46217543912333333333 .14813440641467649975 .00047169811320754716 9.00227062255339564599 .00923413457025565011 0 OK|290+/-1
node-1 node-2 6 44 15 300 397 19.47711584762666666666 .11790394338028002428 .002 .43326750869333333333 .14511797949059320196 .00047169811320754716 8.43880145983264723530 .00922809349739223871 0 OK|290+/-1
node-1 node-2 6 44 15 300 122 19.47689937396666666666 .11651662873005431086 .002 .42620207186666666666 .14256766204749322745 .00047169811320754716 8.30109486672317627560 .00922667563408968929 0 OK|290+/-1
node-1 node-2 6 44 15 300 597 19.47730948326000000000 .11907959902200484500 .002 .43838488022666666666 .14577356403599966019 .00047169811320754716 8.53855798495665392487 .00922915110809549211 0 OK|290+/-1
node-1 node-2 6 44 15 300 797 19.47739306980666666666 .12002229131180226780 .002 .44540582199333333333 .14639254214962950219 .00047169811320754716 8.67534427054449246054 .00923053491544209803 0 OK|290+/-1
node-1 node-2 6 44 15 300 147 19.47694180538000000000 .11671729412254507029 .002 .42703789000000000000 .14301909365262526858 .00047169811320754716 8.31739213222226584820 .00922685014681426588 0 OK|290+/-1
node-1 node-2 6 44 15 300 822 19.47761197188666666666 .12041295880482337055 .002 .44539701557666666666 .14734194847665691284 .00047169811320754716 8.67527024283867482195 .00923063598945220187 0 OK|290+/-1
node-1 node-2 6 44 15 300 547 19.47729986205333333333 .11913830240656992469 .002 .43771648041333333333 .14628867140856094999 .00047169811320754716 8.52553514357308791518 .00922901969017283709 0 OK|290+/-1
node-1 node-2 6 44 15 300 872 19.47770971666000000000 .12051324852521161198 .002 .44682567625000000000 .14716795562130384656 .00047169811320754716 8.70314081594780039132 .00923095806018342171 0 OK|290+/-1
node-1 node-2 6 44 15 300 1247 19.47816236373333333333 .12261328948777926592 .002 .45744065891666666666 .14804586945206329602 .00047169811320754716 8.91010342615199350315 .00923324997927316110 0 OK|290+/-1
node-1 node-2 6 44 15 300 1372 19.47805332739333333333 .12289214896172188631 .002 .46008075365000000000 .14806176713949814681 .00047169811320754716 8.96147745450201498998 .00923372348820978015 0 OK|290+/-1
node-1 node-2 6 44 15 300 647 19.47764635853333333333 .11934337175833294961 .002 .43965040864000000000 .14595592946659904323 .00047169811320754716 8.56335518087458795105 .00922955008316849375 0 OK|290+/-1
node-1 node-2 6 44 15 300 1397 19.47817825529333333333 .12316282322557328809 .002 .46090563391333333333 .14791534624050068017 .00047169811320754716 8.97760209623287887378 .00923394667038999743 0 OK|290+/-1
node-1 node-2 6 44 15 300 922 19.47769689366000000000 .12096676302789061276 .002 .44828716318666666666 .14769768897111643073 .00047169811320754716 8.73160148586859083993 .00923123547245135871 3 OK|290+/-1
node-1 node-2 6 44 15 300 72 19.47671878632000000000 .11611887101110452365 .002 .42274788363333333333 .14166236960096658640 .00047169811320754716 8.23374164703836459183 .00922595514543239040 0 OK|290+/-1
node-1 node-2 6 44 15 300 97 19.47681119382666666666 .11631968874251487499 .002 .42415202724666666666 .14243220107235563369 .00047169811320754716 8.26112895216215064766 .00922625633338978394 3 OK|290+/-1
node-1 node-2 6 44 15 300 897 19.47772324806666666666 .12056524258629901346 .002 .44661987594333333333 .14678951654064206611 .00047169811320754716 8.69913834071011425560 .00923092457490165553 0 OK|290+/-1
node-1 node-2 6 44 15 300 1222 19.47803075880666666666 .12225493391114608847 .002 .45647322026000000000 .14800551964114381075 .00047169811320754716 8.89119942479581048808 .00923299668812105769 0 OK|290+/-1
node-1 node-2 6 44 15 300 1022 19.47780396633333333333 .12135065890252204753 .002 .45021869707333333333 .14729597309250881098 .00047169811320754716 8.76927152357239749179 .00923166173476844254 0 OK|290+/-1
node-1 node-2 6 44 15 300 197 19.47674836192000000000 .11704807818772044537 .002 .42695635369000000000 .14331771809619594641 .00047169811320754716 8.31572146234304364748 .00922674419824894300 0 OK|290+/-1
node-1 node-2 6 44 15 300 572 19.47744576354000000000 .11922269247591980138 .002 .43779622369666666666 .14586960313950013180 .00047169811320754716 8.52715220253445032455 .00922910333091055059 0 OK|290+/-1
node-1 node-2 6 44 15 300 222 19.47706584418666666666 .11726078864695107115 .002 .42796745602666666666 .14397085046662193444 .00047169811320754716 8.33555032020044854483 .00922708067812209334 0 OK|290+/-1
node-1 node-2 6 44 15 300 1072 19.47764366330000000000 .12163808650570701221 .002 .45163449435000000000 .14737611892350327885 .00047169811320754716 8.79677574700397715235 .00923186310098951261 0 OK|290+/-1
node-1 node-2 6 44 15 300 1147 19.47796407809333333333 .12212016891915169730 .002 .45468666914666666666 .14817855656805329864 .00047169811320754716 8.85637060842668166909 .00923261276894562225 0 OK|290+/-1
node-1 node-2 6 44 15 300 1047 19.47798553482666666666 .12138999373191359222 .002 .45110660309333333333 .14761779194585191213 .00047169811320754716 8.78664788971674111032 .00923192034855556040 0 OK|290+/-1
node-1 node-2 6 44 15 300 1122 19.47810841911333333333 .12189252582599984071 .002 .45356283587000000000 .14774425670320117028 .00047169811320754716 8.83454609195636597759 .00923245941018183355 0 OK|290+/-1
node-1 node-2 6 44 15 300 1422 19.47827567122666666666 .12319302817565918730 .002 .46115956557000000000 .14770039372993073991 .00047169811320754716 8.98259314659558974899 .00923404310458328053 0 OK|290+/-1
node-1 node-2 6 44 15 300 322 19.47714331523333333333 .11779557557113923733 .002 .43120473502333333333 .14465346975517476815 .00047169811320754716 8.39863642225667764045 .00922771991468852938 0 OK|290+/-1
node-1 node-2 6 44 15 300 1347 19.47838742275333333333 .12303260351696195878 .002 .46018210891000000000 .14826906989727108718 .00047169811320754716 8.96360540236864865206 .00923390049835479275 0 OK|290+/-1
node-1 node-2 6 44 15 300 972 19.47772252414666666666 .12071680654088209862 .002 .45007477554333333333 .14698318093057350699 .00047169811320754716 8.76643159315063897171 .00923159543052445675 0 OK|290+/-1
node-1 node-2 6 44 15 300 297 19.47703536892000000000 .11742781503402552133 .002 .43010271637333333333 .14411123026480486850 .00047169811320754716 8.37712581907198052438 .00922746349310509653 0 OK|290+/-1
node-1 node-2 6 44 15 300 722 19.47769387957333333333 .11978757202531105288 .002 .44225143740666666666 .14690154578929515022 .00047169811320754716 8.61403811560834045777 .00923006944914118400 0 OK|290+/-1
node-1 node-2 6 44 15 300 172 19.47687605160000000000 .11693765804242460652 .002 .42701471202333333333 .14337257093999313012 .00047169811320754716 8.31691261828813158033 .00922681497324129178 2 OK|290+/-1
