#TXnode RXnode MCS CHANNEL TXPOWER FPS SIZE Vmu Vsd Verr Imu Isd Ierr Pmu Perr loss status
node-1 node-2 24 44 15 1200 847 19.47681950477333333333 .11591034034288375438 .002 .42742550132000000000 .14013829808617145665 .00047169811320754716 8.32488934094689613296 .00922686449610408064 5088 ERR|0+/-0
node-1 node-2 24 44 15 1200 497 19.47670159988000000000 .11604418378082123927 .002 .42746862657000000000 .13971117857590811595 .00047169811320754716 8.32567888301442527681 .00922681711118484725 5091 ERR|0+/-0
node-1 node-2 24 44 15 1200 1397 19.47689289726000000000 .11620476587238202714 .002 .42755224450666666666 .14009011148106054812 .00047169811320754716 8.32738927423946685258 .00922692245468510805 5093 ERR|0+/-0
node-1 node-2 24 44 15 1200 72 19.47663166462000000000 .11602543418537922713 .002 .42764241428000000000 .13994867116509081616 .00047169811320754716 8.32903378710039205877 .00922681647697513868 5099 ERR|0+/-0
node-1 node-2 24 44 15 1200 997 19.47685021816000000000 .11589635657479472257 .002 .42774852523666666666 .13997768635404833651 .00047169811320754716 8.33119395707338943216 .00922693879864061144 5094 ERR|0+/-0
node-1 node-2 24 44 15 1200 1047 19.47659749909333333333 .11607736832747196608 .002 .42781018148666666666 .13988356452558705511 .00047169811320754716 8.33228671082987705198 .00922683153919699348 5098 ERR|0+/-0
node-1 node-2 24 44 15 1200 1322 19.47694251787333333333 .11591149041211205877 .002 .42799701019333333333 .14011602675605755189 .00047169811320754716 8.33607316535720044545 .00922702823947380416 5108 ERR|0+/-0
node-1 node-2 24 44 15 1200 1072 19.47671775593333333333 .11587994430339734440 .002 .42789514348000000000 .13999223749546047633 .00047169811320754716 8.33399293869455728797 .00922690377850827270 5097 ERR|0+/-0
node-1 node-2 24 44 15 1200 172 19.47654553115333333333 .11567970731191226825 .002 .42786227519333333333 .13999608228825958410 .00047169811320754716 8.33327908386581404312 .00922681679373354578 5094 ERR|0+/-0
node-1 node-2 24 44 15 1200 1097 19.47684087181333333333 .11595949837616186846 .002 .42819055546000000000 .13980635750058718077 .00047169811320754716 8.33979931150778185743 .00922701641872032923 5100 ERR|0+/-0
node-1 node-2 24 44 15 1200 722 19.47667547263333333333 .11573799305931656364 .002 .42944761105666666666 .14004683044647723633 .00047169811320754716 8.36421175304835915561 .00922717241909852522 5100 ERR|0+/-0
node-1 node-2 24 44 15 1200 1422 19.47659556130666666666 .11582820990600995034 .002 .42804984634666666666 .14005675791947058714 .00047169811320754716 8.33695373737348868656 .00922687509052333004 5099 ERR|0+/-0
node-1 node-2 24 44 15 1200 472 19.47655246815333333333 .11620325338655487854 .002 .42814016583333333333 .13970950379039119073 .00047169811320754716 8.33869440357678576869 .00922687161331362028 5094 ERR|0+/-0
node-1 node-2 24 44 15 1200 222 19.47643294735333333333 .11593095268090344357 .002 .42805705590333333333 .13988589989078190027 .00047169811320754716 8.33702454694274900680 .00922680005458480659 5102 ERR|0+/-0
node-1 node-2 24 44 15 1200 672 19.47664612888666666666 .11578768752901619552 .002 .42795480324666666666 .13979234702863546732 .00047169811320754716 8.33512426199264542098 .00922688120542955077 5116 ERR|0+/-0
node-1 node-2 24 44 15 1200 347 19.47650948890000000000 .11617853297016272412 .002 .42818867370666666666 .14010631149923553340 .00047169811320754716 8.33962076648739926839 .00922686043143703729 5100 ERR|0+/-0
node-1 node-2 24 44 15 1200 122 19.47689692702666666666 .11600032084483051937 .002 .42799434695333333333 .14020804163922338206 .00047169811320754716 8.33600178096016299492 .00922700633295897223 5090 ERR|0+/-0
node-1 node-2 24 44 15 1200 147 19.47664167003333333333 .11603418317148558946 .002 .42804202305333333333 .14005850830407322937 .00047169811320754716 8.33682110272592069976 .00922689529437814689 5097 ERR|0+/-0
node-1 node-2 24 44 15 1200 447 19.47686880194666666666 .11601760084959734759 .002 .42835320934666666666 .14003958290197820055 .00047169811320754716 8.34297925933782129806 .00922705973466731546 5102 ERR|0+/-0
node-1 node-2 24 44 15 1200 747 19.47675586788666666666 .11586499243208081131 .002 .42812098235333333333 .14009149675923135556 .00047169811320754716 8.33840785521568907129 .00922696358209645260 5089 ERR|0+/-0
node-1 node-2 24 44 15 1200 1172 19.47667633244666666666 .11593427248968864879 .002 .42817185679666666666 .13997927443477365406 .00047169811320754716 8.33936466949138109906 .00922693566993346009 5088 ERR|0+/-0
node-1 node-2 24 44 15 1200 197 19.47649742066666666666 .11595046989865373236 .002 .42807768126333333333 .13977124955040645461 .00047169811320754716 8.33745385497027912804 .00922683416288314840 5099 ERR|0+/-0
node-1 node-2 24 44 15 1200 1347 19.47649491573333333333 .11596964354294465127 .002 .42801146468000000000 .13974984098693862939 .00047169811320754716 8.33616311571559717629 .00922682069891259618 5104 ERR|0+/-0
node-1 node-2 24 44 15 1200 1272 19.47650004874666666666 .11601883075168410082 .002 .42824465167333333333 .13998822741763485030 .00047169811320754716 8.34070697919117595350 .00922686638945748037 5102 ERR|0+/-0
node-1 node-2 24 44 15 1200 897 19.47660712266000000000 .11594221847576690556 .002 .42815588637000000000 .13996250846232202728 .00047169811320754716 8.33902398608274761214 .00922690020035356673 5096 ERR|0+/-0
node-1 node-2 24 44 15 1200 922 19.47663862346666666666 .11583190684451600372 .002 .42945819209666666666 .13945820033147812176 .00047169811320754716 8.36440201135410517240 .00922715708274481528 5095 ERR|0+/-0
node-1 node-2 24 44 15 1200 1372 19.47665998737333333333 .11588541731103842847 .002 .42808830084666666666 .13996124876330708571 .00047169811320754716 8.33773028016291052117 .00922691248525014677 5094 ERR|0+/-0
node-1 node-2 24 44 15 1200 1247 19.47633637567333333333 .11617703158284750886 .002 .42829576026000000000 .14029176977253806256 .00047169811320754716 8.34163229509850326940 .00922679900752845704 5089 ERR|0+/-0
node-1 node-2 24 44 15 1200 547 19.47662525630666666666 .11588837753484082270 .002 .42797581750333333333 .13993270899339561631 .00047169811320754716 8.33552461627391478148 .00922687530109827646 5089 ERR|0+/-0
node-1 node-2 24 44 15 1200 247 19.47668797094666666666 .11607376182903622246 .002 .42796627981333333333 .14023365805325950524 .00047169811320754716 8.33536569401114459042 .00922690298636669854 5086 ERR|0+/-0
node-1 node-2 24 44 15 1200 1222 19.47680304084666666666 .11616319769617332727 .002 .42824038088666666666 .14002959299971456708 .00047169811320754716 8.34075355266676408448 .00922700790033136039 5221 ERR|0+/-0
node-1 node-2 24 44 15 1200 822 19.47677457379333333333 .11595408950106756773 .002 .42808528985000000000 .13971702487599099900 .00047169811320754716 8.33772068876542931399 .00922696574347171888 5098 ERR|0+/-0
node-1 node-2 24 44 15 1200 422 19.47666230348000000000 .11577695057947126416 .002 .42806890779333333333 .13995653358594468479 .00047169811320754716 8.33735355971027132372 .00922690997411029853 5089 ERR|0+/-0
node-1 node-2 24 44 15 1200 872 19.47664423562000000000 .11612047396321130534 .002 .42818903889000000000 .13999167231191214629 .00047169811320754716 8.33968557605258650326 .00922692378464482224 5105 ERR|0+/-0
node-1 node-2 24 44 15 1200 272 19.47680983717333333333 .11571859643427191975 .002 .42816652848000000000 .13984523450950124864 .00047169811320754716 8.33931805384762018936 .00922699738304261144 5094 ERR|0+/-0
node-1 node-2 24 44 15 1200 1472 19.47647603468666666666 .11597129955472384694 .002 .42833006849333333333 .13996766646022891286 .00047169811320754716 8.34236031394610513573 .00922687097029846678 5087 ERR|0+/-0
node-1 node-2 24 44 15 1200 572 19.47646851277333333333 .11591342175077208637 .002 .42825999239666666666 .14001205894611069753 .00047169811320754716 8.34099225719422547441 .00922685442630347181 5099 ERR|0+/-0
node-1 node-2 24 44 15 1200 1022 19.47676989113333333333 .11606382230513940371 .002 .42801246294666666666 .13981663621079156608 .00047169811320754716 8.33630025134945880040 .00922695003011229545 5090 ERR|0+/-0
node-1 node-2 24 44 15 1200 322 19.47660348523333333333 .11598713740537479779 .002 .42817914174000000000 .13993819492115670801 .00047169811320754716 8.33947536431750143030 .00922690280858428247 5118 ERR|0+/-0
node-1 node-2 24 44 15 1200 1447 19.47640994456000000000 .11617622850964231925 .002 .42831175584333333333 .14002925221909553202 .00047169811320754716 8.34197534087905202264 .00922683652998362109 5086 ERR|0+/-0
node-1 node-2 24 44 15 1200 797 19.47680538010666666666 .11588815408926824234 .002 .42842735828666666666 .14017497931130303448 .00047169811320754716 8.34439627686263583368 .00922704371819625118 5091 ERR|0+/-0
node-1 node-2 24 44 15 1200 597 19.47669109981333333333 .11570394844933757281 .002 .42835775602666666666 .13980561268119093014 .00047169811320754716 8.34299169434058991474 .00922697711929330894 5100 ERR|0+/-0
node-1 node-2 24 44 15 1200 1297 19.47653125227333333333 .11579733788054144593 .002 .42837311579000000000 .14015021769032557646 .00047169811320754716 8.34322237731763832072 .00922690489757571523 5092 ERR|0+/-0
node-1 node-2 24 44 15 1200 1122 19.47674021936666666666 .11591489601901736852 .002 .42815834032333333333 .14025242894170527287 .00047169811320754716 8.33912876723274718886 .00922696316635059132 5092 ERR|0+/-0
node-1 node-2 24 44 15 1200 397 19.47659414599333333333 .11583449250396353672 .002 .42811199678000000000 .13980414341869959903 .00047169811320754716 8.33816361031486476990 .00922688595967494550 5095 ERR|0+/-0
node-1 node-2 24 44 15 1200 297 19.47670036334666666666 .11592000245850244313 .002 .42825436057333333333 .14002746098137856509 .00047169811320754716 8.34098186018343573305 .00922696227198814062 5095 ERR|0+/-0
node-1 node-2 24 44 15 1200 372 19.47667170393333333333 .11601974595400035593 .002 .42823874571333333333 .14005122751226468250 .00047169811320754716 8.34066546116278137907 .00922694591286197959 5105 ERR|0+/-0
node-1 node-2 24 44 15 1200 947 19.47671298725333333333 .11581309741525363084 .002 .42956807945000000000 .13982940556924126651 .00047169811320754716 8.36657419193328673060 .00922721246810111498 5090 ERR|0+/-0
node-1 node-2 24 44 15 1200 697 19.47668045344000000000 .11596769458168058046 .002 .42838396819000000000 .14001621217888059690 .00047169811320754716 8.34349765981323573607 .00922697698680868554 5090 ERR|0+/-0
node-1 node-2 24 44 15 1200 522 19.47671560436666666666 .11573024978353523565 .002 .42814677324666666666 .13989462599931662332 .00047169811320754716 8.33889293945258955771 .00922694945865147188 5096 ERR|0+/-0
node-1 node-2 24 44 15 1200 1147 19.47681840836000000000 .11595011244984430462 .002 .42834936789333333333 .13982631907732343484 .00047169811320754716 8.34288285379424461952 .00922703535345298815 5093 ERR|0+/-0
node-1 node-2 24 44 15 1200 1197 19.47678637968000000000 .11593711568355289431 .002 .42838643049666666666 .13994676904684795705 .00047169811320754716 8.34359099473721031084 .00922702719342352431 5087 ERR|0+/-0
node-1 node-2 24 44 15 1200 97 19.47661410040666666666 .11599104183779231500 .002 .42799629525000000000 .14013140525346422786 .00047169811320754716 8.33591867898796485173 .00922687386099273224 5091 ERR|0+/-0
node-1 node-2 24 44 15 1200 972 19.47663883818000000000 .11613256071256946644 .002 .42963018058333333333 .13951025206880137136 .00047169811320754716 8.36775186120363692794 .00922718920927818299 5097 ERR|0+/-0
node-1 node-2 24 44 15 1200 622 19.47672502980000000000 .11606481527862035140 .002 .42812060497333333333 .14013110343420397433 .00047169811320754716 8.33838730265723969480 .00922694902855662739 5106 ERR|0+/-0
node-1 node-2 24 44 15 1200 647 19.47663011446000000000 .11603452891224648389 .002 .42820659814333333333 .14003680893800754441 .00047169811320754716 8.34002152460891752342 .00922692041199282264 5096 ERR|0+/-0
node-1 node-2 24 44 15 1200 772 19.47675420454000000000 .11610470783352892856 .002 .42806314666333333333 .13986002793785277633 .00047169811320754716 8.33728069158370017178 .00922695206755228354 5101 ERR|0+/-0
node-1 node-2 12 44 15 600 847 19.47645871126000000000 .11462930296125684437 .002 .41913530065666666666 .13763628077629674166 .00047169811320754716 8.16327137767111469826 .00922517364450326701 2545 ERR|0+/-0
node-1 node-2 12 44 15 600 497 19.47651107330000000000 .11455553942253251739 .002 .41882939780000000000 .13749273409649369391 .00047169811320754716 8.15733540407527065874 .00922514266826894553 2544 ERR|0+/-0
node-1 node-2 12 44 15 600 1397 19.47658227396000000000 .11474400116956668419 .002 .41765514376333333333 .13783386707172420684 .00047169811320754716 8.13449476964915344533 .00922496316343186218 2547 ERR|0+/-0
node-1 node-2 12 44 15 600 72 19.47660329433333333333 .11484166615812828670 .002 .41741472874000000000 .13793561910674950535 .00047169811320754716 8.12982108088073871247 .00922492951181262305 2544 ERR|0+/-0
node-1 node-2 12 44 15 600 997 19.47634665706000000000 .11480879759247300056 .002 .41733273161000000000 .13772467794078186349 .00047169811320754716 8.12811695217414169166 .00922479411347089523 2542 ERR|0+/-0
node-1 node-2 12 44 15 600 1047 19.47623551731333333333 .11491793217947134176 .002 .41747100699666666666 .13806866951043150752 .00047169811320754716 8.13076365391704241600 .00922476693084674416 2556 ERR|0+/-0
node-1 node-2 12 44 15 600 1322 19.47645662412000000000 .11472449659019396686 .002 .41758544119000000000 .13810997222274649806 .00047169811320754716 8.13308473220104819550 .00922489151609749012 2546 ERR|0+/-0
node-1 node-2 12 44 15 600 1072 19.47641678003333333333 .11480654576785674353 .002 .41772159747333333333 .13794320801966030396 .00047169811320754716 8.13571993041195898904 .00922489745661629942 2545 ERR|0+/-0
node-1 node-2 12 44 15 600 172 19.47637738256000000000 .11467083947814063413 .002 .41750183913666666666 .13764963802680487259 .00047169811320754716 8.13142337693857810332 .00922483915520631611 2543 ERR|0+/-0
node-1 node-2 12 44 15 600 1097 19.47630362069333333333 .11465402933569055112 .002 .41765171172333333333 .13774301550967079390 .00047169811320754716 8.13431154522592529186 .00922483164163328077 2548 ERR|0+/-0
node-1 node-2 12 44 15 600 722 19.47626488046000000000 .11476534937590396857 .002 .41750911350000000000 .13776741166658333539 .00047169811320754716 8.13151808453203807221 .00922478762294789852 2546 ERR|0+/-0
node-1 node-2 12 44 15 600 1422 19.47623132512666666666 .11465115138709897522 .002 .41778917799666666666 .13795957519632652043 .00047169811320754716 8.13695867579760004133 .00922482257918815368 2541 ERR|0+/-0
node-1 node-2 12 44 15 600 472 19.47657701708000000000 .11495996194518720233 .002 .41746317689000000000 .13782505363706533595 .00047169811320754716 8.13075371649297659128 .00922492593709330709 2546 ERR|0+/-0
node-1 node-2 12 44 15 600 222 19.47638930934666666666 .11477103804899204962 .002 .41735417590666666666 .13783305427135382684 .00047169811320754716 8.12855240983979082934 .00922481803062905138 2609 ERR|0+/-0
node-1 node-2 12 44 15 600 672 19.47662997757333333333 .11454147648025384446 .002 .41742599163000000000 .13783297791703252197 .00047169811320754716 8.13005158199913332770 .00922494408514345847 2547 ERR|0+/-0
node-1 node-2 12 44 15 600 347 19.47634284446000000000 .11479041172742461454 .002 .41732793553666666666 .13805639917295262105 .00047169811320754716 8.12802195108282198316 .00922479145455232174 2543 ERR|0+/-0
node-1 node-2 12 44 15 600 122 19.47622494660000000000 .11469611341782797720 .002 .41866294389333333333 .13748769304966933090 .00047169811320754716 8.15397367207233479603 .00922497803731173497 2543 ERR|0+/-0
node-1 node-2 12 44 15 600 147 19.47640626724666666666 .11494096871663551574 .002 .41751062753333333333 .13782279048520044748 .00047169811320754716 8.13160660273230203945 .00922485431513830629 2548 ERR|0+/-0
node-1 node-2 12 44 15 600 447 19.47634988600666666666 .11475331814744657604 .002 .41777013122333333333 .13799876093585857461 .00047169811320754716 8.13663724762855834134 .00922487482384950847 2551 ERR|0+/-0
node-1 node-2 12 44 15 600 747 19.47638589362666666666 .11484757399878505661 .002 .41750562175333333333 .13796126610537843559 .00047169811320754716 8.13150060202645211529 .00922484383816405371 2547 ERR|0+/-0
node-1 node-2 12 44 15 600 1172 19.47623687785333333333 .11491241102995197898 .002 .41745764199333333333 .13792383217309065035 .00047169811320754716 8.13050392193225297592 .00922476515065820361 2548 ERR|0+/-0
node-1 node-2 12 44 15 600 197 19.47642484533333333333 .11486074394273154719 .002 .41738366046000000000 .13801380768018032086 .00047169811320754716 8.12914149461931601551 .00922484006012641879 2556 ERR|0+/-0
node-1 node-2 12 44 15 600 1347 19.47653620330666666666 .11468399083042539333 .002 .41729403192000000000 .13780103225677105892 .00047169811320754716 8.12744232011368776954 .00922487615258889911 2551 ERR|0+/-0
node-1 node-2 12 44 15 600 1272 19.47644519142666666666 .11489337393730852057 .002 .41735663890333333333 .13778227548018437890 .00047169811320754716 8.12862370287882217973 .00922484472769845107 2544 ERR|0+/-0
node-1 node-2 12 44 15 600 897 19.47644824775333333333 .11497590806038344126 .002 .41754669549333333333 .13785588143689913493 .00047169811320754716 8.13232660579632664405 .00922488056588287000 2545 ERR|0+/-0
node-1 node-2 12 44 15 600 922 19.47643233156666666666 .11449825649670653168 .002 .41737328846333333333 .13798050811390670288 .00047169811320754716 8.12894260975956617142 .00922484169975469335 2549 ERR|0+/-0
node-1 node-2 12 44 15 600 1372 19.47646146296000000000 .11466260343165639307 .002 .41748140008000000000 .13772981583127479220 .00047169811320754716 8.13106040016070586103 .00922487495290961003 2546 ERR|0+/-0
node-1 node-2 12 44 15 600 1247 19.47639534636666666666 .11484041413160883925 .002 .41762322187666666666 .13812069958473985614 .00047169811320754716 8.13379497509336456721 .00922486957143811708 2546 ERR|0+/-0
node-1 node-2 12 44 15 600 547 19.47643019676666666666 .11459677725375383653 .002 .41739265165333333333 .13788041940693629192 .00047169811320754716 8.12931884456949169025 .00922484420129663002 2546 ERR|0+/-0
node-1 node-2 12 44 15 600 247 19.47661615596666666666 .11465587764317042700 .002 .41752468315333333333 .13786818194623654857 .00047169811320754716 8.13196798941907553574 .00922495545742683355 2557 ERR|0+/-0
node-1 node-2 12 44 15 600 1222 19.47633747450000000000 .11470105075687841688 .002 .41768678496000000000 .13833221791200255063 .00047169811320754716 8.13500878251987098352 .00922485389678784181 2544 ERR|0+/-0
node-1 node-2 12 44 15 600 822 19.47651810996000000000 .11476678052262794868 .002 .41748065902666666666 .13778914963871167497 .00047169811320754716 8.13106961609090907977 .00922490142936761194 2546 ERR|0+/-0
node-1 node-2 12 44 15 600 422 19.47638631359333333333 .11471726797272578134 .002 .41731774501666666666 .13773230391413696409 .00047169811320754716 8.12784161746223915212 .00922481003071537782 2551 ERR|0+/-0
node-1 node-2 12 44 15 600 872 19.47648805515333333333 .11482077328991431714 .002 .41749857516333333333 .13790097820121679608 .00047169811320754716 8.13140601221219778877 .00922489055407547423 2544 ERR|0+/-0
node-1 node-2 12 44 15 600 272 19.47652836939333333333 .11434854357895826440 .002 .41729738526666666666 .13777862868664203260 .00047169811320754716 8.12750436261989293480 .00922487307926781125 2547 ERR|0+/-0
node-1 node-2 12 44 15 600 1472 19.47615230470666666666 .11488413656265068953 .002 .41750773034666666666 .13751554738475082269 .00047169811320754716 8.13144414462408151469 .00922473448877147520 2547 ERR|0+/-0
node-1 node-2 12 44 15 600 572 19.47649922743333333333 .11489858444610548438 .002 .41755435552000000000 .13789825735921654938 .00047169811320754716 8.13249708269670340376 .00922490590104196130 2546 ERR|0+/-0
node-1 node-2 12 44 15 600 1022 19.47639512738000000000 .11466989888027548548 .002 .41743782666333333333 .13750435043571350055 .00047169811320754716 8.13018405320984237697 .00922483590351670971 2555 ERR|0+/-0
node-1 node-2 12 44 15 600 322 19.47637593753333333333 .11468103527481721447 .002 .41746757265000000000 .13797418056276076996 .00047169811320754716 8.13075538666090869512 .00922483227324901555 2550 ERR|0+/-0
node-1 node-2 12 44 15 600 1447 19.47643612313333333333 .11470496043228643832 .002 .41742599041000000000 .13816985756643543149 .00047169811320754716 8.12997063835603237914 .00922485301937913642 2551 ERR|0+/-0
node-1 node-2 12 44 15 600 797 19.47657891711333333333 .11467151267105800832 .002 .41736687807333333333 .13801351937313148504 .00047169811320754716 8.12887893818449515936 .00922490940009390498 2550 ERR|0+/-0
node-1 node-2 12 44 15 600 597 19.47643577206666666666 .11449340355541932006 .002 .41873566182000000000 .13776120964917110617 .00047169811320754716 8.15547822291105833582 .00922509027459900199 2547 ERR|0+/-0
node-1 node-2 12 44 15 600 1297 19.47634854573333333333 .11441774120506887847 .002 .41747768007000000000 .13812793164715960228 .00047169811320754716 8.13094080710747029686 .00922482123528039051 2545 ERR|0+/-0
node-1 node-2 12 44 15 600 1122 19.47635530557333333333 .11471913850968965335 .002 .41742796100000000000 .13786925109858183047 .00047169811320754716 8.12997528291700846930 .00922481541100377682 2546 ERR|0+/-0
node-1 node-2 12 44 15 600 397 19.47640452358666666666 .11475609781634460251 .002 .41753903174666666666 .13786260548718806895 .00047169811320754716 8.13215908668477548866 .00922485863842904749 2548 ERR|0+/-0
node-1 node-2 12 44 15 600 297 19.47648151020666666666 .11480083335329933278 .002 .41753689893000000000 .13768514558919086450 .00047169811320754716 8.13214969183917474340 .00922489441763047388 2558 ERR|0+/-0
node-1 node-2 12 44 15 600 372 19.47651509182666666666 .11457650422610433020 .002 .41758191167666666666 .13783802780147521023 .00047169811320754716 8.13304040484442849276 .00922491834286536489 2547 ERR|0+/-0
node-1 node-2 12 44 15 600 947 19.47654887945333333333 .11461303135156822332 .002 .41905137272666666666 .13744779634059380258 .00047169811320754716 8.16167454391294079557 .00922520074961721361 2544 ERR|0+/-0
node-1 node-2 12 44 15 600 697 19.47637161354000000000 .11462984710203698710 .002 .41732820378333333333 .13809951265383930785 .00047169811320754716 8.12803918169534976582 .00922480501775351076 2551 ERR|0+/-0
node-1 node-2 12 44 15 600 522 19.47649693439333333333 .11453325933244762130 .002 .41727780429333333333 .13779836310867722713 .00047169811320754716 8.12710987610948797292 .00922485476925537782 2549 ERR|0+/-0
node-1 node-2 12 44 15 600 1147 19.47652042706000000000 .11455012891159048634 .002 .41734733419333333333 .13773158741438138390 .00047169811320754716 8.12847387959549307387 .00922487838676912260 2553 ERR|0+/-0
node-1 node-2 12 44 15 600 1197 19.47652577233333333333 .11449576740236300717 .002 .41741060874000000000 .13789143512728497409 .00047169811320754716 8.12970847876995531685 .00922489234918123800 2551 ERR|0+/-0
node-1 node-2 12 44 15 600 97 19.47626772774000000000 .11447587706207800992 .002 .41876797958000000000 .13739189243519815292 .00047169811320754716 8.15603728610483731954 .00922501720372696866 2549 ERR|0+/-0
node-1 node-2 12 44 15 600 972 19.47657100966000000000 .11452875448739296750 .002 .41740847705333333333 .13774730641680433139 .00047169811320754716 8.12968584336328334160 .00922491321416794413 2560 ERR|0+/-0
node-1 node-2 12 44 15 600 622 19.47665446595333333333 .11474682725980044041 .002 .41756545383333333333 .13791922665340259781 .00047169811320754716 8.13277806123082209842 .00922498083551079037 2550 ERR|0+/-0
node-1 node-2 12 44 15 600 647 19.47621058302000000000 .11480202436412441015 .002 .41724880049333333333 .13792575092630000142 .00047169811320754716 8.12642550392065926355 .00922471500400539637 2546 ERR|0+/-0
node-1 node-2 12 44 15 600 772 19.47656553509333333333 .11476219952179233153 .002 .41749913944333333333 .13775269036727299780 .00047169811320754716 8.13144935021315167179 .00922492705334473688 2550 ERR|0+/-0
node-1 node-2 48 44 15 2400 847 19.47709672746666666666 .11845241859293303302 .002 .44909574690000000000 .14116619774571541172 .00047169811320754716 8.74708130226518841151 .00923111092448006769 10192 ERR|0+/-0
node-1 node-2 48 44 15 2400 497 19.47711253896666666666 .11826796429500922355 .002 .44921764596333333333 .14138570458696611057 .00047169811320754716 8.74946264491752847930 .00923114207218957929 10194 ERR|0+/-0
node-1 node-2 48 44 15 2400 1397 19.47706512338000000000 .11853078588668875336 .002 .44955403229333333333 .14160830376491672294 .00047169811320754716 8.75599316345532890428 .00923118531561839570 10218 ERR|0+/-0
node-1 node-2 48 44 15 2400 72 19.47712456916666666666 .11869567793199512742 .002 .44927448065666666666 .14182278758962790465 .00047169811320754716 8.75057502549755666695 .00923115878360866675 10210 ERR|0+/-0
node-1 node-2 48 44 15 2400 997 19.47709135147333333333 .11863164783300679192 .002 .44935029086666666666 .14177225565186219456 .00047169811320754716 8.75203666402118009841 .00923115794908368795 10235 ERR|0+/-0
node-1 node-2 48 44 15 2400 1047 19.47699464107333333333 .11874040107842289299 .002 .44949983310000000000 .14173513712521134771 .00047169811320754716 8.75490584045205773819 .00923114167002046610 10211 ERR|0+/-0
node-1 node-2 48 44 15 2400 1322 19.47706884635333333333 .11855346514904838010 .002 .44944561931666666666 .14179089882377704185 .00047169811320754716 8.75388327012262826059 .00923116594728715999 10221 ERR|0+/-0
node-1 node-2 48 44 15 2400 1072 19.47693405368666666666 .11844680292359449669 .002 .44932890987333333333 .14197285106553537628 .00047169811320754716 8.75154954601783310133 .00923107994144120712 10207 ERR|0+/-0
node-1 node-2 48 44 15 2400 172 19.47698951750666666666 .11861920874720479360 .002 .44930398306333333333 .14156568549464322206 .00047169811320754716 8.75108896829853623176 .00923110112618383517 10198 ERR|0+/-0
node-1 node-2 48 44 15 2400 1097 19.47734528941333333333 .11863656760748328477 .002 .44958051577000000000 .14154995058733089819 .00047169811320754716 8.75663494104482632071 .00923132200008479879 10220 ERR|0+/-0
node-1 node-2 48 44 15 2400 722 19.47690877585333333333 .11830737960722750294 .002 .45080348396666666666 .14124276570941557575 .00047169811320754716 8.78025833305562744702 .00923135564502811851 10210 ERR|0+/-0
node-1 node-2 48 44 15 2400 1422 19.47711292184000000000 .11882520058777809654 .002 .44962219611666666666 .14145068919432895460 .00047169811320754716 8.75734228593000700139 .00923122103400210160 10199 ERR|0+/-0
node-1 node-2 48 44 15 2400 472 19.47729820006666666666 .11846440970114804678 .002 .44956885762333333333 .14153174409309381382 .00047169811320754716 8.75638670139297786844 .00923129762268733105 10232 ERR|0+/-0
node-1 node-2 48 44 15 2400 222 19.47682835050000000000 .11857371592615362663 .002 .44945771548000000000 .14147479895454348773 .00047169811320754716 8.75401077521182671574 .00923105540076684785 10209 ERR|0+/-0
node-1 node-2 48 44 15 2400 672 19.47709072744666666666 .11859093384589898523 .002 .44961094949333333333 .14170925776891120411 .00047169811320754716 8.75711325533509423902 .00923120842362104724 10205 ERR|0+/-0
node-1 node-2 48 44 15 2400 347 19.47725650634666666666 .11828825026240470537 .002 .44976979469000000000 .14193567469209804739 .00047169811320754716 8.76028165998400694862 .00923131720104423667 10212 ERR|0+/-0
node-1 node-2 48 44 15 2400 122 19.47714362043333333333 .11845019710663962339 .002 .44923969254666666666 .14165986466050969851 .00047169811320754716 8.74990601173074075223 .00923116095518916732 10190 ERR|0+/-0
node-1 node-2 48 44 15 2400 147 19.47729036349333333333 .11852179233282768695 .002 .44941251796333333333 .14183262318486507372 .00047169811320754716 8.75333810536050689615 .00923126349371796612 10205 ERR|0+/-0
node-1 node-2 48 44 15 2400 447 19.47701953810000000000 .11892221369101882653 .002 .44959651737333333333 .14158496592780805348 .00047169811320754716 8.75680015314212942519 .00923117219177720029 10208 ERR|0+/-0
node-1 node-2 48 44 15 2400 747 19.47727156956000000000 .11859901861099638277 .002 .44965110119666666666 .14177250042737939476 .00047169811320754716 8.75797660955918216077 .00923130114354266529 10202 ERR|0+/-0
node-1 node-2 48 44 15 2400 1172 19.47719733468666666666 .11875578855112348935 .002 .44970409699666666666 .14150166891885165221 .00047169811320754716 8.75897543942115022002 .00923127661986543494 10226 ERR|0+/-0
node-1 node-2 48 44 15 2400 197 19.47716377458666666666 .11854649589834809372 .002 .44961664403666666666 .14165674830608381199 .00047169811320754716 8.75725701168219222541 .00923124382538008634 10235 ERR|0+/-0
node-1 node-2 48 44 15 2400 1347 19.47717184176000000000 .11890040891039995481 .002 .44965945819666666666 .14167778649549878074 .00047169811320754716 8.75809453756917382816 .00923125595416319772 10220 ERR|0+/-0
node-1 node-2 48 44 15 2400 1272 19.47716818080666666666 .11871956568642701276 .002 .44961883401000000000 .14169495153916284208 .00047169811320754716 8.75730164727096632789 .00923124632056115811 10206 ERR|0+/-0
node-1 node-2 48 44 15 2400 897 19.47728621523333333333 .11865189759326600369 .002 .45102824160000000000 .14154885957203676195 .00047169811320754716 8.78480615279660946703 .00923157674450402540 10222 ERR|0+/-0
node-1 node-2 48 44 15 2400 922 19.47706160373333333333 .11869011442066651757 .002 .44944010802666666666 .14180453744057108280 .00047169811320754716 8.75377267122395084583 .00923116147386711083 10209 ERR|0+/-0
node-1 node-2 48 44 15 2400 1372 19.47704215276666666666 .11860767923290705880 .002 .44962657666000000000 .14129658986247155398 .00047169811320754716 8.75739578661099308108 .00923118866458133819 10228 ERR|0+/-0
node-1 node-2 48 44 15 2400 1247 19.47692153630666666666 .11892138200455159552 .002 .44987203419666666666 .14152682250098318846 .00047169811320754716 8.76212231142714621643 .00923117987617411504 10239 ERR|0+/-0
node-1 node-2 48 44 15 2400 547 19.47718848836000000000 .11854762936684804428 .002 .44957063741333333333 .14151330848777946213 .00047169811320754716 8.75637204373164352711 .00923124646465679465 10247 ERR|0+/-0
node-1 node-2 48 44 15 2400 247 19.47711004292000000000 .11841549501215605039 .002 .44954014239000000000 .14142407666027045969 .00047169811320754716 8.75574282203995581137 .00923120369766122428 10199 ERR|0+/-0
node-1 node-2 48 44 15 2400 1222 19.47707886884666666666 .11859335590410861684 .002 .44954079505000000000 .14116191047197229853 .00047169811320754716 8.75574151995288520987 .00923118918995308263 10219 ERR|0+/-0
node-1 node-2 48 44 15 2400 822 19.47723271634666666666 .11863719977730100984 .002 .44973443844000000000 .14180268099625494309 .00047169811320754716 8.75958231805136394169 .00923129914247771953 10199 ERR|0+/-0
node-1 node-2 48 44 15 2400 422 19.47694001574000000000 .11850492627166906553 .002 .44952983805666666666 .14157843380351672946 .00047169811320754716 8.75546569111501291754 .00923112187027242209 10193 ERR|0+/-0
node-1 node-2 48 44 15 2400 872 19.47743186273333333333 .11860201616515780234 .002 .44978922246000000000 .14155092595144249797 .00047169811320754716 8.76073893305645545032 .00923140330898011789 10224 ERR|0+/-0
node-1 node-2 48 44 15 2400 272 19.47703793659333333333 .11871129186115477001 .002 .45092125102666666666 .14150567866839425988 .00047169811320754716 8.78261031266251222310 .00923143928557342080 10206 ERR|0+/-0
node-1 node-2 48 44 15 2400 1472 19.47682767331333333333 .11871987216673775310 .002 .44955995413666666666 .14168410967569585525 .00047169811320754716 8.75600175554250227614 .00923107499699689581 10232 ERR|0+/-0
node-1 node-2 48 44 15 2400 572 19.47735415407333333333 .11842116600298923374 .002 .44967380847666666666 .14163752110245382397 .00047169811320754716 8.75845602151097999123 .00923134433753604275 10279 ERR|0+/-0
node-1 node-2 48 44 15 2400 1022 19.47704109762666666666 .11866042577933850819 .002 .44953098450000000000 .14158887870343490152 .00047169811320754716 8.75553345976307608011 .00923116954704441716 10213 ERR|0+/-0
node-1 node-2 48 44 15 2400 322 19.47711115836666666666 .11842021194249812273 .002 .44967336182333333333 .14162935840690688654 .00047169811320754716 8.75833805318949712402 .00923123017514221936 10211 ERR|0+/-0
node-1 node-2 48 44 15 2400 1447 19.47724732226666666666 .11861987395968436494 .002 .44982671632666666666 .14178351973104436646 .00047169811320754716 8.76138620605757580140 .00923132398363051225 10210 ERR|0+/-0
node-1 node-2 48 44 15 2400 797 19.47720455994000000000 .11860759803519609590 .002 .44965478318333333333 .14192088121721638358 .00047169811320754716 8.75801819341725202894 .00923127040297224800 10214 ERR|0+/-0
node-1 node-2 48 44 15 2400 597 19.47713606709333333333 .11868361864516333009 .002 .44958173910000000000 .14161864379600742826 .00047169811320754716 8.75656470573115508201 .00923122401790209075 10207 ERR|0+/-0
node-1 node-2 48 44 15 2400 1297 19.47697399552666666666 .11872456676303298635 .002 .44980324685666666666 .14177107598987606213 .00047169811320754716 8.76080614213075853559 .00923119109520150276 10230 ERR|0+/-0
node-1 node-2 48 44 15 2400 1122 19.47708814760000000000 .11848729948986550448 .002 .44968640638666666666 .14138916321285231359 .00047169811320754716 8.75858177597058227587 .00923122191439696947 10218 ERR|0+/-0
node-1 node-2 48 44 15 2400 397 19.47721285716666666666 .11867111965824738286 .002 .44949182899666666666 .14160360939551888406 .00047169811320754716 8.75484803092523671484 .00923124255388824186 10251 ERR|0+/-0
node-1 node-2 48 44 15 2400 297 19.47700651604666666666 .11873395444519761782 .002 .44954335260000000000 .14139731465090620616 .00047169811320754716 8.75575880783566423138 .00923115572172629097 10221 ERR|0+/-0
node-1 node-2 48 44 15 2400 372 19.47720544830666666666 .11842264677632759627 .002 .44955106150000000000 .14162350291628320923 .00047169811320754716 8.75599838433984537752 .00923125061321462932 10203 ERR|0+/-0
node-1 node-2 48 44 15 2400 947 19.47716994604000000000 .11855960353671112141 .002 .44938060590000000000 .14154543351158093245 .00047169811320754716 8.75266243156872550563 .00923120074870765498 10211 ERR|0+/-0
node-1 node-2 48 44 15 2400 697 19.47732413479333333333 .11863651958485779900 .002 .44967580693333333333 .14184286953123274560 .00047169811320754716 8.75848144721528066916 .00923133063425089871 10206 ERR|0+/-0
node-1 node-2 48 44 15 2400 522 19.47699110552000000000 .11828728442967606093 .002 .45091056312666666666 .14132789742076516012 .00047169811320754716 8.78238102740310114766 .00923141521287356514 10197 ERR|0+/-0
node-1 node-2 48 44 15 2400 1147 19.47739102596666666666 .11847065171373787960 .002 .44962709504000000000 .14136564694688474101 .00047169811320754716 8.75756274596355754120 .00923135254573896446 10200 ERR|0+/-0
node-1 node-2 48 44 15 2400 1197 19.47706809005333333333 .11846672111080255972 .002 .44970900677000000000 .14143376293623959802 .00047169811320754716 8.75901294556954544965 .00923121690220163660 10463 ERR|0+/-0
node-1 node-2 48 44 15 2400 97 19.47726311847333333333 .11852419935071668658 .002 .44943719918666666666 .14139225782604372082 .00047169811320754716 8.75380658378841587151 .00923125550979245509 10240 ERR|0+/-0
node-1 node-2 48 44 15 2400 972 19.47697971177333333333 .11833808220363182884 .002 .44951082425000000000 .14143485367762688773 .00047169811320754716 8.75511320413975849583 .00923113680220565196 10223 ERR|0+/-0
node-1 node-2 48 44 15 2400 622 19.47709876551333333333 .11844350157436636105 .002 .44966067377333333333 .14172152977471431143 .00047169811320754716 8.75808535405048436907 .00923122188504762678 10203 ERR|0+/-0
node-1 node-2 48 44 15 2400 647 19.47715407949333333333 .11877656517923833867 .002 .44960548640333333333 .14144556071333897999 .00047169811320754716 8.75703533366326824575 .00923123710022454411 10199 ERR|0+/-0
node-1 node-2 48 44 15 2400 772 19.47731388027333333333 .11870578855007365014 .002 .44957386120000000000 .14187940384333655762 .00047169811320754716 8.75649120695883697805 .00923130595855478890 10214 ERR|0+/-0
node-1 node-2 6 44 15 300 847 19.47635561498000000000 .11398088282323852109 .002 .41258856797666666666 .13641785616651672795 .00047169811320754716 8.03572167258890925082 .00922394465204039263 1273 ERR|0+/-0
node-1 node-2 6 44 15 300 497 19.47617489114666666666 .11405083778782812882 .002 .41251736295666666666 .13638186305121232475 .00047169811320754716 8.03426030657866740082 .00922384700768432845 1275 ERR|0+/-0
node-1 node-2 6 44 15 300 1397 19.47668910329333333333 .11395143467502284501 .002 .41264143700333333333 .13659142474992761711 .00047169811320754716 8.03688897965012479613 .00922411078692546818 1274 ERR|0+/-0
node-1 node-2 6 44 15 300 72 19.47636905209333333333 .11401208995930181280 .002 .41225300701666666666 .13629523584369055164 .00047169811320754716 8.02919170749182246205 .00922389095035955365 1277 ERR|0+/-0
node-1 node-2 6 44 15 300 997 19.47638174451333333333 .11416160169107157135 .002 .41246706493333333333 .13624160107884668701 .00047169811320754716 8.03336601368056900366 .00922393519167206584 1272 ERR|0+/-0
node-1 node-2 6 44 15 300 1047 19.47642824420000000000 .11390395934973032433 .002 .41233786176333333333 .13655295189829396145 .00047169811320754716 8.03086877700042054920 .00922393393090520732 1273 ERR|0+/-0
node-1 node-2 6 44 15 300 1322 19.47642350326666666666 .11395278080227191730 .002 .41227665935333333333 .13649934207176055073 .00047169811320754716 8.02967481807752655715 .00922392076064025985 1274 ERR|0+/-0
node-1 node-2 6 44 15 300 1072 19.47639141956666666666 .11403993490708423400 .002 .41244511181000000000 .13618445799010470067 .00047169811320754716 8.03294243669849845507 .00922393581047949834 1271 ERR|0+/-0
node-1 node-2 6 44 15 300 172 19.47638485552666666666 .11414992074249670358 .002 .41230454681000000000 .13668091191545167236 .00047169811320754716 8.03020203135506962386 .00922390758961968785 1272 ERR|0+/-0
node-1 node-2 6 44 15 300 1097 19.47640113812000000000 .11406259852477187129 .002 .41217863318000000000 .13654868327819942687 .00047169811320754716 8.02775640037569799482 .00922389272963167379 1271 ERR|0+/-0
node-1 node-2 6 44 15 300 722 19.47637490566000000000 .11429995282453161301 .002 .41210340400000000000 .13638792494388821685 .00047169811320754716 8.02628039620266486664 .00922386695978839180 1274 ERR|0+/-0
node-1 node-2 6 44 15 300 1422 19.47616945710666666666 .11405952059044928569 .002 .41216196990000000000 .13630719736557691952 .00047169811320754716 8.02733636954729728775 .00922378090502247023 1277 ERR|0+/-0
node-1 node-2 6 44 15 300 472 19.47610522053333333333 .11425324269760394025 .002 .41235954757666666666 .13644153216673352723 .00047169811320754716 8.03115793729468110877 .00922378604931417682 1270 ERR|0+/-0
node-1 node-2 6 44 15 300 222 19.47648662812000000000 .11383129227666923276 .002 .41242660670666666666 .13626059190727468027 .00047169811320754716 8.03262129060329964446 .00922397723052233688 1273 ERR|0+/-0
node-1 node-2 6 44 15 300 672 19.47627465306000000000 .11414906928782510616 .002 .41211927504000000000 .13629381180810065277 .00047169811320754716 8.02654819049901471762 .00922382269640456608 1273 ERR|0+/-0
node-1 node-2 6 44 15 300 347 19.47636163381333333333 .11416386911798507926 .002 .41220386779333333333 .13654622945773873868 .00047169811320754716 8.02823159599954085225 .00922387868077180045 1275 ERR|0+/-0
node-1 node-2 6 44 15 300 122 19.47647182561333333333 .11388275095158389973 .002 .41205518161000000000 .13632050492356897513 .00047169811320754716 8.02538113522515031630 .00922390387650361683 1272 ERR|0+/-0
node-1 node-2 6 44 15 300 147 19.47630207592666666666 .11385024384781941476 .002 .41219351849333333333 .13629948000847339964 .00047169811320754716 8.02800547991522486740 .00922384884989120092 1276 ERR|0+/-0
node-1 node-2 6 44 15 300 447 19.47632208293333333333 .11418928451198787181 .002 .41217277462666666666 .13658445938052467329 .00047169811320754716 8.02760971244525189557 .00922385454149574878 1271 ERR|0+/-0
node-1 node-2 6 44 15 300 747 19.47641347288000000000 .11382033025186127371 .002 .41274775737333333333 .13624345039013755467 .00047169811320754716 8.03884598260699469330 .00922400032171351943 1278 ERR|0+/-0
node-1 node-2 6 44 15 300 1172 19.47642229301333333333 .11410728877462383572 .002 .41202981405666666666 .13642631877890550052 .00047169811320754716 8.02486665587940116265 .00922387607270570933 1273 ERR|0+/-0
node-1 node-2 6 44 15 300 197 19.47648531050000000000 .11396130902628798059 .002 .41218840049666666666 .13647104472067696796 .00047169811320754716 8.02798132743181923741 .00922393402056398005 1273 ERR|0+/-0
node-1 node-2 6 44 15 300 1347 19.47642790226000000000 .11409406161724138839 .002 .41215437532333333333 .13642792324310670166 .00047169811320754716 8.02729497558590974249 .00922390096789515135 1276 ERR|0+/-0
node-1 node-2 6 44 15 300 1272 19.47634061050000000000 .11418605529283352123 .002 .41210111600666666666 .13637666428452877740 .00047169811320754716 8.02622170131301358860 .00922385043864701060 1272 ERR|0+/-0
node-1 node-2 6 44 15 300 897 19.47635020660000000000 .11402401098184357586 .002 .41215944745333333333 .13632970274640248741 .00047169811320754716 8.02736173955987051046 .00922386537220631489 1271 ERR|0+/-0
node-1 node-2 6 44 15 300 922 19.47621551566666666666 .11384633082195004711 .002 .41352687633000000000 .13638986651045050491 .00047169811320754716 8.05393856492351684416 .00922404690575217044 1273 ERR|0+/-0
node-1 node-2 6 44 15 300 1372 19.47612112404000000000 .11411231335086993301 .002 .41214398239000000000 .13661771604631844228 .00047169811320754716 8.02696612157184876565 .00922375498262896671 1275 ERR|0+/-0
node-1 node-2 6 44 15 300 1247 19.47652631002000000000 .11413291270763541102 .002 .41229851973666666666 .13667623544078393052 .00047169811320754716 8.03014296723348857529 .00922397296865492391 1279 ERR|0+/-0
node-1 node-2 6 44 15 300 547 19.47639350002666666666 .11421909597646956337 .002 .41195373274333333333 .13663078833877585239 .00047169811320754716 8.02337300271397993447 .00922384895245853643 1274 ERR|0+/-0
node-1 node-2 6 44 15 300 247 19.47637228375333333333 .11398323942096297093 .002 .41212434175333333333 .13630099770087876667 .00047169811320754716 8.02668710718470796024 .00922386946990506528 1274 ERR|0+/-0
node-1 node-2 6 44 15 300 1222 19.47629760554000000000 .11400005896302878614 .002 .41207767741333333333 .13630841181273404522 .00047169811320754716 8.02574748190178854080 .00922382604580653233 1272 ERR|0+/-0
node-1 node-2 6 44 15 300 822 19.47636341869333333333 .11368047316184046486 .002 .41346988744333333333 .13621354960025420808 .00047169811320754716 8.05288979053258733654 .00922410617154045771 1270 ERR|0+/-0
node-1 node-2 6 44 15 300 422 19.47652185055333333333 .11421238209342305749 .002 .41220368048333333333 .13647469114747413521 .00047169811320754716 8.02829398981214626396 .00922395391876521952 1272 ERR|0+/-0
node-1 node-2 6 44 15 300 872 19.47644803254000000000 .11399869641552507362 .002 .41212539619000000000 .13663816273352740547 .00047169811320754716 8.02673886178449351202 .00922390524596942290 1274 ERR|0+/-0
node-1 node-2 6 44 15 300 272 19.47627981753333333333 .11406206610553945888 .002 .41196164424000000000 .13651073766929107346 .00047169811320754716 8.02348025730935918100 .00922379695638344914 1272 ERR|0+/-0
node-1 node-2 6 44 15 300 1472 19.47638559054666666666 .11423706650293006048 .002 .41196497784000000000 .13662333132767082092 .00047169811320754716 8.02358875821285284681 .00922384724541859919 1275 ERR|0+/-0
node-1 node-2 6 44 15 300 572 19.47630549200000000000 .11413481972282390738 .002 .41229513664333333333 .13661098321678805189 .00047169811320754716 8.02998603413144344512 .00922386862138238664 1272 ERR|0+/-0
node-1 node-2 6 44 15 300 1022 19.47645784006666666666 .11362142539342825358 .002 .41196240292666666666 .13640955605617721865 .00047169811320754716 8.02356837229378010512 .00922388072913395113 1274 ERR|0+/-0
node-1 node-2 6 44 15 300 322 19.47631462150000000000 .11405422876802392945 .002 .41221582221333333333 .13659461146257503059 .00047169811320754716 8.02844504538718849218 .00922385873085294059 1273 ERR|0+/-0
node-1 node-2 6 44 15 300 1447 19.47622938246000000000 .11416716792598978983 .002 .41221086223666666666 .13653374578829566609 .00047169811320754716 8.02831330686293856757 .00922381779803810576 1272 ERR|0+/-0
node-1 node-2 6 44 15 300 797 19.47614279206000000000 .11409385478923307537 .002 .41211963686000000000 .13667308277840806492 .00047169811320754716 8.02650089489727369133 .00922376081131684105 1276 ERR|0+/-0
node-1 node-2 6 44 15 300 597 19.47644007068000000000 .11382985433483196705 .002 .41205860389000000000 .13647702545417305361 .00047169811320754716 8.02543470427165372294 .00922388956919680007 1272 ERR|0+/-0
node-1 node-2 6 44 15 300 1297 19.47638610446000000000 .11405425889464134688 .002 .41227685254333333333 .13636597350228177042 .00047169811320754716 8.02966316206548174327 .00922390322486019797 1273 ERR|0+/-0
node-1 node-2 6 44 15 300 1122 19.47646206317333333333 .11395079187623231778 .002 .41213300664000000000 .13653043503094593293 .00047169811320754716 8.02689286880552348613 .00922391319787106463 1271 ERR|0+/-0
node-1 node-2 6 44 15 300 397 19.47628898325333333333 .11401148548970276779 .002 .41198567082666666666 .13625476552414066559 .00047169811320754716 8.02395198197964220575 .00922380555506470658 1271 ERR|0+/-0
node-1 node-2 6 44 15 300 297 19.47643345833333333333 .11428243175916101046 .002 .41219310525000000000 .13648579172304674974 .00047169811320754716 8.02805158638541315624 .00922391050084326815 1273 ERR|0+/-0
node-1 node-2 6 44 15 300 372 19.47628690359333333333 .11413974212229456802 .002 .41354902821666666666 .13607497591051608916 .00047169811320754716 8.05439952225001486959 .00922408441616288982 1272 ERR|0+/-0
node-1 node-2 6 44 15 300 947 19.47634444460000000000 .11406861531938076042 .002 .41223900972666666666 .13633515765871963134 .00047169811320754716 8.02890894693736969767 .00922387688717388671 1272 ERR|0+/-0
node-1 node-2 6 44 15 300 697 19.47628808531333333333 .11401548102630019816 .002 .41213445450000000000 .13659459999430158692 .00047169811320754716 8.02684936572546009490 .00922383171993895820 1272 ERR|0+/-0
node-1 node-2 6 44 15 300 522 19.47654936556666666666 .11413741704267736866 .002 .41208515870666666666 .13662383750262833251 .00047169811320754716 8.02599693636776781106 .00922394566246275488 1272 ERR|0+/-0
node-1 node-2 6 44 15 300 1147 19.47644354064666666666 .11387346512667011293 .002 .41204340799000000000 .13654205958031095115 .00047169811320754716 8.02514017201287462176 .00922388848409329480 1273 ERR|0+/-0
node-1 node-2 6 44 15 300 1197 19.47639988396000000000 .11404532115501038480 .002 .41229218607666666666 .13638121647149198338 .00047169811320754716 8.02996748506120539420 .00922391244007617409 1272 ERR|0+/-0
node-1 node-2 6 44 15 300 97 19.47642571146000000000 .11401596462177326787 .002 .41220575042333333333 .13625241672599246189 .00047169811320754716 8.02829467595667311278 .00922390912163944186 1272 ERR|0+/-0
node-1 node-2 6 44 15 300 972 19.47614002456000000000 .11390411811034901498 .002 .41221557691000000000 .13656442678176266419 .00047169811320754716 8.02836829620394196890 .00922377665958625919 1275 ERR|0+/-0
node-1 node-2 6 44 15 300 622 19.47661044035333333333 .11418665538571447355 .002 .41232104522333333333 .13655554782089000524 .00047169811320754716 8.03061637417417290084 .00922401652140337994 1275 ERR|0+/-0
node-1 node-2 6 44 15 300 647 19.47647388140666666666 .11405339548294541200 .002 .41228139990000000000 .13651395218081830459 .00047169811320754716 8.02978791694212711452 .00922394527632172913 1275 ERR|0+/-0
node-1 node-2 6 44 15 300 772 19.47606422976000000000 .11414493143909562627 .002 .41208822251333333333 .13610806298850989118 .00047169811320754716 8.02585668999731085793 .00922371828767393133 1272 ERR|0+/-0
