#TXnode RXnode MCS CHANNEL TXPOWER FPS SIZE Vmu Vsd Verr Imu Isd Ierr Pmu Perr loss status
node-1 node-2 24 44 15 1200 1322 19.47658362523333333333 .11620740905808638064 .002 .42760235963000000000 .14038932690699761403 .00047169811320754716 8.32823311568079294266 .00922678648900135328 5092 ERR|0+/-0
node-1 node-2 24 44 15 1200 1372 19.47672956118666666666 .11616141807424015022 .002 .42768529250000000000 .14062483126034320831 .00047169811320754716 8.32991077931951618043 .00922687040537995526 5098 ERR|0+/-0
node-1 node-2 24 44 15 1200 672 19.47681986702666666666 .11623257513297921521 .002 .42789932289666666666 .14048260620369703623 .00047169811320754716 8.33411803328105596988 .00922695251177749965 5095 ERR|0+/-0
node-1 node-2 24 44 15 1200 1297 19.47667278326666666666 .11600881847067763550 .002 .42772320097333333333 .14050632732805629931 .00047169811320754716 8.33062482716901996231 .00922685076756075805 5093 ERR|0+/-0
node-1 node-2 24 44 15 1200 1197 19.47657739320666666666 .11584727113591840657 .002 .42808806587000000000 .14066068338774951188 .00047169811320754716 8.33769034602520841052 .00922687365021800924 5087 ERR|0+/-0
node-1 node-2 24 44 15 1200 597 19.47659414959333333333 .11601930059980443064 .002 .42798776664000000000 .14077751797619105235 .00047169811320754716 8.33574403183814079756 .00922686290840360161 5090 ERR|0+/-0
node-1 node-2 24 44 15 1200 1222 19.47686822340666666666 .11575793518358893058 .002 .42803479131333333333 .14072021013087037783 .00047169811320754716 8.33677722544316591793 .00922700035630656784 5098 ERR|0+/-0
node-1 node-2 24 44 15 1200 397 19.47685681780666666666 .11602892152534619978 .002 .42810091045000000000 .14034790642185299131 .00047169811320754716 8.33806013640732377207 .00922700726936046799 5100 ERR|0+/-0
node-1 node-2 24 44 15 1200 272 19.47665251868000000000 .11590628087769333960 .002 .42812026882666666666 .14081562228642909090 .00047169811320754716 8.33834971214085602155 .00922691491039967432 5095 ERR|0+/-0
node-1 node-2 24 44 15 1200 747 19.47673091124666666666 .11609993371763049215 .002 .42798618394000000000 .14069981107994641692 .00047169811320754716 8.33577173833069969470 .00922692684677223503 5096 ERR|0+/-0
node-1 node-2 24 44 15 1200 372 19.47680033444666666666 .11615534220068636722 .002 .42832497232333333333 .14068549548162808752 .00047169811320754716 8.34239996419895791022 .00922702233488135217 5090 ERR|0+/-0
node-1 node-2 24 44 15 1200 172 19.47684014422000000000 .11601820412186137950 .002 .42820755450666666666 .14063099282759084585 .00047169811320754716 8.34013008767371911082 .00922701923250260164 5098 ERR|0+/-0
node-1 node-2 24 44 15 1200 1047 19.47668594418000000000 .11576047891882987475 .002 .42824333107666666666 .14048548816728988720 .00047169811320754716 8.34076086706973585250 .00922695345222186595 5098 ERR|0+/-0
node-1 node-2 24 44 15 1200 72 19.47645924523333333333 .11617735584990605874 .002 .42815079165666666666 .14077608125478249921 .00047169811320754716 8.33886144451545621713 .00922682980225265236 5099 ERR|0+/-0
node-1 node-2 24 44 15 1200 347 19.47650312896666666666 .11606381796670759882 .002 .42833462743666666666 .14076962337680733473 .00047169811320754716 8.34246071151500976161 .00922688454196166583 5091 ERR|0+/-0
node-1 node-2 24 44 15 1200 922 19.47670206993333333333 .11593188869023380259 .002 .42817607436000000000 .14061569220717413795 .00047169811320754716 8.33945783378334085357 .00922694854071823844 5095 ERR|0+/-0
node-1 node-2 24 44 15 1200 322 19.47676928312666666666 .11587200719453856478 .002 .42813160991666666666 .14057574892313557459 .00047169811320754716 8.33862058916050152687 .00922697185518664460 5100 ERR|0+/-0
node-1 node-2 24 44 15 1200 247 19.47637313248666666666 .11593411057105111957 .002 .42826386244333333333 .14067166806732970435 .00047169811320754716 8.34102678410630295217 .00922681034838227126 5102 ERR|0+/-0
node-1 node-2 24 44 15 1200 647 19.47658313679333333333 .11605580669399737346 .002 .42822392520666666666 .14060513071460478130 .00047169811320754716 8.34033888045161362863 .00922690156493064252 5092 ERR|0+/-0
node-1 node-2 24 44 15 1200 822 19.47656475411333333333 .11564514284177704304 .002 .42969451819000000000 .14040662199790327314 .00047169811320754716 8.36897310801506458732 .00922716639932626553 5098 ERR|0+/-0
node-1 node-2 24 44 15 1200 1397 19.47657307940000000000 .11621009097242276503 .002 .42846346394000000000 .14070543721525663249 .00047169811320754716 8.34499996728027665683 .00922694132203686499 5093 ERR|0+/-0
node-1 node-2 24 44 15 1200 972 19.47676273729333333333 .11569416678914912052 .002 .42823194060333333333 .14059096810667071653 .00047169811320754716 8.34057190366181466716 .00922698740440318851 5100 ERR|0+/-0
node-1 node-2 24 44 15 1200 697 19.47654094786666666666 .11605149045215663523 .002 .42824982087333333333 .14071408676274013519 .00047169811320754716 8.34082517215604181173 .00922688655787159117 5093 ERR|0+/-0
node-1 node-2 24 44 15 1200 497 19.47673333138666666666 .11589445106094000819 .002 .42834813780000000000 .14073888347355638457 .00047169811320754716 8.34282245292666895841 .00922699516773263298 5098 ERR|0+/-0
node-1 node-2 24 44 15 1200 522 19.47667502162666666666 .11610057822866810507 .002 .42816519973333333333 .14077822687598148041 .00047169811320754716 8.33923445077600605283 .00922693381862797745 5088 ERR|0+/-0
node-1 node-2 24 44 15 1200 447 19.47658669260000000000 .11578614113108715223 .002 .42818060667333333333 .14046699519381297251 .00047169811320754716 8.33949670596323875521 .00922689519364477717 5091 ERR|0+/-0
node-1 node-2 24 44 15 1200 897 19.47666024754666666666 .11578185652429077663 .002 .42833167934333333333 .14063756261160552316 .00047169811320754716 8.34247059183120604910 .00922695778695432636 5088 ERR|0+/-0
node-1 node-2 24 44 15 1200 1022 19.47673024932666666666 .11598582214781267777 .002 .42822366212666666666 .14052468288091392882 .00047169811320754716 8.34039675361989073236 .00922697060921942462 5094 ERR|0+/-0
node-1 node-2 24 44 15 1200 1422 19.47672589157333333333 .11575204004851497631 .002 .42977153348333333333 .14031229762873120441 .00047169811320754716 8.37054235365601409611 .00922725642425874658 5096 ERR|0+/-0
node-1 node-2 24 44 15 1200 772 19.47684979931333333333 .11601725889502358825 .002 .42842470986333333333 .14071984180905305647 .00047169811320754716 8.34436372432253689316 .00922706408823327833 5089 ERR|0+/-0
node-1 node-2 24 44 15 1200 1272 19.47666872799333333333 .11604077556943614387 .002 .42831051256333333333 .14060654564565480014 .00047169811320754716 8.34206196591307004928 .00922695783958766335 5093 ERR|0+/-0
node-1 node-2 24 44 15 1200 97 19.47650064910666666666 .11581226215672881009 .002 .42827505711000000000 .14062104987646218786 .00047169811320754716 8.34129942779910973714 .00922687231642706108 5100 ERR|0+/-0
node-1 node-2 24 44 15 1200 222 19.47653822385333333333 .11613124139636642388 .002 .42832150155666666666 .14046963359851933460 .00047169811320754716 8.34222009716667334833 .00922689858734826726 5099 ERR|0+/-0
node-1 node-2 24 44 15 1200 1447 19.47669195608000000000 .11597980653117346755 .002 .42837530889000000000 .14065060849036279938 .00047169811320754716 8.34333393284114831355 .00922698078104526833 5088 ERR|0+/-0
node-1 node-2 24 44 15 1200 1347 19.47663293396666666666 .11577408766123683960 .002 .42847106127666666666 .14050204373790418376 .00047169811320754716 8.34517358331277571689 .00922697084447184378 5084 ERR|0+/-0
node-1 node-2 24 44 15 1200 1172 19.47670629481333333333 .11586093833212337556 .002 .42845580791666666666 .14037596494360498899 .00047169811320754716 8.34490793109987408447 .00922700246587411994 5102 ERR|0+/-0
node-1 node-2 24 44 15 1200 1122 19.47658073672666666666 .11620371218429319975 .002 .42839576095666666666 .14080478080536246632 .00047169811320754716 8.34368462554397585026 .00922693234390392503 5089 ERR|0+/-0
node-1 node-2 24 44 15 1200 622 19.47662052940666666666 .11607756285394171278 .002 .42849067692333333333 .14042630078302074774 .00047169811320754716 8.34555031482435343432 .00922696866219073435 5089 ERR|0+/-0
node-1 node-2 24 44 15 1200 1097 19.47665976280000000000 .11593392468570497298 .002 .42847968763333333333 .14041657595059933913 .00047169811320754716 8.34535309130525609330 .00922698504722103253 5092 ERR|0+/-0
node-1 node-2 24 44 15 1200 947 19.47674963262666666666 .11588136545036579909 .002 .42823848119333333333 .14075169541439385351 .00047169811320754716 8.34069368125885670233 .00922698246386975691 5103 ERR|0+/-0
node-1 node-2 24 44 15 1200 422 19.47670732043333333333 .11576173693354113646 .002 .42835098988666666666 .14026964067473679263 .00047169811320754716 8.34286686044050539921 .00922698348102972925 5106 ERR|0+/-0
node-1 node-2 24 44 15 1200 1472 19.47658017515333333333 .11605059685307477047 .002 .42840046485666666666 .14086793653339659890 .00047169811320754716 8.34377600085382628773 .00922693295374659477 5101 ERR|0+/-0
node-1 node-2 24 44 15 1200 297 19.47662328672666666666 .11571610390920260425 .002 .42807702068000000000 .14060515497342265889 .00047169811320754716 8.33749486948866085617 .00922689315493626435 5091 ERR|0+/-0
node-1 node-2 24 44 15 1200 197 19.47660848919333333333 .11576485354884697110 .002 .42945505956333333333 .14026200481083177994 .00047169811320754716 8.36432805881824661125 .00922714234699510908 5102 ERR|0+/-0
node-1 node-2 24 44 15 1200 797 19.47685627838666666666 .11617580670092806762 .002 .42840867561000000000 .14074707279803061147 .00047169811320754716 8.34405420326994533414 .00922706415328446440 5092 ERR|0+/-0
node-1 node-2 24 44 15 1200 1247 19.47655320598000000000 .11609131117713100258 .002 .42825669075333333333 .14051614699965639628 .00047169811320754716 8.34096422327421975464 .00922689359045829356 5090 ERR|0+/-0
node-1 node-2 24 44 15 1200 122 19.47672517840000000000 .11574518906913935142 .002 .42821301663666666666 .14045667687886101126 .00047169811320754716 8.34018724284598375118 .00922696625139442568 5098 ERR|0+/-0
node-1 node-2 24 44 15 1200 572 19.47648951020666666666 .11589728416553092655 .002 .42833856105333333333 .14041119251126827677 .00047169811320754716 8.34253149117226451974 .00922687887620237485 5101 ERR|0+/-0
node-1 node-2 24 44 15 1200 872 19.47682246533333333333 .11601794904521081793 .002 .42821641083666666666 .14041191905195636229 .00047169811320754716 8.34029501060799758253 .00922701257343948404 5092 ERR|0+/-0
node-1 node-2 24 44 15 1200 547 19.47676352657333333333 .11595252828631149407 .002 .42837714811333333333 .14058737934226069846 .00047169811320754716 8.34340041399127327913 .00922701473641907217 5099 ERR|0+/-0
node-1 node-2 24 44 15 1200 722 19.47658721353333333333 .11597872987500286282 .002 .42859294652333333333 .14061149568612635499 .00047169811320754716 8.34752790206692971088 .00922697201453283697 5094 ERR|0+/-0
node-1 node-2 24 44 15 1200 997 19.47676429469333333333 .11580079256340866491 .002 .42834304810333333333 .14053013924877084408 .00047169811320754716 8.34273658517911160233 .00922700876486079534 5094 ERR|0+/-0
node-1 node-2 24 44 15 1200 1072 19.47657439229333333333 .11597275488596281539 .002 .42839185733666666666 .14078273061789870898 .00047169811320754716 8.34360587847030093399 .00922692863921764976 5087 ERR|0+/-0
node-1 node-2 24 44 15 1200 472 19.47665282734000000000 .11575052546776898066 .002 .42842120339666666666 .14058737015173443520 .00047169811320754716 8.34421104242809304473 .00922697092716206459 5107 ERR|0+/-0
node-1 node-2 24 44 15 1200 847 19.47665998820666666666 .11595542052164798255 .002 .42838190648000000000 .14028546727037798041 .00047169811320754716 8.34344873761070618290 .00922696699222437990 5102 ERR|0+/-0
node-1 node-2 24 44 15 1200 147 19.47653139259333333333 .11593569526542090561 .002 .42838320774333333333 .14056559817094916257 .00047169811320754716 8.34341899367286318191 .00922690683763754926 5097 ERR|0+/-0
node-1 node-2 24 44 15 1200 1147 19.47666045232666666666 .11594527037395678469 .002 .42854458330000000000 .14096271872090716646 .00047169811320754716 8.34661733761792088214 .00922699742638244751 5091 ERR|0+/-0
node-1 node-2 12 44 15 600 1322 19.47640832691333333333 .11455593142439168073 .002 .41894565082666666666 .13801980121817950821 .00047169811320754716 8.15955656228461647711 .00922511551816892914 2545 ERR|0+/-0
node-1 node-2 12 44 15 600 1372 19.47624519456000000000 .11454777087521369426 .002 .41752039516000000000 .13861158040608123785 .00047169811320754716 8.13172958986574228232 .00922478041770454338 2550 ERR|0+/-0
node-1 node-2 12 44 15 600 672 19.47641937182666666666 .11483936362828351531 .002 .41775170180000000000 .13831031269942433374 .00047169811320754716 8.13630733755107697461 .00922490412706435665 2549 ERR|0+/-0
node-1 node-2 12 44 15 600 1297 19.47644608660666666666 .11444965329612471696 .002 .41767613494666666666 .13844480715877113323 .00047169811320754716 8.13484672395100400714 .00922490298958886233 2545 ERR|0+/-0
node-1 node-2 12 44 15 600 1197 19.47622595711333333333 .11465777214318549421 .002 .41750588450333333333 .13818263317034327479 .00047169811320754716 8.13143894501138205320 .00922476875368208403 2547 ERR|0+/-0
node-1 node-2 12 44 15 600 597 19.47630736371333333333 .11447092287750780905 .002 .41755885939333333333 .13847057864088787568 .00047169811320754716 8.13250468798611836608 .00922481658635812498 2547 ERR|0+/-0
node-1 node-2 12 44 15 600 1222 19.47623471880000000000 .11479618081638732514 .002 .41752955045000000000 .13874971298215507861 .00047169811320754716 8.13190352659924616346 .00922477715411495130 2546 ERR|0+/-0
node-1 node-2 12 44 15 600 397 19.47640363622666666666 .11471133616886057835 .002 .41732990163000000000 .13851106976176794068 .00047169811320754716 8.12808561361264910438 .00922482036807931940 2550 ERR|0+/-0
node-1 node-2 12 44 15 600 272 19.47647501527333333333 .11474352143162216524 .002 .41764960420333333333 .13841647776139250018 .00047169811320754716 8.13434208140501820479 .00922491177435031732 2545 ERR|0+/-0
node-1 node-2 12 44 15 600 747 19.47610871018666666666 .11458770417833586694 .002 .41734190924666666666 .13822928680565301907 .00047169811320754716 8.12819639380493802806 .00922468399560165638 2547 ERR|0+/-0
node-1 node-2 12 44 15 600 372 19.47644271166000000000 .11469007497938562233 .002 .41901667291000000000 .13817328918050773292 .00047169811320754716 8.16095422516199166313 .00922514457288394803 2545 ERR|0+/-0
node-1 node-2 12 44 15 600 172 19.47648255193333333333 .11448498158769559779 .002 .41754276975666666666 .13842673897699387045 .00047169811320754716 8.13226446985163543423 .00922489596990159450 2549 ERR|0+/-0
node-1 node-2 12 44 15 600 1047 19.47642617987333333333 .11457435103711163573 .002 .41762649867666666666 .13859964287810468489 .00047169811320754716 8.13387167223506666516 .00922488464918935232 2544 ERR|0+/-0
node-1 node-2 12 44 15 600 72 19.47641260661333333333 .11452462586501821299 .002 .41734470261333333333 .13843172389928894810 .00047169811320754716 8.12837762728161789454 .00922482726046376599 2544 ERR|0+/-0
node-1 node-2 12 44 15 600 347 19.47650790312666666666 .11454522728246209874 .002 .41758134671666666666 .13837620670070760810 .00047169811320754716 8.13302639952543507226 .00922491486359860938 2544 ERR|0+/-0
node-1 node-2 12 44 15 600 922 19.47630709126666666666 .11452573509725780821 .002 .41742120631000000000 .13827914952412406235 .00047169811320754716 8.12982360050053926588 .00922479153912714116 2546 ERR|0+/-0
node-1 node-2 12 44 15 600 322 19.47629945445333333333 .11451505206644617379 .002 .41880292030666666666 .13789834475361223464 .00047169811320754716 8.15673108829219483630 .00922503845211604795 2547 ERR|0+/-0
node-1 node-2 12 44 15 600 247 19.47641904351333333333 .11476544913373674481 .002 .41750801686666666666 .13841131443769230414 .00047169811320754716 8.13156109052143264046 .00922485984431260234 2544 ERR|0+/-0
node-1 node-2 12 44 15 600 647 19.47633484652666666666 .11478764516167169721 .002 .41738377287000000000 .13830810737352361047 .00047169811320754716 8.12910611992275254839 .00922479780237528349 2540 ERR|0+/-0
node-1 node-2 12 44 15 600 822 19.47641106246666666666 .11437705234478712885 .002 .41747090380333333333 .13835104246444203378 .00047169811320754716 8.13083492909319896084 .00922484937661404800 2547 ERR|0+/-0
node-1 node-2 12 44 15 600 1397 19.47632907779333333333 .11456126964569778911 .002 .41755028985000000000 .13814190461309590406 .00047169811320754716 8.13234685164658953172 .00922482523521593551 2547 ERR|0+/-0
node-1 node-2 12 44 15 600 972 19.47648569646000000000 .11436272348017869821 .002 .41749951364333333333 .13853789082198451699 .00047169811320754716 8.13142330575338828863 .00922488961594593336 2549 ERR|0+/-0
node-1 node-2 12 44 15 600 697 19.47657497256666666666 .11439111441674322236 .002 .41759053191000000000 .13836337314188328604 .00047169811320754716 8.13323330257910799126 .00922494803335507955 2546 ERR|0+/-0
node-1 node-2 12 44 15 600 497 19.47624541826000000000 .11468168984624766680 .002 .41755757730333333333 .13823859691225793261 .00047169811320754716 8.13245385181379159949 .00922478725465281177 2550 ERR|0+/-0
node-1 node-2 12 44 15 600 522 19.47634377291333333333 .11452794093810285869 .002 .41755898042666666666 .13864325861079505660 .00047169811320754716 8.13252224825694977137 .00922483371190244057 2548 ERR|0+/-0
node-1 node-2 12 44 15 600 447 19.47636694414000000000 .11479934952060321160 .002 .41737489319333333333 .13802292855276961775 .00047169811320754716 8.12894657310460041948 .00922481127358690682 2547 ERR|0+/-0
node-1 node-2 12 44 15 600 897 19.47640916634000000000 .11454116485418840391 .002 .41754903683333333333 .13846883110750810490 .00047169811320754716 8.13235588837717162012 .00922486263085256245 2544 ERR|0+/-0
node-1 node-2 12 44 15 600 1022 19.47622391838666666666 .11467055161447280292 .002 .41737588186000000000 .13837331704066678812 .00047169811320754716 8.12890613323945966846 .00922474426432260885 2546 ERR|0+/-0
node-1 node-2 12 44 15 600 1422 19.47633251337333333333 .11462180059061099014 .002 .41749451798666666666 .13851931098735867058 .00047169811320754716 8.13126205481884392041 .00922481675201178291 2540 ERR|0+/-0
node-1 node-2 12 44 15 600 772 19.47653079400666666666 .11465208200046860413 .002 .41766962045666666666 .13833184156191943030 .00047169811320754716 8.13475522454534513993 .00922494160193888381 2547 ERR|0+/-0
node-1 node-2 12 44 15 600 1272 19.47627304670666666666 .11454044129676769618 .002 .41738023840666666666 .13819036189081528695 .00047169811320754716 8.12901148750776468838 .00922476813143855556 2546 ERR|0+/-0
node-1 node-2 12 44 15 600 97 19.47654217119333333333 .11432137323760468168 .002 .41874450802666666666 .13811138082486156966 .00047169811320754716 8.15569506953697859731 .00922514186178910259 2547 ERR|0+/-0
node-1 node-2 12 44 15 600 222 19.47651688365333333333 .11492835374732628188 .002 .41752331957333333333 .13828002884371537575 .00047169811320754716 8.13189998298901292530 .00922490857624260523 2547 ERR|0+/-0
node-1 node-2 12 44 15 600 1447 19.47654458587333333333 .11462374634788372903 .002 .41746739992333333333 .13851705742555918434 .00047169811320754716 8.13082242775541544435 .00922491146657873351 2547 ERR|0+/-0
node-1 node-2 12 44 15 600 1347 19.47656157125333333333 .11450284046355506765 .002 .41767067934666666666 .13868654593706642101 .00047169811320754716 8.13478870280256129224 .00922495625163540328 2546 ERR|0+/-0
node-1 node-2 12 44 15 600 1172 19.47644623306000000000 .11480141802617872036 .002 .41753811986666666666 .13845335653562978384 .00047169811320754716 8.13215874183609474932 .00922487806683564950 2545 ERR|0+/-0
node-1 node-2 12 44 15 600 1122 19.47658638709333333333 .11448594197874168668 .002 .41747094080666666666 .13821673064989414645 .00047169811320754716 8.13090884272217075319 .00922493174417090687 2550 ERR|0+/-0
node-1 node-2 12 44 15 600 622 19.47648962488000000000 .11438237506776399679 .002 .41757281243666666666 .13842143353557379435 .00047169811320754716 8.13285254905470056529 .00922490473193018129 2549 ERR|0+/-0
node-1 node-2 12 44 15 600 1097 19.47658595065333333333 .11476226999521186889 .002 .41772686013000000000 .13863930510063808142 .00047169811320754716 8.13589309521848805545 .00922497787937676954 2548 ERR|0+/-0
node-1 node-2 12 44 15 600 947 19.47635713892000000000 .11453041081157654749 .002 .41742885995000000000 .13856286431220009245 .00047169811320754716 8.12999355647841937425 .00922481643495324789 2549 ERR|0+/-0
node-1 node-2 12 44 15 600 422 19.47631270150666666666 .11470583066339604774 .002 .41740171060666666666 .13832146312865680860 .00047169811320754716 8.12944623791923194851 .00922479064597302392 2549 ERR|0+/-0
node-1 node-2 12 44 15 600 1472 19.47649736027333333333 .11452521208286781369 .002 .41744880317333333333 .13849128380011466003 .00047169811320754716 8.13044051305468896186 .00922488591551236312 2556 ERR|0+/-0
node-1 node-2 12 44 15 600 297 19.47642591286000000000 .11489747635877792420 .002 .41744233630333333333 .13843003156056930167 .00047169811320754716 8.13028473590306003446 .00922485118165151323 2544 ERR|0+/-0
node-1 node-2 12 44 15 600 197 19.47629543530666666666 .11474115568447501971 .002 .41757178135333333333 .13839922213854000610 .00047169811320754716 8.13275137908479946824 .00922481332252892259 2549 ERR|0+/-0
node-1 node-2 12 44 15 600 797 19.47647971580000000000 .11453620955675500168 .002 .41791958388333333333 .13847764816139696394 .00047169811320754716 8.13960229833931826029 .00922496289048412812 2551 ERR|0+/-0
node-1 node-2 12 44 15 600 1247 19.47655242732000000000 .11463203060412151819 .002 .41736070540333333333 .13828913073042870226 .00047169811320754716 8.12874765989127927288 .00922489583908288961 2546 ERR|0+/-0
node-1 node-2 12 44 15 600 122 19.47651622222000000000 .11458370238649017222 .002 .41890574028666666666 .13835814997608678997 .00047169811320754716 8.15882444627434152637 .00922515895227892265 2546 ERR|0+/-0
node-1 node-2 12 44 15 600 572 19.47642950558666666666 .11454007392410514146 .002 .41750687165000000000 .13846268192095915325 .00047169811320754716 8.13154315378924539794 .00922486455166894198 2546 ERR|0+/-0
node-1 node-2 12 44 15 600 872 19.47646416266000000000 .11494680688590892419 .002 .41754556082666666666 .13842698517285260012 .00047169811320754716 8.13231115171834449726 .00922488783665734604 2547 ERR|0+/-0
node-1 node-2 12 44 15 600 547 19.47645568834000000000 .11461879637891741772 .002 .41751554865333333333 .13852469382631884535 .00047169811320754716 8.13172308253961002663 .00922487842218350918 2560 ERR|0+/-0
node-1 node-2 12 44 15 600 722 19.47638458028666666666 .11465925596121622884 .002 .41761636149333333333 .13843217969327357474 .00047169811320754716 8.13365686346417979636 .00922486327164893485 2549 ERR|0+/-0
node-1 node-2 12 44 15 600 997 19.47641609166000000000 .11459576013697576154 .002 .41744933100000000000 .13838732176210550762 .00047169811320754716 8.13041686774110167946 .00922484783412718954 2544 ERR|0+/-0
node-1 node-2 12 44 15 600 1072 19.47657615930000000000 .11470338196008201008 .002 .41749261830666666666 .13879409315761575910 .00047169811320754716 8.13132677639535873612 .00922493086367412674 2545 ERR|0+/-0
node-1 node-2 12 44 15 600 472 19.47636985383333333333 .11480032435722271821 .002 .41765045871666666666 .13858276131742971428 .00047169811320754716 8.13431480358894978411 .00922486252842030052 2550 ERR|0+/-0
node-1 node-2 12 44 15 600 847 19.47642823164666666666 .11449264590029357274 .002 .41750013318333333333 .13789022490473841826 .00047169811320754716 8.13141138064811665140 .00922486273332905100 2550 ERR|0+/-0
node-1 node-2 12 44 15 600 147 19.47625390886666666666 .11469935884315348464 .002 .41753699266000000000 .13870831645495023695 .00047169811320754716 8.13205648539075770891 .00922478751626930971 2544 ERR|0+/-0
node-1 node-2 12 44 15 600 1147 19.47632427526666666666 .11489010088254933841 .002 .41786880347666666666 .13832887912715455029 .00047169811320754716 8.13854832102923907687 .00922488066950308739 2550 ERR|0+/-0
node-1 node-2 48 44 15 2400 1322 19.47707333582666666666 .11841083627341861801 .002 .44941399344666666666 .14203921983541267170 .00047169811320754716 8.75326930850745164574 .00923116189593306179 10239 ERR|0+/-0
node-1 node-2 48 44 15 2400 1372 19.47710036102000000000 .11849765892301936953 .002 .44933480721333333333 .14200826432892450622 .00047169811320754716 8.75173913579366676675 .00923115916390879645 10226 ERR|0+/-0
node-1 node-2 48 44 15 2400 672 19.47714788760000000000 .11852454797390851458 .002 .44958020711000000000 .14213542181029312092 .00047169811320754716 8.75654018121930700083 .00923122926865456527 10198 ERR|0+/-0
node-1 node-2 48 44 15 2400 1297 19.47713267249333333333 .11852463669212907306 .002 .44937698488000000000 .14187138442427110152 .00047169811320754716 8.75257515447279064523 .00923118254528313344 10197 ERR|0+/-0
node-1 node-2 48 44 15 2400 1197 19.47721779198000000000 .11868987548237600657 .002 .44949033426000000000 .14204952562536972991 .00047169811320754716 8.75482113577190934723 .00923124457943712755 10220 ERR|0+/-0
node-1 node-2 48 44 15 2400 597 19.47718141705333333333 .11844354459073294679 .002 .44954465071333333333 .14203442388244838521 .00047169811320754716 8.75586271700946750876 .00923123808282810621 10213 ERR|0+/-0
node-1 node-2 48 44 15 2400 1222 19.47721130062000000000 .11831827578449550889 .002 .44943538619000000000 .14184433224358145886 .00047169811320754716 8.75374798279838188643 .00923123083048634798 10208 ERR|0+/-0
node-1 node-2 48 44 15 2400 397 19.47715553916666666666 .11825439864790216149 .002 .44926626058333333333 .14196258081873642818 .00047169811320754716 8.75042883588136591444 .00923117172248278620 10207 ERR|0+/-0
node-1 node-2 48 44 15 2400 272 19.47711753666000000000 .11857076759576950440 .002 .44940384228333333333 .14233835466357695642 .00047169811320754716 8.75309145757909648304 .00923118066952545025 10262 ERR|0+/-0
node-1 node-2 48 44 15 2400 747 19.47716346189333333333 .11836646936262394259 .002 .44935830224333333333 .14196283646250125989 .00047169811320754716 8.75222510575227308078 .00923119336176048963 10208 ERR|0+/-0
node-1 node-2 48 44 15 2400 372 19.47721278736000000000 .11848711702440801677 .002 .45055734700000000000 .14189422359944946197 .00047169811320754716 8.77560132042739673392 .00923145029548898562 10195 ERR|0+/-0
node-1 node-2 48 44 15 2400 172 19.47705203875333333333 .11848271252999477024 .002 .44920119268333333333 .14194360283281099780 .00047169811320754716 8.74911500576334642038 .00923111046720286085 10205 ERR|0+/-0
node-1 node-2 48 44 15 2400 1047 19.47707026606666666666 .11853859225194434023 .002 .44966980531000000000 .14193894788963477395 .00047169811320754716 8.75825039455138789947 .00923121028509906874 10197 ERR|0+/-0
node-1 node-2 48 44 15 2400 72 19.47716600362666666666 .11863900294731352785 .002 .44930059444333333333 .14196714393983500821 .00047169811320754716 8.75110226350094441577 .00923118331925403754 10221 ERR|0+/-0
node-1 node-2 48 44 15 2400 347 19.47706043686000000000 .11849370249991231972 .002 .44928014835000000000 .14173461928645499367 .00047169811320754716 8.75065660249437660818 .00923112977955625375 10211 ERR|0+/-0
node-1 node-2 48 44 15 2400 922 19.47715059710000000000 .11847141574532356617 .002 .44949273708666666666 .14211362607884983349 .00047169811320754716 8.75483773253968298098 .00923121350239390790 10217 ERR|0+/-0
node-1 node-2 48 44 15 2400 322 19.47717113512000000000 .11854743012792250752 .002 .44945745995000000000 .14178297430697908179 .00047169811320754716 8.75415986540249343844 .00923121627340860593 10225 ERR|0+/-0
node-1 node-2 48 44 15 2400 247 19.47718827771333333333 .11848392446987842147 .002 .44956487624333333333 .14219613497133359225 .00047169811320754716 8.75625973763829741105 .00923124524347650239 10206 ERR|0+/-0
node-1 node-2 48 44 15 2400 647 19.47687487060000000000 .11868347413515510837 .002 .44959499575000000000 .14172068741860386301 .00047169811320754716 8.75670547467068879995 .00923110398046584783 10190 ERR|0+/-0
node-1 node-2 48 44 15 2400 822 19.47696770232666666666 .11849651895859071294 .002 .44950029666666666666 .14156374230085342120 .00047169811320754716 8.75490276036292169011 .00923112911375838844 10222 ERR|0+/-0
node-1 node-2 48 44 15 2400 1397 19.47712139452666666666 .11859750740561443793 .002 .44968173398666666666 .14197243888394711623 .00047169811320754716 8.75850572175955462384 .00923123661187022927 10215 ERR|0+/-0
node-1 node-2 48 44 15 2400 972 19.47713829820000000000 .11846897122790573165 .002 .44939836337666666666 .14202839484151259526 .00047169811320754716 8.75299407447207460545 .00923118934925710263 10212 ERR|0+/-0
node-1 node-2 48 44 15 2400 697 19.47737645050666666666 .11851597659575293969 .002 .44956561794333333333 .14211738643717713147 .00047169811320754716 8.75635877988695801419 .00923133372667969143 10215 ERR|0+/-0
node-1 node-2 48 44 15 2400 497 19.47728099580000000000 .11841272811684694877 .002 .44965169635333333333 .14202753975659045774 .00047169811320754716 8.75799244011201149525 .00923130568469209018 10210 ERR|0+/-0
node-1 node-2 48 44 15 2400 522 19.47727507152666666666 .11836806855122454189 .002 .44939222085000000000 .14213181665042198812 .00047169811320754716 8.75293590049971133332 .00923125236232669895 10231 ERR|0+/-0
node-1 node-2 48 44 15 2400 447 19.47716803319333333333 .11836483877904564961 .002 .45077132326333333333 .14186620478520236593 .00047169811320754716 8.77974880774485436345 .00923147106973663055 10216 ERR|0+/-0
node-1 node-2 48 44 15 2400 897 19.47710943038000000000 .11857265273824816895 .002 .44973268070000000000 .14204626571718524001 .00047169811320754716 8.75949263641204741966 .00923124092289533032 10204 ERR|0+/-0
node-1 node-2 48 44 15 2400 1022 19.47745973936000000000 .11858572427655112749 .002 .44978422020666666666 .14216296000519303273 .00047169811320754716 8.76065404047478257853 .00923141542084129263 10209 ERR|0+/-0
node-1 node-2 48 44 15 2400 1422 19.47696330027333333333 .11858644408834904566 .002 .44972922831333333333 .14189106062141704651 .00047169811320754716 8.75935967491904022300 .00923117164880594558 10196 ERR|0+/-0
node-1 node-2 48 44 15 2400 772 19.47716930674000000000 .11853521443263738353 .002 .44964551477000000000 .14201239575810583102 .00047169811320754716 8.75782181919155133054 .00923125204736102252 10224 ERR|0+/-0
node-1 node-2 48 44 15 2400 1272 19.47697607282666666666 .11837005511988046666 .002 .44956042846000000000 .14212922459948026533 .00047169811320754716 8.75607770840512442997 .00923114475633219446 10206 ERR|0+/-0
node-1 node-2 48 44 15 2400 97 19.47708685985333333333 .11840227358014361794 .002 .44922327077000000000 .14184839414644896391 .00047169811320754716 8.74956066425470300248 .00923113111180017364 10215 ERR|0+/-0
node-1 node-2 48 44 15 2400 222 19.47708364350000000000 .11822805186448941902 .002 .44949709686333333333 .14191712090629687397 .00047169811320754716 8.75489255311756482149 .00923118291978861125 10228 ERR|0+/-0
node-1 node-2 48 44 15 2400 1447 19.47719422142000000000 .11844812051365578295 .002 .44952893368666666666 .14206509431770536388 .00047169811320754716 8.75556234956303837677 .00923124103240009869 10214 ERR|0+/-0
node-1 node-2 48 44 15 2400 1347 19.47709409064666666666 .11847412771189047032 .002 .44976980860000000000 .14239893720381865486 .00047169811320754716 8.76020888123434231689 .00923124095717334582 10201 ERR|0+/-0
node-1 node-2 48 44 15 2400 1172 19.47721311267333333333 .11870226997292337850 .002 .44972992846000000000 .14212073872255425400 .00047169811320754716 8.75948565976275211934 .00923128906058888018 10206 ERR|0+/-0
node-1 node-2 48 44 15 2400 1122 19.47707440279333333333 .11870754018869793917 .002 .44968380583000000000 .14209574995375726486 .00047169811320754716 8.75852494388218051628 .00923121495511223051 10217 ERR|0+/-0
node-1 node-2 48 44 15 2400 622 19.47720396818666666666 .11867748986807691661 .002 .44931165621333333333 .14201714320365658992 .00047169811320754716 8.75133477335085936359 .00923120329563558306 10197 ERR|0+/-0
node-1 node-2 48 44 15 2400 1097 19.47725664180000000000 .11845803197252725239 .002 .44986525248666666666 .14166598532915013544 .00047169811320754716 8.76214097691096229914 .00923133587023208358 10200 ERR|0+/-0
node-1 node-2 48 44 15 2400 947 19.47701555747333333333 .11840269188548815497 .002 .44957286429000000000 .14196168127754902470 .00047169811320754716 8.75633767199417758195 .00923116571515689669 10226 ERR|0+/-0
node-1 node-2 48 44 15 2400 422 19.47706344948000000000 .11820680318720190670 .002 .45115231943666666666 .14175442107615384353 .00047169811320754716 8.78712235104802571692 .00923149642109509296 10216 ERR|0+/-0
node-1 node-2 48 44 15 2400 1472 19.47723260977333333333 .11836366062036890209 .002 .44981303176000000000 .14231039722981509428 .00047169811320754716 8.76111305049688007306 .00923131440954601816 10214 ERR|0+/-0
node-1 node-2 48 44 15 2400 297 19.47677802569333333333 .11848496891276986240 .002 .44940139820000000000 .14182530499623645914 .00047169811320754716 8.75289127717761952441 .00923102080782737646 10217 ERR|0+/-0
node-1 node-2 48 44 15 2400 197 19.47722422005333333333 .11848230457755851408 .002 .44959241179666666666 .14201328889967979746 .00047169811320754716 8.75681221219822797709 .00923126748091612877 10194 ERR|0+/-0
node-1 node-2 48 44 15 2400 797 19.47695006238000000000 .11856830454998047913 .002 .44978855694333333333 .14218530071131209824 .00047169811320754716 8.76050926221526634872 .00923117699660962410 10214 ERR|0+/-0
node-1 node-2 48 44 15 2400 1247 19.47723706704666666666 .11849392376571586347 .002 .44976932295333333333 .14215637941443512724 .00047169811320754716 8.76026372864714714620 .00923130798326474805 10206 ERR|0+/-0
node-1 node-2 48 44 15 2400 122 19.47720591666666666666 .11844947838321683833 .002 .44976017212666666666 .14208330801849748131 .00047169811320754716 8.76007148562653041597 .00923129157623920250 10192 ERR|0+/-0
node-1 node-2 48 44 15 2400 572 19.47733340116000000000 .11845562569788475677 .002 .44971117318333333333 .14212289436890051427 .00047169811320754716 8.75917445431858761749 .00923134187568243840 10217 ERR|0+/-0
node-1 node-2 48 44 15 2400 872 19.47709104672666666666 .11859367955947877916 .002 .44976106903666666666 .14225171602068800129 .00047169811320754716 8.76003729090027455572 .00923123782495528765 10209 ERR|0+/-0
node-1 node-2 48 44 15 2400 547 19.47719407158000000000 .11854610808809504063 .002 .44970875352666666666 .14216906558144941690 .00047169811320754716 8.75906466812722341730 .00923127599536838948 10214 ERR|0+/-0
node-1 node-2 48 44 15 2400 722 19.47712681696000000000 .11875465444848256675 .002 .44984172049000000000 .14206986318738913943 .00047169811320754716 8.76162423754320371151 .00923127033666331645 10214 ERR|0+/-0
node-1 node-2 48 44 15 2400 997 19.47730868262000000000 .11813650584390423704 .002 .44973813363666666666 .14209617663429864966 .00047169811320754716 8.75968845518676154293 .00923133552521851574 10218 ERR|0+/-0
node-1 node-2 48 44 15 2400 1072 19.47690820292000000000 .11853646060990861452 .002 .44974395379333333333 .14209159498862440800 .00047169811320754716 8.75962170285104745034 .00923114865282427190 10214 ERR|0+/-0
node-1 node-2 48 44 15 2400 472 19.47697293987333333333 .11850584999924894673 .002 .44985209009333333333 .14198088846942914665 .00047169811320754716 8.76175698569331414292 .00923120011996617750 10204 ERR|0+/-0
node-1 node-2 48 44 15 2400 847 19.47681356944666666666 .11857043966081647995 .002 .44965382274666666666 .14227299589636518816 .00047169811320754716 8.75782367642584355688 .00923108666364017080 10194 ERR|0+/-0
node-1 node-2 48 44 15 2400 147 19.47719441380000000000 .11844577382109850165 .002 .44964337624000000000 .14233130178387334777 .00047169811320754716 8.75779145590389964811 .00923126341732191011 10195 ERR|0+/-0
node-1 node-2 48 44 15 2400 1147 19.47712677426666666666 .11850758468572410859 .002 .44985459133000000000 .14179810291981575385 .00047169811320754716 8.76187490532033249377 .00923127282545120155 10210 ERR|0+/-0
node-1 node-2 6 44 15 300 1322 19.47638794788000000000 .11400434743751303837 .002 .41277332784333333333 .13700037026036911532 .00047169811320754716 8.03933346761421736607 .00922399290690168299 1272 ERR|0+/-0
node-1 node-2 6 44 15 300 1372 19.47623570234666666666 .11396430408942002472 .002 .41250626122666666666 .13678895198877842093 .00047169811320754716 8.03406917234434581821 .00922387359126201436 1273 ERR|0+/-0
node-1 node-2 6 44 15 300 672 19.47641709984000000000 .11405352727586764788 .002 .41255331330000000000 .13672250291009663603 .00047169811320754716 8.03506040575176889987 .00922396723054226163 1274 ERR|0+/-0
node-1 node-2 6 44 15 300 1297 19.47626587566000000000 .11408232760191938010 .002 .41242069879666666666 .13681083378671669096 .00047169811320754716 8.03241518238937022482 .00922387246255912463 1272 ERR|0+/-0
node-1 node-2 6 44 15 300 1197 19.47626009620666666666 .11386559509261681977 .002 .41229236178333333333 .13682542687348884419 .00047169811320754716 8.02991327377153748590 .00922384679787964496 1274 ERR|0+/-0
node-1 node-2 6 44 15 300 597 19.47646942930666666666 .11413602264966538626 .002 .41228436602666666666 .13705688621380201639 .00047169811320754716 8.02984385109945340422 .00922394371499059831 1275 ERR|0+/-0
node-1 node-2 6 44 15 300 1222 19.47660877198666666666 .11396985346625621440 .002 .41219701550666666666 .13696546344191073385 .00047169811320754716 8.02820000800386806414 .00922399356397912606 1273 ERR|0+/-0
node-1 node-2 6 44 15 300 397 19.47615911082000000000 .11390315159321434895 .002 .41363777039666666666 .13641094145176782028 .00047169811320754716 8.05607503049031078522 .00922404029570137665 1273 ERR|0+/-0
node-1 node-2 6 44 15 300 272 19.47618068521333333333 .11398752295877964616 .002 .41230491280333333333 .13669768196921463986 .00047169811320754716 8.03012497915884825161 .00922381173393525579 1273 ERR|0+/-0
node-1 node-2 6 44 15 300 747 19.47630827134000000000 .11392970946902568244 .002 .41211735038333333333 .13692247741783282154 .00047169811320754716 8.02652456003363991961 .00922383814667160397 1272 ERR|0+/-0
node-1 node-2 6 44 15 300 372 19.47596156424000000000 .11412048889002784240 .002 .41205981409333333333 .13696903368190513944 .00047169811320754716 8.02526110144963986395 .00922366497758803683 1273 ERR|0+/-0
node-1 node-2 6 44 15 300 172 19.47639199576666666666 .11414858208689332453 .002 .41220727501666666666 .13690306249860107059 .00047169811320754716 8.02831047173139573563 .00922389355419017397 1274 ERR|0+/-0
node-1 node-2 6 44 15 300 1047 19.47634985936666666666 .11377768963743471839 .002 .41209163482666666666 .13695156758866042665 .00047169811320754716 8.02604085400252908874 .00922385308949639548 1275 ERR|0+/-0
node-1 node-2 6 44 15 300 72 19.47631628776666666666 .11377816328166896032 .002 .41363232239666666666 .13666503455473010343 .00047169811320754716 8.05603393784095198821 .00922411315977500462 1273 ERR|0+/-0
node-1 node-2 6 44 15 300 347 19.47633672275333333333 .11413029125678538344 .002 .41225121237333333333 .13699858452586541669 .00047169811320754716 8.02914342654633535346 .00922387544087810847 1274 ERR|0+/-0
node-1 node-2 6 44 15 300 922 19.47649351900000000000 .11402942142283487189 .002 .41218571633666666666 .13659566455765551957 .00047169811320754716 8.02793243285546075526 .00922393739721842431 1272 ERR|0+/-0
node-1 node-2 6 44 15 300 322 19.47629502117333333333 .11402561568187528883 .002 .41217020457333333333 .13694725992323912874 .00047169811320754716 8.02754850320760626476 .00922384136821908380 1272 ERR|0+/-0
node-1 node-2 6 44 15 300 247 19.47645992117333333333 .11399573177210273902 .002 .41216524497333333333 .13685881181173546608 .00047169811320754716 8.02751987462371535616 .00922391795351485279 1272 ERR|0+/-0
node-1 node-2 6 44 15 300 647 19.47636469654000000000 .11399618150381925634 .002 .41215227177333333333 .13684974657724984906 .00047169811320754716 8.02722795556490887426 .00922387089719400723 1275 ERR|0+/-0
node-1 node-2 6 44 15 300 822 19.47634690128666666666 .11401937744371385800 .002 .41223033981333333333 .13705763276823632269 .00047169811320754716 8.02874110143976428249 .00922387649144237349 1273 ERR|0+/-0
node-1 node-2 6 44 15 300 1397 19.47632131852666666666 .11424865921695330919 .002 .41220809954666666666 .13708734887385760513 .00047169811320754716 8.02829739687010640146 .00922386049668833402 1273 ERR|0+/-0
node-1 node-2 6 44 15 300 972 19.47624401597333333333 .11391699902355945853 .002 .41212881844666666666 .13697888076804779203 .00047169811320754716 8.02672143408205197985 .00922381000837820867 1272 ERR|0+/-0
node-1 node-2 6 44 15 300 697 19.47642366127333333333 .11403426001990369034 .002 .41219063548333333333 .13691570753404833287 .00047169811320754716 8.02799944588288494478 .00922390545661329239 1274 ERR|0+/-0
node-1 node-2 6 44 15 300 497 19.47635336408000000000 .11404649122912186871 .002 .41215193269000000000 .13711740572896239284 .00047169811320754716 8.02721668075895522377 .00922386551247700271 1273 ERR|0+/-0
node-1 node-2 6 44 15 300 522 19.47639429574666666666 .11394809573046505821 .002 .41210555892333333333 .13698232924364899537 .00047169811320754716 8.02633035705990115964 .00922387645457926436 1274 ERR|0+/-0
node-1 node-2 6 44 15 300 447 19.47659909888000000000 .11364736916966906497 .002 .41207386271000000000 .13727264001681372464 .00047169811320754716 8.02579742312958683476 .00922396700915252894 1274 ERR|0+/-0
node-1 node-2 6 44 15 300 897 19.47647161731333333333 .11397112996812534138 .002 .41215886154666666666 .13682269939618653862 .00047169811320754716 8.02740036873782916411 .00922392230753720680 1272 ERR|0+/-0
node-1 node-2 6 44 15 300 1022 19.47640526564000000000 .11412383219400151886 .002 .41207913000333333333 .13678295550842204447 .00047169811320754716 8.02582013745727144402 .00922387688533184510 1273 ERR|0+/-0
node-1 node-2 6 44 15 300 1422 19.47624374576000000000 .11398140344087823987 .002 .41366683919333333333 .13646636928329040058 .00047169811320754716 8.05667618966746597675 .00922408527129728782 1273 ERR|0+/-0
node-1 node-2 6 44 15 300 772 19.47648615990666666666 .11404403299107770250 .002 .41219039366666666666 .13677815125155732462 .00047169811320754716 8.02802049749531388312 .00922393477589877312 1272 ERR|0+/-0
node-1 node-2 6 44 15 300 1272 19.47629558318666666666 .11399311615900993567 .002 .41211613470333333333 .13669395665004103300 .00047169811320754716 8.02649565408249236045 .00922383196837256137 1272 ERR|0+/-0
node-1 node-2 6 44 15 300 97 19.47618409666000000000 .11399452953515937604 .002 .41206428883666666666 .13683266588352963906 .00047169811320754716 8.02543994904220010548 .00922377032550601565 1273 ERR|0+/-0
node-1 node-2 6 44 15 300 222 19.47641080475333333333 .11408216064199474369 .002 .41217830780666666666 .13725650882488887532 .00047169811320754716 8.02775404765070786830 .00922389721295935246 1276 ERR|0+/-0
node-1 node-2 6 44 15 300 1447 19.47663849391333333333 .11406327402571013856 .002 .41222584369333333333 .13721813397181565877 .00047169811320754716 8.02877373546347689132 .00922401268085636632 1277 ERR|0+/-0
node-1 node-2 6 44 15 300 1347 19.47631777736666666666 .11398655810049121629 .002 .41209876869000000000 .13705733445008441995 .00047169811320754716 8.02616657466796088398 .00922383929189392479 1272 ERR|0+/-0
node-1 node-2 6 44 15 300 1172 19.47632316133333333333 .11388005189514113063 .002 .41227738611666666666 .13707667079723864069 .00047169811320754716 8.02964760411800064335 .00922387374896940303 1274 ERR|0+/-0
node-1 node-2 6 44 15 300 1122 19.47653202079333333333 .11408836083990217777 .002 .41212938013666666666 .13689155946404101714 .00047169811320754716 8.02685106894149628417 .00922394541659084190 1275 ERR|0+/-0
node-1 node-2 6 44 15 300 622 19.47619870897333333333 .11407910953489552488 .002 .41199136860333333333 .13672766058066993947 .00047169811320754716 8.02402576130039736320 .00922376416108898243 1273 ERR|0+/-0
node-1 node-2 6 44 15 300 1097 19.47629318924000000000 .11426734043610120424 .002 .41218400131666666666 .13725423005379842864 .00047169811320754716 8.02781645755748619236 .00922384297364556071 1274 ERR|0+/-0
node-1 node-2 6 44 15 300 947 19.47632089399333333333 .11404351383778271447 .002 .41203097362666666666 .13677883635183245573 .00047169811320754716 8.02484746061746408228 .00922382864143469926 1272 ERR|0+/-0
node-1 node-2 6 44 15 300 422 19.47635138890000000000 .11398222545438106697 .002 .41219104579333333333 .13673280070022508706 .00047169811320754716 8.02797764722913116896 .00922387157564220751 1272 ERR|0+/-0
node-1 node-2 6 44 15 300 1472 19.47626698404666666666 .11427960125579296096 .002 .41237879673666666666 .13679470041386530899 .00047169811320754716 8.03159954380323228592 .00922386548951389685 1274 ERR|0+/-0
node-1 node-2 6 44 15 300 297 19.47639789370666666666 .11370167664590132164 .002 .41202067184333333333 .13688336082452264921 .00047169811320754716 8.02467854525310303413 .00922386297610961586 1272 ERR|0+/-0
node-1 node-2 6 44 15 300 197 19.47645484839333333333 .11381001689168473640 .002 .41347951559666666666 .13670754075197003645 .00047169811320754716 8.05311511625402538864 .00922415085143680474 1276 ERR|0+/-0
node-1 node-2 6 44 15 300 797 19.47634525594000000000 .11388248883912505193 .002 .41208508323666666666 .13679470294251899661 .00047169811320754716 8.02591135594009285346 .00922384975594885435 1274 ERR|0+/-0
node-1 node-2 6 44 15 300 1247 19.47623356646000000000 .11397786757364965950 .002 .41230112752000000000 .13685715445434015175 .00047169811320754716 8.03007305929432885497 .00922383590123430209 1273 ERR|0+/-0
node-1 node-2 6 44 15 300 122 19.47647868898666666666 .11418866520683324705 .002 .41209544014000000000 .13682860245348743610 .00047169811320754716 8.02616805771529057058 .00922391429514517063 1272 ERR|0+/-0
node-1 node-2 6 44 15 300 572 19.47631825207333333333 .11422694959797301362 .002 .41229748131000000000 .13718168414482944395 .00047169811320754716 8.03003696052181701874 .00922387503540075015 1273 ERR|0+/-0
node-1 node-2 6 44 15 300 872 19.47643760064666666666 .11392463479330862533 .002 .41213100815000000000 .13718120210220252425 .00047169811320754716 8.02684386352507782526 .00922390134793094803 1274 ERR|0+/-0
node-1 node-2 6 44 15 300 547 19.47631188983333333333 .11422079223166765476 .002 .41206565579333333333 .13702594400079095773 .00047169811320754716 8.02551923131966777336 .00922383060848301409 1273 ERR|0+/-0
node-1 node-2 6 44 15 300 722 19.47638018352000000000 .11408488082995295402 .002 .41231267015000000000 .13701386430981115372 .00047169811320754716 8.03035831832367822592 .00922390684712034860 1273 ERR|0+/-0
node-1 node-2 6 44 15 300 997 19.47641000448666666666 .11383554074533153373 .002 .41222108779000000000 .13680405822098358113 .00047169811320754716 8.02858691829353251388 .00922390448403079301 1272 ERR|0+/-0
node-1 node-2 6 44 15 300 1072 19.47627973316000000000 .11390625581220831375 .002 .41205723639666666666 .13676920859314896953 .00047169811320754716 8.02534200213431810645 .00922381399640627239 1273 ERR|0+/-0
node-1 node-2 6 44 15 300 472 19.47612656234666666666 .11427277645544980084 .002 .41207806486000000000 .13711166240184502201 .00047169811320754716 8.02568454478025854046 .00922374575700039230 1271 ERR|0+/-0
node-1 node-2 6 44 15 300 847 19.47624216408000000000 .11416437531361082856 .002 .41205508689666666666 .13704872142327326900 .00047169811320754716 8.02528465734050765120 .00922379596191656821 1272 ERR|0+/-0
node-1 node-2 6 44 15 300 147 19.47641814462000000000 .11428294614162412762 .002 .41210783643000000000 .13679745291778930205 .00047169811320754716 8.02638454298534304450 .00922388806606652453 1273 ERR|0+/-0
node-1 node-2 6 44 15 300 1147 19.47643348723333333333 .11404536021761616392 .002 .41216332344333333333 .13717192343406668539 .00047169811320754716 8.02747155492112092230 .00922390519111874002 1275 ERR|0+/-0
